100
10 10
7 3 7
4 1 5
4 6 2
10 5 8
5 9 2
8 5 2
6 5 1
7 6 1
1 10 8
8 10 4
26 10
20 13 8
3 6 3
10 2 8
21 16 9
10 20 7
22 10 3
18 14 6
8 19 10
12 11 5
4 12 8
4 10
4 3 4
1 4 5
1 3 10
3 4 7
3 4 10
2 1 6
1 2 5
2 3 7
2 1 4
3 1 9
13 10
5 1 3
7 3 2
1 10 6
9 11 5
12 10 8
1 13 3
2 13 2
1 7 10
6 3 6
2 12 9
16 10
11 16 9
7 4 9
3 16 2
9 13 1
8 11 2
1 7 5
1 10 10
16 14 7
14 10 3
15 11 5
25 10
6 4 3
12 10 9
13 6 5
12 20 10
5 17 1
5 22 2
3 2 3
15 25 4
19 4 6
7 19 7
33 10
15 4 7
15 32 2
13 11 6
9 27 7
13 19 8
21 31 7
28 27 4
23 29 1
11 21 4
13 31 5
29 10
2 19 8
27 13 8
6 14 7
20 1 8
26 25 8
29 23 4
18 9 4
1 20 6
29 22 9
9 21 3
29 10
26 24 7
26 23 9
9 19 5
10 20 9
17 29 4
27 11 1
15 14 8
24 28 8
9 29 8
29 11 6
28 10
7 20 3
26 20 3
10 21 1
13 8 1
25 1 1
17 22 8
23 1 1
17 6 8
12 17 3
23 24 4
9 10
4 8 8
6 8 2
8 1 8
9 8 2
5 3 5
3 2 2
3 2 6
2 5 5
7 1 1
8 9 3
7 10
2 5 4
7 3 7
5 4 5
3 6 2
3 6 2
2 1 1
3 1 4
2 1 1
6 1 3
4 3 1
30 10
5 26 4
13 4 7
23 19 5
15 29 4
13 30 7
22 4 10
3 2 8
2 23 2
16 5 3
18 3 7
8 10
7 8 10
8 7 4
5 6 7
2 6 8
4 8 3
4 2 4
2 8 5
8 4 3
8 7 10
6 4 1
37 10
6 2 9
1 8 4
14 11 8
35 13 4
15 22 1
31 9 7
2 7 4
18 15 2
28 34 5
25 30 10
39 10
24 20 5
19 25 4
31 33 7
5 19 10
21 12 4
13 11 2
20 22 4
22 17 6
39 16 1
5 34 5
31 10
22 18 3
19 2 5
18 3 8
16 23 9
8 24 10
16 29 8
22 19 6
26 18 8
1 2 8
19 10 7
10 10
6 4 4
7 2 8
9 5 6
7 8 5
3 2 8
6 9 3
10 2 4
9 4 10
10 9 3
6 1 6
38 10
11 15 3
4 1 1
2 26 9
3 21 4
35 20 2
4 10 7
28 5 3
6 20 5
27 1 2
34 29 6
22 10
9 19 9
9 19 6
1 2 3
11 5 6
19 8 10
9 1 4
4 1 7
22 14 3
13 3 1
10 16 1
19 10
13 3 5
19 15 2
13 1 1
2 7 1
14 17 9
8 3 3
4 19 4
7 16 6
16 7 10
2 3 8
33 10
16 9 3
8 18 5
1 4 7
32 7 8
20 5 9
29 9 3
25 32 6
3 15 4
15 29 8
15 32 10
37 10
3 28 2
33 4 5
31 30 2
1 23 2
10 24 8
26 29 9
2 25 3
14 3 2
8 12 8
8 21 3
26 10
9 1 9
13 21 3
24 5 7
9 3 6
18 16 10
19 15 6
21 12 2
12 16 10
18 4 5
16 21 8
6 10
6 3 3
6 3 5
3 6 4
3 2 10
1 3 4
5 6 1
1 3 9
2 4 9
1 4 6
5 3 2
20 10
15 10 8
16 11 1
10 13 4
20 8 9
11 8 5
16 20 4
9 1 9
8 10 5
8 9 1
10 11 6
27 10
11 18 3
18 12 9
16 20 5
3 27 8
11 4 2
7 8 10
10 12 5
6 1 9
24 17 6
9 10 3
6 10
2 4 4
4 3 10
2 4 3
6 2 10
1 6 9
4 3 8
2 3 1
1 6 10
6 4 4
4 1 6
28 10
23 21 4
7 15 7
8 21 4
2 5 2
2 20 1
12 1 8
16 12 9
17 8 10
27 25 9
16 23 1
2 10
1 2 8
2 1 7
2 1 5
1 2 2
2 1 2
1 2 6
2 1 9
2 1 6
1 2 9
1 2 1
3 10
2 1 9
1 3 9
1 2 4
1 3 3
3 2 8
2 1 8
2 3 4
2 3 2
3 2 2
3 2 6
38 10
20 19 1
9 27 8
16 15 10
25 30 5
22 14 2
33 34 6
28 37 8
36 1 4
4 33 3
7 10 1
2 10
2 1 7
1 2 5
1 2 6
2 1 7
2 1 2
2 1 1
2 1 3
2 1 6
2 1 2
2 1 7
24 10
14 22 2
11 4 4
3 22 10
8 6 10
9 20 10
14 3 7
10 19 1
3 11 6
12 4 1
12 21 8
25 10
17 21 9
24 6 4
2 14 4
14 15 10
7 23 7
23 14 5
7 4 5
14 19 4
4 11 6
9 15 6
35 10
6 16 5
5 26 8
17 6 1
23 34 7
24 13 2
6 8 9
7 10 9
19 14 10
10 14 9
23 20 2
34 10
22 14 8
8 11 4
29 10 3
31 26 1
22 5 8
1 2 4
17 33 2
25 9 6
20 3 2
5 18 2
19 10
17 19 8
7 17 4
6 14 7
18 7 9
10 14 7
4 11 2
12 16 3
14 18 8
15 17 7
12 7 5
35 10
27 13 7
11 28 10
28 32 1
15 21 2
12 19 7
4 11 4
5 23 2
14 15 5
14 32 6
17 24 1
22 10
5 9 1
22 11 8
18 9 8
5 18 6
11 1 7
3 1 7
17 14 7
13 4 6
8 17 10
16 13 9
20 10
13 14 4
12 16 8
5 16 6
15 6 2
16 6 6
8 6 3
1 15 4
6 1 7
9 2 5
18 10 3
13 10
6 10 4
2 9 7
11 4 1
10 7 1
3 9 10
7 8 6
7 11 3
6 5 4
13 1 3
9 6 7
6 10
1 2 6
5 3 10
6 3 9
1 6 5
1 6 5
5 2 3
6 4 2
6 4 2
6 4 1
3 4 9
18 10
3 12 6
16 8 8
9 7 4
8 12 4
2 5 1
5 2 7
17 7 9
5 6 2
11 13 5
8 15 10
21 10
19 8 3
12 20 7
16 6 2
4 7 9
13 21 1
9 12 1
21 1 8
5 12 1
21 4 1
17 7 4
17 10
3 8 9
14 3 4
7 1 7
17 13 9
13 3 10
15 4 9
14 7 10
2 3 1
7 1 3
13 2 3
31 10
5 13 9
24 27 1
15 23 6
1 2 2
22 9 3
14 10 2
7 14 5
10 1 2
24 3 2
20 22 5
29 10
16 21 7
26 12 3
12 2 9
19 18 9
17 26 4
3 11 8
22 4 8
2 3 3
10 6 1
22 7 10
32 10
1 4 8
29 3 7
17 29 3
24 19 4
17 27 9
6 30 9
24 14 7
23 13 6
28 1 6
2 9 10
21 10
5 15 8
9 14 7
15 6 2
3 5 7
1 14 7
20 5 7
16 11 7
11 7 3
6 2 8
5 3 2
40 10
33 28 10
8 38 9
23 37 3
40 12 5
40 9 1
17 31 4
24 9 1
21 32 7
16 7 4
9 22 6
27 10
14 5 2
18 7 10
10 8 5
9 27 9
3 4 10
18 3 3
13 1 2
12 27 9
7 8 7
2 11 5
25 10
11 14 3
13 4 3
9 19 5
8 15 10
20 12 9
24 22 3
11 19 7
10 21 8
16 18 8
14 11 1
39 10
30 35 5
35 13 3
13 14 3
20 10 8
18 26 10
18 7 4
37 20 5
21 12 9
35 10 10
22 2 5
27 10
24 3 7
5 7 9
4 26 8
6 2 1
9 22 8
26 19 10
23 15 9
22 25 6
16 1 10
12 6 10
18 10
5 3 6
10 12 10
3 15 10
3 9 10
16 15 4
7 9 1
7 16 4
1 11 9
3 12 9
11 12 3
40 10
12 33 8
32 27 2
28 16 10
25 33 5
11 29 6
35 8 10
3 27 3
11 21 1
27 30 9
8 10 3
8 10
5 6 9
7 1 2
4 6 8
2 6 1
1 2 4
2 6 1
7 2 7
7 1 10
1 5 1
2 1 9
14 10
12 11 4
3 10 3
11 4 5
4 2 9
10 3 2
7 14 2
13 9 4
11 2 9
8 1 1
1 14 10
21 10
10 15 7
19 13 9
8 7 3
3 11 2
3 7 10
3 14 9
1 10 9
4 17 5
13 18 5
4 15 7
6 10
3 2 7
1 2 6
1 2 1
5 4 3
4 3 5
5 3 2
2 6 1
3 4 4
1 4 6
5 3 1
15 10
12 14 4
8 4 8
6 14 3
2 11 1
2 8 9
3 14 10
8 4 5
4 9 6
5 6 10
3 14 10
39 10
33 2 6
10 25 4
4 32 9
1 35 6
18 23 9
31 13 1
31 3 1
33 8 3
2 39 5
27 39 9
14 10
12 10 2
7 4 1
12 7 6
2 7 1
8 2 7
9 5 1
14 13 2
6 3 4
4 3 2
3 7 10
22 10
3 16 10
20 6 9
15 3 1
12 3 1
13 3 10
5 9 1
2 7 1
21 15 6
5 12 6
14 16 8
31 10
22 25 4
6 18 3
19 14 10
25 17 3
12 8 9
1 9 5
23 15 10
30 17 2
19 22 2
18 8 9
8 10
6 1 10
3 5 3
8 1 5
7 3 9
3 1 2
8 6 3
5 3 7
6 4 9
2 8 10
4 5 1
24 10
9 5 1
22 7 2
21 20 9
19 17 7
14 22 1
2 8 7
22 18 4
8 7 4
19 17 9
6 17 3
27 10
2 13 9
2 4 2
10 27 7
18 15 4
18 5 5
15 26 10
22 16 1
20 10 5
7 25 4
11 27 5
21 10
4 17 8
4 1 2
15 11 4
2 20 2
9 11 7
1 12 4
6 2 5
21 15 9
11 9 9
9 6 2
31 10
31 3 4
20 14 2
16 1 4
21 17 5
23 19 7
24 15 2
11 30 3
6 10 7
9 27 4
22 31 1
26 10
23 22 8
19 26 10
9 17 1
6 11 5
23 18 9
2 7 1
9 8 4
26 16 4
26 8 7
15 9 1
12 10
2 11 10
5 3 8
8 2 10
9 7 5
8 9 10
11 5 7
9 6 5
4 6 8
3 6 5
6 3 7
10 10
9 1 3
3 10 6
4 9 3
10 9 9
10 7 7
1 4 2
1 2 9
5 2 7
10 1 10
7 5 5
5 10
3 1 5
4 2 1
4 3 2
4 5 8
5 2 5
2 5 3
3 5 1
1 5 9
2 3 10
1 2 2
16 10
8 1 4
1 8 3
16 2 4
4 2 3
6 13 9
13 3 9
7 11 4
5 15 10
16 13 6
6 5 7
7 10
7 5 4
6 2 3
2 5 9
7 5 1
2 1 9
5 3 1
4 6 2
2 6 10
5 4 5
1 5 7
10 10
8 4 7
4 10 6
4 5 6
5 3 8
7 9 9
7 6 7
8 7 7
2 9 2
1 9 1
5 10 5
18 10
2 17 9
17 13 1
13 15 9
6 17 8
8 2 9
8 3 1
10 12 3
13 4 4
4 14 3
10 15 3
12 10
8 5 4
4 6 7
7 5 3
5 8 4
12 10 6
4 8 3
9 10 3
4 2 10
11 9 9
6 12 7
34 10
22 13 5
3 15 6
6 5 4
11 7 3
16 25 8
6 22 9
12 14 4
9 5 1
19 16 2
34 22 6
39 10
21 15 6
8 12 1
32 20 2
39 20 10
8 10 5
25 1 2
16 6 7
27 19 10
5 2 5
17 29 10
30 10
3 30 1
7 1 2
3 9 3
10 13 7
29 5 2
16 23 7
25 16 8
20 30 10
23 15 3
3 6 8
9 10
9 6 1
6 4 4
7 9 8
3 7 6
8 6 6
9 2 10
1 8 6
7 1 3
6 1 9
5 6 3
23 10
2 10 5
3 23 10
11 23 7
12 4 9
23 17 7
19 13 7
8 14 2
15 14 7
16 4 6
20 4 6
7 10
6 1 6
4 6 2
4 3 2
2 7 2
7 4 7
1 3 4
5 6 6
1 5 4
5 1 2
7 6 8
40 10
30 32 2
37 4 3
20 11 4
37 15 7
23 37 2
30 8 7
27 37 7
4 20 4
33 29 8
1 22 4
3 10
3 2 9
2 1 2
1 2 7
2 3 1
3 2 8
3 2 4
2 1 5
2 3 2
2 3 4
3 1 2
27 10
13 2 1
24 5 4
23 6 5
20 5 2
11 22 3
21 25 8
3 20 8
16 7 3
17 9 2
5 12 1
25 10
21 7 4
6 23 7
4 1 4
1 8 7
22 11 2
25 8 7
21 25 1
15 10 6
15 16 6
9 19 3
5 10
3 1 4
5 4 6
5 2 4
2 1 2
1 3 8
1 3 8
4 5 5
3 4 7
5 3 10
4 3 10
38 10
1 8 10
18 33 9
30 37 4
11 5 9
34 10 3
12 24 5
28 27 5
24 22 2
24 11 9
32 4 5
15 10
5 2 10
7 6 1
14 12 4
4 1 4
15 5 1
5 12 1
3 6 4
8 9 8
2 10 1
2 5 4
36 10
10 28 8
21 9 4
7 4 8
15 26 7
3 8 4
4 17 10
20 33 10
35 3 10
20 34 1
9 20 3
20 10
16 20 10
5 10 3
18 8 10
9 18 4
7 13 3
20 3 2
4 8 8
13 11 6
15 19 10
7 15 4
2 10
2 1 10
1 2 1
2 1 8
1 2 8
1 2 7
1 2 3
1 2 5
1 2 8
2 1 7
1 2 6
2 10
1 2 9
2 1 4
1 2 7
2 1 2
1 2 4
2 1 5
1 2 10
2 1 4
2 1 2
2 1 3
30 10
13 1 1
17 24 1
26 15 10
23 13 9
26 2 8
27 25 3
18 23 1
21 7 4
21 11 2
21 11 5
35 10
17 9 4
6 22 9
9 6 4
22 17 10
35 24 7
18 1 3
8 7 10
4 8 7
7 31 5
18 2 10
29 10
25 15 3
5 29 1
18 14 6
11 18 1
27 16 2
11 10 1
1 13 2
17 27 7
2 4 8
15 10 5
