100
46 10
39 11 1
36 34 7
30 31 8
23 24 10
42 1 9
10 25 7
16 13 3
10 26 9
46 34 9
33 18 4
31 10
23 17 7
16 26 6
29 26 1
24 25 6
20 29 1
19 10 7
11 19 2
20 27 2
17 15 3
2 14 3
25 10
9 23 2
3 7 1
16 13 4
20 8 5
10 19 2
6 22 1
12 4 1
25 13 4
24 23 1
2 7 8
21 10
2 1 10
4 20 5
5 20 2
16 21 8
11 18 5
2 18 1
5 1 8
16 3 4
7 21 4
15 8 7
36 10
20 22 10
30 15 3
35 7 5
32 5 4
33 30 3
16 11 2
21 3 6
25 11 1
33 29 10
22 6 1
50 10
13 41 6
15 24 5
41 4 7
42 39 9
22 24 2
7 46 5
17 12 6
18 20 3
46 44 9
21 14 5
72 10
50 19 3
57 24 10
6 55 3
31 52 4
4 38 10
45 21 4
50 10 9
35 50 1
56 31 5
10 51 8
56 10
47 38 6
8 19 2
21 48 9
41 54 4
8 19 8
23 48 7
37 21 10
39 25 7
17 40 10
42 20 6
22 10
21 13 10
18 17 8
9 21 4
13 15 8
17 5 5
7 16 5
22 1 3
15 20 4
12 9 9
6 7 9
96 10
29 18 4
87 91 6
84 11 7
78 96 7
29 58 2
77 16 6
53 24 2
15 25 1
72 76 3
25 46 5
65 10
29 62 8
48 52 9
49 19 3
54 47 4
60 39 3
14 30 1
39 56 2
59 62 9
12 54 7
47 48 7
24 10
23 7 7
6 2 8
7 15 5
7 18 1
21 22 5
15 9 7
11 5 2
13 23 6
22 4 10
11 22 10
77 10
77 4 2
46 63 10
68 52 3
69 22 7
72 76 2
42 34 4
26 73 5
71 3 9
6 10 10
56 18 1
17 10
5 17 8
3 4 10
7 3 4
17 4 4
2 5 8
2 3 7
12 1 3
9 12 3
5 6 6
13 17 1
77 10
68 42 10
16 20 2
62 65 6
7 71 2
17 35 6
69 59 1
65 23 2
62 45 6
56 3 1
67 57 3
3 10
3 2 5
1 3 3
3 1 10
3 1 4
3 1 2
2 3 8
3 2 6
2 1 7
2 3 1
1 2 7
49 10
26 17 5
5 1 2
42 15 2
23 26 7
49 6 1
2 9 1
49 18 5
44 1 2
3 34 2
17 36 3
8 10
3 7 5
4 1 9
4 5 7
1 7 9
6 1 4
4 3 4
8 7 1
6 7 2
4 5 7
6 8 1
49 10
5 3 1
36 8 7
27 1 10
17 35 10
1 49 7
42 20 2
13 24 2
26 46 2
48 3 9
20 10 2
62 10
55 25 9
5 6 8
20 17 6
20 46 1
28 48 9
18 7 6
52 12 2
58 14 2
42 15 7
16 54 10
51 10
32 44 7
18 47 9
31 11 6
47 15 8
11 1 3
20 47 2
48 32 8
44 17 3
9 28 6
6 38 6
21 10
12 10 4
8 5 3
21 7 10
21 6 9
10 6 4
18 4 8
17 4 5
2 17 2
15 17 7
10 19 5
48 10
16 11 9
33 1 9
39 29 3
32 45 8
1 16 2
46 20 1
21 24 2
45 3 4
27 26 5
20 31 5
91 10
35 67 5
19 50 3
15 38 9
34 21 4
9 14 4
70 88 2
79 59 6
1 36 5
12 49 2
12 13 9
26 10
7 11 10
17 14 6
11 7 5
8 25 4
2 20 5
10 4 5
26 10 4
23 16 3
14 18 5
6 26 6
77 10
11 67 7
40 17 8
12 19 6
27 65 10
70 48 10
64 70 5
15 73 1
30 45 6
62 65 7
23 62 6
37 10
19 23 10
16 13 6
18 33 7
17 9 2
7 32 3
37 34 4
35 29 6
21 13 4
26 20 9
2 18 6
71 10
40 66 9
47 20 5
48 12 2
65 2 9
10 29 6
49 18 7
12 68 3
4 34 3
46 12 4
56 43 7
89 10
58 59 3
84 6 6
13 33 7
70 51 3
52 3 4
64 46 3
70 82 9
52 34 7
9 40 6
38 63 8
22 10
16 11 3
4 15 5
19 22 4
7 13 3
12 19 5
21 13 7
1 11 1
17 22 7
11 22 10
17 18 9
40 10
31 13 9
2 23 1
28 3 7
18 5 7
23 22 2
2 26 7
18 7 10
37 38 10
9 30 7
23 21 1
45 10
33 15 3
28 6 7
30 28 9
2 34 5
13 29 1
1 33 8
28 10 10
21 2 8
5 45 1
20 43 9
76 10
16 22 1
15 21 8
22 37 3
58 59 2
21 76 6
22 45 2
1 30 1
4 26 5
51 67 3
48 60 3
99 10
75 58 10
19 29 6
14 33 10
38 40 2
11 91 2
90 18 9
54 89 3
87 32 2
42 36 7
91 55 4
19 10
17 12 8
12 15 7
7 8 5
16 3 7
13 10 6
7 12 3
10 16 8
13 12 1
8 12 4
16 7 10
81 10
1 54 8
22 27 5
34 11 2
58 7 8
38 35 6
45 8 5
79 26 2
63 51 5
57 43 4
57 52 8
100 10
23 57 9
62 69 8
72 82 6
43 49 4
59 1 7
27 1 7
54 11 10
23 77 7
51 92 1
29 97 3
14 10
8 13 7
6 7 3
8 2 8
11 13 5
2 13 10
4 10 9
14 4 2
9 7 1
10 4 8
13 9 1
45 10
18 36 9
11 2 4
43 29 6
12 28 9
40 32 10
33 39 7
26 43 2
37 11 4
29 42 10
31 23 2
62 10
33 28 8
58 17 8
56 23 2
16 48 3
56 30 6
41 43 5
35 13 4
31 44 4
38 30 8
39 25 8
39 10
7 39 1
22 31 2
17 26 6
1 31 10
7 6 3
4 22 1
23 24 8
12 19 6
19 28 3
5 15 9
75 10
56 22 3
11 73 8
5 74 10
3 70 4
63 50 6
32 5 3
52 17 2
3 57 10
38 25 7
7 45 9
10 10
10 4 4
10 9 2
8 7 5
5 9 3
10 1 1
9 3 4
7 2 8
10 9 5
7 10 1
8 6 4
86 10
66 4 3
38 77 2
27 56 4
10 79 3
52 57 2
55 63 5
17 35 2
19 74 10
24 54 9
34 51 2
92 10
61 77 9
1 12 7
28 50 2
9 56 6
66 21 2
85 42 4
22 44 7
12 64 5
18 54 10
79 16 10
13 10
2 12 2
10 7 9
3 10 1
12 5 2
13 1 6
12 1 6
11 3 1
9 7 7
1 12 5
7 8 8
93 10
34 74 3
49 11 1
42 89 1
80 61 4
91 63 1
78 9 5
47 7 2
53 49 1
43 49 7
38 46 5
13 10
4 5 3
9 10 4
11 3 8
8 12 8
1 9 10
7 9 5
3 13 3
9 6 10
5 7 6
7 10 10
86 10
22 41 10
35 65 7
34 82 10
80 84 6
69 8 10
62 39 5
68 38 5
43 50 3
7 59 5
7 86 6
45 10
5 8 5
44 28 5
4 34 10
24 38 6
7 33 8
30 39 6
14 41 5
35 20 2
20 19 4
27 3 8
80 10
62 51 5
36 73 7
15 37 7
14 64 7
30 63 2
75 55 9
37 10 8
65 67 3
8 22 10
31 59 2
93 10
24 11 9
34 84 6
20 74 9
32 22 4
25 46 6
86 66 8
13 43 5
90 70 5
68 23 3
73 57 7
6 10
5 2 8
6 4 8
3 1 9
1 5 6
2 4 2
5 6 1
3 2 4
6 1 6
1 3 2
2 4 9
69 10
63 38 8
60 17 3
61 21 5
31 24 3
42 37 10
5 21 2
8 41 5
45 13 10
63 56 2
48 13 8
52 10
23 26 2
36 50 1
21 38 7
45 38 3
28 20 9
9 46 2
39 32 9
3 36 5
16 20 8
48 18 4
34 10
7 33 7
15 10 5
18 29 2
34 28 4
22 1 5
15 20 2
10 14 10
14 31 8
10 19 6
3 15 2
13 10
13 5 5
4 2 5
8 2 4
13 5 2
6 9 4
9 12 2
9 10 7
7 3 6
4 7 8
5 1 8
71 10
31 18 4
25 6 4
48 10 9
16 32 3
7 15 3
12 50 6
71 7 3
27 10 10
9 32 9
57 40 10
55 10
51 42 3
50 40 8
39 51 3
55 9 3
22 17 9
50 23 6
49 26 5
25 45 1
23 19 5
19 29 6
41 10
37 33 1
23 21 3
2 16 2
34 28 7
6 7 9
16 35 9
38 2 10
1 40 2
14 3 6
32 13 6
82 10
5 34 2
3 71 1
69 26 6
81 1 10
7 56 5
69 34 7
47 10 2
35 61 8
15 16 7
70 1 5
48 10
9 42 2
28 48 5
18 48 6
33 44 7
17 34 3
40 34 6
26 22 1
32 24 7
47 40 9
48 12 10
28 10
13 18 9
28 19 3
3 14 4
25 11 4
27 8 7
13 5 7
26 11 1
26 10 8
18 9 1
25 1 4
5 10
3 1 10
1 5 4
4 2 3
3 2 2
1 3 8
2 3 5
4 2 9
5 4 4
5 4 4
3 5 4
89 10
59 41 2
73 38 8
22 17 2
89 15 9
12 51 4
50 24 9
24 7 2
11 75 10
55 82 6
76 49 4
81 10
27 41 10
9 28 1
78 55 4
13 62 7
61 54 7
5 79 8
54 72 3
22 38 5
40 46 6
38 59 9
50 10
41 45 3
35 8 1
3 38 10
5 44 2
22 29 10
45 39 9
49 23 8
21 38 10
46 28 6
15 47 1
50 10
25 34 2
50 35 4
4 22 2
10 20 9
33 27 9
27 50 9
48 37 4
47 16 8
3 17 9
13 30 2
6 10
6 5 6
5 2 6
1 5 3
3 6 1
3 4 2
5 4 5
1 3 4
1 6 3
5 3 1
1 2 7
72 10
46 41 5
20 51 3
41 54 7
68 23 10
43 35 8
67 10 10
31 41 7
44 14 3
49 55 4
12 40 3
61 10
35 19 7
57 20 4
50 48 2
55 44 9
13 60 2
30 26 7
17 51 2
43 26 7
19 60 9
31 54 2
62 10
22 29 4
29 26 1
52 25 1
20 11 4
47 18 4
55 13 3
1 9 3
56 37 10
36 35 9
56 7 4
7 10
4 5 3
2 6 1
4 6 1
4 7 3
2 3 3
3 1 4
4 1 5
6 2 10
7 1 10
1 3 9
47 10
13 38 1
42 37 10
28 38 8
37 47 1
5 12 6
4 38 8
2 40 7
30 32 10
4 47 2
43 26 2
34 10
27 14 7
32 14 10
19 7 3
1 15 8
9 33 5
34 23 8
7 26 4
27 14 9
3 7 6
7 30 7
53 10
37 2 6
37 29 6
14 35 4
45 12 7
2 22 8
24 3 5
6 53 4
34 13 7
3 36 6
8 50 2
10 10
6 10 8
5 9 1
10 2 2
9 5 1
2 5 1
3 6 10
3 1 10
8 10 10
6 10 4
4 1 9
38 10
35 38 1
29 35 2
20 31 7
22 5 1
17 6 2
17 24 3
23 17 5
9 1 3
10 1 5
23 29 8
50 10
41 12 9
36 7 1
15 12 3
43 40 5
18 9 9
37 6 8
41 36 9
22 39 10
2 15 5
12 11 2
92 10
48 23 5
19 64 6
37 48 6
8 64 2
44 11 1
56 38 5
38 33 2
19 81 3
18 84 6
46 55 6
30 10
11 16 5
15 10 1
21 17 1
14 29 3
15 9 6
27 20 6
21 19 9
4 13 7
27 9 7
26 12 4
33 10
14 28 2
11 9 5
21 10 7
11 29 3
14 32 4
14 8 1
19 13 2
16 33 5
8 13 3
16 18 9
86 10
2 77 7
3 26 3
24 38 4
55 61 1
41 78 6
10 6 3
65 21 5
26 28 10
42 62 5
67 31 6
92 10
18 50 9
58 90 5
66 2 9
90 86 1
38 85 7
74 16 2
62 59 10
92 6 2
46 29 9
64 28 2
70 10
11 27 4
11 43 10
46 31 6
1 26 10
24 42 10
36 26 4
44 5 8
14 17 10
12 63 8
69 51 8
81 10
40 53 2
27 32 7
62 26 4
21 23 6
56 34 10
65 67 8
41 39 5
18 24 3
12 78 1
10 50 2
22 10
18 12 9
16 20 5
16 12 2
15 13 5
11 20 7
15 6 9
19 22 9
14 11 5
13 2 2
5 7 7
31 10
2 24 6
8 12 2
2 10 5
30 6 3
6 21 10
17 18 9
12 19 1
25 4 6
31 13 2
1 8 1
88 10
73 37 2
54 63 2
62 32 6
81 28 1
73 55 5
18 50 1
70 16 1
75 25 1
74 48 2
78 32 3
43 10
22 19 4
31 8 8
17 38 2
32 38 3
6 1 1
22 20 3
36 13 2
12 42 7
4 39 6
30 35 5
17 10
13 16 1
1 17 4
12 3 6
15 9 7
11 14 9
10 4 10
13 2 6
5 9 3
2 14 9
11 8 10
76 10
28 73 6
74 72 6
25 10 6
30 61 8
76 20 3
71 48 3
56 70 7
9 34 3
66 6 2
72 25 10
69 10
45 33 10
25 55 7
69 55 5
44 6 6
45 23 8
45 6 2
33 27 3
58 53 6
54 16 2
40 44 2
33 10
19 21 7
3 29 5
11 14 3
13 8 8
29 33 9
31 26 8
25 12 6
31 3 9
10 3 4
33 8 2
44 10
30 42 3
35 22 3
2 43 9
20 3 3
39 2 1
31 19 7
41 23 2
24 8 2
11 23 8
11 41 8
92 10
63 79 9
10 40 3
7 57 3
29 7 6
65 86 9
64 5 10
90 33 10
34 31 4
81 3 4
50 10 6
40 10
37 27 1
5 26 6
9 26 9
4 13 4
22 12 6
13 9 8
35 39 10
30 36 5
30 28 4
36 6 10
3 10
3 1 8
3 1 9
2 1 6
2 1 8
1 2 3
2 3 7
1 3 3
2 3 10
2 3 10
1 2 10
78 10
45 37 3
16 59 1
58 14 5
22 54 10
41 5 2
73 2 3
26 19 6
40 58 2
40 7 5
17 27 5
12 10
9 10 8
7 2 10
2 9 10
2 1 9
2 10 1
8 9 8
2 9 6
12 8 9
10 9 2
1 11 10
