100
840 10
433 438 5
53 450 7
713 64 4
593 191 1
66 399 5
696 256 10
397 626 6
393 586 7
647 348 1
126 95 5
4 10
1 2 2
3 1 8
4 3 5
3 1 7
4 3 4
2 1 4
3 4 5
2 1 6
2 1 1
4 1 6
632 10
325 489 1
511 35 6
236 151 3
573 151 7
564 538 10
39 402 1
539 298 7
279 498 8
562 583 10
537 148 4
280 10
186 99 4
240 280 8
137 221 6
269 72 7
58 200 1
264 109 8
63 42 6
235 200 10
222 79 10
114 190 3
44 10
26 43 6
42 33 4
31 3 5
24 15 10
6 38 6
23 32 3
2 36 2
31 34 3
37 4 4
10 26 5
920 10
78 519 1
744 23 9
647 675 2
22 812 7
622 604 7
675 843 4
318 716 6
115 808 7
25 466 9
209 717 5
108 10
40 51 2
78 67 8
11 22 3
3 74 6
5 102 10
17 32 4
18 46 5
83 103 3
40 59 5
64 84 9
400 10
359 100 7
328 262 8
327 60 4
281 141 9
62 93 3
159 41 8
147 287 8
44 324 7
329 147 10
161 324 5
570 10
108 200 9
134 561 10
52 162 9
4 118 3
24 546 5
391 304 4
329 436 7
45 183 5
372 64 9
330 458 2
586 10
93 420 8
353 168 6
105 249 4
39 285 3
69 432 2
324 224 6
323 91 1
214 41 10
142 136 3
164 212 10
911 10
736 856 6
624 557 9
563 83 10
286 567 5
80 542 9
311 387 9
406 746 2
305 816 6
523 777 6
213 788 1
348 10
148 234 8
303 49 8
184 192 8
248 77 8
253 19 5
19 237 1
143 335 5
230 32 5
160 96 9
243 44 2
903 10
665 327 7
822 220 4
403 416 7
311 181 4
5 150 9
307 49 2
561 845 9
244 823 6
870 79 10
667 740 9
844 10
45 815 6
153 62 8
720 641 2
549 168 2
637 150 5
261 454 7
44 13 8
112 423 8
599 563 10
435 763 4
818 10
676 677 6
652 638 9
130 773 9
267 113 6
579 685 5
236 677 2
176 729 9
411 430 2
135 296 7
78 16 9
997 10
852 877 9
972 904 5
69 14 2
31 395 3
714 182 6
450 593 9
720 51 10
399 298 2
338 750 7
107 382 6
826 10
166 742 3
435 768 7
786 633 9
728 287 4
362 65 4
163 36 3
615 804 9
175 333 6
486 194 6
191 519 6
659 10
222 233 1
170 326 7
101 229 5
429 107 2
401 597 2
8 87 6
295 562 7
177 252 6
513 168 6
94 321 5
561 10
308 153 1
367 70 1
551 124 9
62 112 8
400 193 4
105 228 9
7 370 2
498 176 6
83 397 5
102 161 3
486 10
98 262 9
283 331 3
463 362 8
73 103 1
263 226 8
84 92 5
310 61 10
193 248 8
272 349 4
294 10 5
89 10
25 68 6
23 64 7
25 63 9
84 79 9
64 60 3
78 49 8
55 54 8
88 29 3
26 29 4
37 48 9
354 10
215 211 1
249 327 7
141 123 4
309 36 2
188 150 4
22 302 5
125 138 4
61 241 6
117 48 9
14 132 5
165 10
25 115 1
124 90 1
152 51 7
48 62 6
28 23 5
82 48 2
126 85 5
81 92 1
88 108 9
52 91 4
323 10
151 52 3
105 40 6
11 172 6
225 163 9
266 133 10
269 141 2
254 147 6
272 9 8
210 105 8
4 220 4
461 10
163 358 10
454 364 8
252 59 6
48 419 6
104 345 7
246 12 3
451 197 9
314 436 6
461 232 8
117 40 1
664 10
564 38 3
60 119 7
593 572 7
398 339 4
60 643 4
141 246 10
349 659 9
261 609 4
529 463 7
51 177 2
305 10
4 246 10
126 37 2
229 43 6
72 184 8
172 234 5
41 208 9
15 301 6
113 176 10
275 3 6
46 190 7
697 10
260 66 4
356 85 5
42 499 1
59 306 8
571 76 10
36 352 10
61 497 4
650 306 3
438 638 1
642 442 6
203 10
194 153 4
18 196 9
115 131 5
173 126 10
54 47 10
122 86 5
203 21 5
137 125 2
1 12 6
14 7 7
799 10
494 574 3
346 15 5
507 692 3
166 540 5
44 17 3
191 734 5
482 44 8
5 495 7
690 546 9
384 335 4
849 10
135 714 10
433 425 3
288 123 6
624 281 6
723 215 1
739 126 10
462 38 2
607 345 5
681 400 3
259 622 6
220 10
133 209 8
156 149 3
68 164 9
91 8 1
113 212 5
186 116 4
110 144 7
7 154 4
144 148 2
189 138 4
968 10
661 857 8
162 357 9
480 667 2
140 218 4
285 35 2
108 933 7
295 234 5
215 69 4
265 98 5
275 45 3
985 10
365 68 5
30 151 3
412 830 1
784 669 3
368 419 1
64 331 10
960 461 3
54 933 8
391 666 6
85 348 6
262 10
88 120 2
150 226 9
19 133 9
161 3 1
27 61 6
89 118 3
167 35 1
160 241 7
77 246 6
259 150 10
811 10
331 183 5
702 338 9
171 68 4
365 614 2
161 757 1
133 444 3
48 316 4
519 559 10
473 570 2
768 437 2
171 10
77 166 9
69 48 10
73 58 7
54 24 3
105 69 9
154 164 3
81 149 2
159 49 2
70 158 3
165 5 8
3 10
2 3 5
2 3 5
1 3 5
1 2 5
1 2 10
3 2 10
3 2 4
3 1 2
3 2 3
1 2 1
535 10
12 226 9
238 442 4
484 308 6
151 294 7
82 469 3
493 311 1
515 432 9
274 162 2
431 354 1
192 329 9
353 10
326 125 8
271 184 7
172 5 7
346 325 9
319 55 8
169 188 3
322 226 2
269 347 8
30 347 3
227 223 5
521 10
37 355 7
195 300 6
400 333 7
290 181 2
132 267 7
95 390 6
453 239 2
26 148 10
285 171 7
282 28 5
356 10
127 168 10
278 127 8
201 222 6
309 92 6
202 113 6
197 289 9
243 39 7
307 330 7
128 308 10
312 272 8
47 10
6 11 8
36 6 4
3 1 9
14 12 8
13 30 8
40 28 6
14 17 3
31 18 8
42 40 7
32 43 7
208 10
163 33 6
27 197 6
18 53 10
68 169 3
135 65 2
191 27 6
75 134 2
17 118 5
115 59 3
171 94 5
63 10
53 56 5
3 4 5
42 19 8
41 25 3
42 51 5
18 49 5
26 30 3
18 29 3
8 35 1
62 41 5
448 10
262 359 3
119 323 7
221 286 6
264 167 5
393 128 7
231 298 9
84 418 2
12 20 2
24 390 1
375 433 1
395 10
267 87 3
302 363 6
383 289 5
21 180 2
28 9 2
324 110 6
78 102 9
214 102 9
311 188 2
66 291 5
391 10
311 154 9
119 274 3
288 259 5
33 241 6
351 160 6
241 367 1
321 104 10
112 88 9
382 272 9
242 131 6
120 10
90 57 1
30 118 9
32 65 3
94 103 5
26 50 1
21 113 2
119 79 4
69 96 9
40 89 8
114 109 8
586 10
25 37 3
114 546 5
323 159 8
541 414 9
233 128 9
121 146 2
112 262 3
3 232 8
370 520 3
97 573 1
927 10
794 867 6
753 627 8
755 192 3
877 417 4
927 59 6
844 745 4
213 548 5
911 428 5
469 845 3
340 223 9
693 10
641 208 9
108 98 9
53 255 6
637 493 2
425 192 6
122 685 5
340 474 2
194 223 9
390 145 8
403 149 9
186 10
101 109 1
92 150 2
113 134 10
177 112 5
23 32 9
4 52 2
2 4 5
9 68 1
186 32 1
119 62 2
568 10
540 369 1
473 489 8
365 523 6
356 174 4
389 362 4
236 282 2
244 164 7
517 273 4
391 481 5
281 520 6
392 10
120 37 2
123 42 2
224 358 9
112 6 10
271 319 9
129 372 3
105 351 5
216 318 4
213 194 2
252 36 8
757 10
75 502 1
229 683 3
349 425 9
115 134 4
212 20 9
717 50 6
709 676 6
404 636 6
556 268 2
488 326 9
109 10
17 4 8
14 85 4
66 63 7
79 106 7
32 66 2
10 74 5
14 52 10
9 37 9
63 94 7
49 84 3
680 10
514 371 8
16 544 6
615 496 7
355 612 4
290 532 8
456 511 5
234 619 6
38 453 6
248 530 3
629 537 3
31 10
22 10 8
5 27 2
4 2 10
4 26 10
21 16 8
17 21 8
2 11 3
13 4 3
1 12 6
19 18 2
885 10
419 595 9
405 246 1
96 862 2
14 557 3
871 462 8
863 198 7
516 79 1
321 511 3
15 164 3
91 386 5
124 10
71 76 10
44 23 7
19 36 6
71 66 5
124 68 9
105 29 9
99 49 4
119 61 6
44 75 8
75 80 8
100 10
46 72 1
31 99 7
8 23 5
65 5 3
90 50 5
7 83 8
67 59 6
20 36 3
91 70 6
65 67 3
512 10
66 108 10
125 349 3
489 428 7
129 209 1
237 159 2
450 5 3
27 433 2
453 451 1
444 321 8
400 77 9
214 10
13 139 8
193 209 1
8 30 10
54 88 5
28 152 4
191 108 1
78 65 8
72 20 10
15 80 3
138 189 6
688 10
214 293 9
327 346 4
327 161 2
586 577 8
247 21 5
497 289 4
491 243 5
630 367 2
244 45 1
236 48 9
552 10
85 6 1
374 472 1
296 172 2
209 338 6
420 10 4
99 57 6
5 294 4
182 38 10
319 287 4
283 396 8
353 10
86 211 7
116 29 7
176 308 4
260 292 8
125 1 3
325 287 10
235 121 4
6 288 3
93 267 9
2 292 5
978 10
392 92 2
728 452 6
764 295 6
486 106 3
665 236 4
385 437 3
624 336 10
623 280 9
348 19 3
392 536 8
346 10
112 324 3
199 187 8
223 194 7
45 156 1
173 176 1
97 68 4
261 315 8
26 17 5
118 225 8
182 305 9
869 10
432 380 6
456 652 10
530 568 8
475 478 10
83 424 5
695 554 6
484 208 5
113 56 5
296 277 1
822 654 2
965 10
559 689 1
536 871 10
433 449 6
146 767 1
692 964 2
268 19 2
335 881 7
748 134 4
869 285 6
893 321 5
244 10
41 83 7
6 103 9
156 179 1
164 237 4
215 32 10
239 16 4
145 45 9
58 163 3
117 61 7
56 174 2
360 10
187 236 10
62 359 6
111 103 6
223 71 1
195 89 10
36 323 4
326 79 8
107 88 4
79 194 5
237 295 9
789 10
21 138 3
688 209 5
553 430 7
273 762 4
632 554 10
671 311 2
745 58 9
301 295 9
169 210 2
406 480 4
696 10
253 344 5
684 468 10
203 588 4
184 522 4
531 46 1
439 495 4
135 512 7
17 304 3
314 244 3
528 149 1
775 10
74 754 3
743 273 4
340 128 8
744 424 4
698 175 7
383 540 9
468 357 1
132 705 5
457 768 3
94 104 10
91 10
63 79 8
22 58 1
36 70 7
10 37 1
77 82 5
30 36 3
45 49 8
69 2 5
76 27 1
12 2 1
344 10
122 125 5
28 177 8
76 101 3
316 238 4
28 81 9
139 89 8
67 109 6
2 285 10
293 20 4
257 40 10
181 10
170 4 6
27 74 1
59 51 1
141 64 2
119 37 8
18 147 1
14 18 1
2 169 6
144 111 10
96 77 10
960 10
176 49 9
373 723 6
66 7 10
826 210 6
68 634 6
424 693 7
324 748 5
625 727 6
77 619 5
556 713 9
330 10
158 84 3
282 297 9
41 280 8
280 311 8
259 288 9
172 38 3
64 165 10
195 253 2
204 222 4
15 264 7
101 10
87 69 3
87 16 3
44 37 7
33 59 5
23 79 9
93 71 9
31 47 3
96 75 10
38 21 1
85 91 9
968 10
519 676 10
832 699 5
127 763 10
173 422 3
705 924 4
263 950 7
800 204 9
594 195 9
299 624 9
722 302 6
534 10
148 120 4
27 166 2
252 35 5
451 315 5
383 441 10
105 19 4
110 138 10
388 502 1
505 475 4
444 122 2
86 10
10 11 1
57 12 3
13 56 5
54 57 9
76 80 7
12 31 7
48 52 5
15 7 5
42 31 10
8 54 2
781 10
433 620 4
77 377 3
160 618 10
507 94 9
750 313 9
144 218 9
25 454 10
31 489 1
140 651 4
27 674 8
248 10
181 191 5
218 104 3
212 120 2
53 248 5
95 179 6
125 146 8
210 186 2
92 211 5
185 2 4
203 88 8
400 10
117 35 10
8 193 1
107 372 8
324 179 6
385 123 7
343 254 7
291 360 10
150 228 4
330 366 9
210 74 9
585 10
481 452 7
15 194 7
272 467 1
269 333 4
314 441 10
368 535 10
306 249 3
219 50 2
235 216 8
425 188 6
135 10
51 109 3
62 4 3
23 36 9
38 89 8
105 61 5
40 32 8
19 118 1
96 56 2
113 40 7
42 54 10
5 10
3 2 2
3 2 3
5 2 2
1 4 10
4 2 9
4 1 9
4 3 4
5 2 10
4 1 1
1 5 5
892 10
689 70 2
569 49 2
472 670 6
227 828 3
585 831 7
284 36 5
205 382 6
467 472 7
544 125 10
625 310 3
457 10
24 240 1
232 107 8
230 121 4
400 98 6
42 247 5
59 213 9
354 346 3
147 9 5
32 28 10
339 96 7
315 10
165 250 7
308 260 7
130 35 4
235 27 3
64 224 1
297 114 1
34 130 2
44 305 10
119 230 2
240 154 6
220 10
61 33 7
199 183 2
150 16 9
100 119 3
148 197 2
133 73 8
78 166 7
178 39 1
119 46 3
109 103 1
478 10
173 32 10
123 52 7
193 179 9
231 274 10
43 471 8
32 401 10
379 126 4
462 290 3
140 100 3
75 161 4
934 10
727 706 3
117 829 6
772 570 6
637 718 2
327 751 1
913 56 3
114 668 9
251 433 6
648 806 7
240 834 10
895 10
895 124 5
442 117 10
561 413 9
106 483 6
707 156 7
549 498 9
874 865 4
174 594 2
828 429 1
434 756 5
338 10
77 167 5
212 137 4
323 174 1
165 197 5
273 163 1
234 208 5
293 146 1
95 120 2
234 66 10
314 258 8
155 10
27 83 9
154 106 8
48 94 5
125 124 10
55 85 9
83 119 3
131 85 1
35 114 10
27 22 9
91 27 5
