10
100000 10
48066 84896 9
18311 82184 8
84655 30821 1
36070 31518 7
14190 21304 2
55988 42683 2
96673 8843 8
26938 14251 8
84151 37910 8
40658 15176 1
100000 10
91095 69008 6
94116 39990 5
38781 53045 3
88169 31658 4
2404 47923 7
84450 69407 9
17293 89350 9
19737 64378 4
99219 83594 4
56595 50941 10
100000 10
76801 78416 5
56594 6110 10
73459 56168 8
91362 59875 9
90915 83008 2
57294 34837 9
60954 93778 5
31368 96356 10
55442 6944 1
32293 21481 10
100000 10
47948 27764 10
40147 68000 3
78959 82096 6
33201 18544 6
75445 7578 10
9388 12151 6
69580 80543 3
68661 5219 5
64982 16699 6
260 22435 4
100000 10
27934 3649 8
91175 34689 4
69500 90683 9
40839 67502 8
13579 49378 7
31527 98585 5
59981 6312 3
28745 85395 9
91315 66077 3
50721 28342 9
100000 10
81702 19736 10
45815 19854 10
60923 89666 10
76613 16342 6
41356 48704 7
48109 8870 5
57410 29406 1
60440 6821 6
95392 28472 2
67677 46173 10
100000 10
3904 14136 3
86344 91805 5
7248 33161 8
94351 28835 1
49476 10267 9
74460 86914 3
93539 65402 9
37203 56615 4
74556 49850 10
67614 71585 3
100000 10
90844 2021 1
72182 1983 5
9238 89159 4
84175 78333 3
70345 47564 5
19875 13661 5
93044 5641 7
27377 36525 6
81140 75360 9
48194 19956 3
100000 10
82060 45135 5
40328 38402 9
95781 66830 2
86353 24242 7
24390 39504 4
17628 78366 4
14269 3692 4
39618 76916 5
14170 21865 1
64370 505 5
100000 10
73370 9466 10
51736 86608 7
29651 77753 2
85370 84503 1
74126 69198 2
65686 8136 1
6893 98707 1
93270 15315 1
35751 66376 9
8154 22706 1
