993694
960466
971633
995052
988659
995578
995578
928021
969543
993426
988312
979745
988659
957307
966275
971633
979745
892974
960710
972581
988312
988659
979276
740659
975946
974351
977425
992472
997869
676744
991777
988659
966702
968002
992770
991219
999536
975945
981380
986863
995578
991777
925247
971633
994504
951116
976383
991897
991897
993694
946537
988102
925247
983924
991219
984357
981380
993694
994504
976383
971633
979745
965588
991777
991950
995954
983924
973403
991777
971224
829823
995578
999537
977425
976763
957378
976383
990408
946537
942045
983924
943379
999537
874103
992472
984357
976383
979678
991777
991777
986863
966702
966275
993426
980777
995052
995578
986863
943379
853044
914068
972581
991219
988312
979745
981741
992472
970926
995578
995052
993426
992472
977425
994503
999537
993694
983924
984832
995578
975946
971618
983924
960710
952591
598829
976763
993426
702691
966702
983924
991777
974352
990061
976383
960710
965591
991219
991777
981380
999537
979745
975946
995578
977425
965185
925247
991897
972206
865470
991219
970926
924966
983924
994504
868950
979276
991897
929802
966077
919251
979745
993426
990408
995578
834114
992472
893831
977067
957378
960466
968002
991897
960710
979678
930528
994504
988659
979276
975946
712334
984357
983924
991219
843724
927621
957378
995954
991219
717977
974352
993426
934207
990061
977425
884731
969766
986863
991219
999537
513388
999537
990318
920473
991219
997868
990408
993426
984357
979678
914654
990408
923285
993426
992471
991897
965588
979678
984357
995578
957378
990318
995954
992472
988102
991219
993426
946537
971633
990408
988659
957657
966702
991950
960710
992472
954965
988312
906694
993426
685156
984357
979276
928564
986863
952591
674182
984357
979276
927059
979745
990408
957632
258097
993694
960466
943379
954391
991219
931357
703331
978817
979745
976383
991897
975946
966702
972207
966077
912237
979745
990318
993694
975946
945175
977425
990318
595495
995954
999537
687477
984357
867154
966702
979745
995954
993694
976383
971633
960710
979745
992769
994504
972581
992472
860530
999537
991897
680755
977067
955793
992472
915131
970926
988659
873462
994504
972207
977067
995578
967469
972580
977067
986836
994504
995578
999537
965185
994504
928567
979678
979276
979276
993426
979276
966702
990061
985262
924965
976383
991897
988102
979276
896520
991777
929640
995578
929640
937956
979745
992472
966077
993426
995954
965185
977067
977425
991219
367059
911368
995954
993426
993694
995578
983924
992472
367394
995052
927126
991219
966702
970926
920004
906693
979745
928567
970926
799560
940214
966275
960466
975946
976763
952591
979745
979745
990318
986836
995954
892963
999537
965185
488201
990408
972581
834281
984357
991777
992472
980777
583759
990061
971633
984357
976763
988312
992472
988659
994504
990061
885167
984357
838014
991897
939122
965590
872039
971618
946537
976763
991897
993694
994504
979678
993426
906369
960710
983924
990318
892963
993426
979276
971618
955293
988659
979745
979745
994504
995578
977425
971633
999537
960710
973403
977067
983924
983924
995051
991897
990318
862355
995578
995954
976383
977067
979275
969543
947595
965588
991219
999537
975946
990318
991950
946537
995052
972581
939122
995954
979745
995954
988102
399717
991219
988312
979276
966275
943857
986863
950401
749854
990408
960710
991777
991777
995052
988102
898611
979745
990061
991897
965605
983924
959237
971618
977067
976763
979276
991950
984357
999537
995052
603027
966275
977067
983924
516021
992472
970926
990318
981380
995954
184305
990318
979745
976763
976383
885167
957378
952591
999537
979745
852495
815684
983924
697341
995954
817160
883555
976383
944374
995578
993426
651240
971633
919251
593847
957632
974351
972581
976763
892963
933266
957658
984357
991218
986386
981380
995052
979745
983924
919251
995954
992770
970926
983924
994504
979276
992472
988659
990318
995578
990318
995578
992769
969543
992472
986863
950401
957700
976763
990408
957699
990061
979745
991950
988102
990408
925247
990061
999537
966077
988659
979276
970926
914625
988102
995578
960710
977425
991219
979276
993426
799359
990061
976763
994504
992472
909986
990061
979745
988659
983924
970926
993426
991219
915129
970926
995578
988312
979678
975946
993694
972581
976763
983924
931357
991777
995578
970926
988312
993426
965185
983924
974352
954965
992472
979745
975946
991897
966702
827047
976763
975946
988659
995052
990408
992472
973403
991219
928566
988659
992472
939122
993426
991777
976383
992472
976763
977067
966077
931356
966077
990061
979276
995954
991897
885167
995578
993694
991897
969543
974352
971633
923285
960710
642911
909986
896520
991897
986863
885167
851734
980777
885167
979276
976763
991219
994504
999537
985262
937676
993426
966077
925246
991950
990408
991897
920004
838014
979745
970926
995954
992770
995954
993694
983924
994504
923285
965185
979745
991219
999537
993694
994504
977067
972581
993694
990408
972581
648227
991219
899183
877578
892963
976762
984357
957378
965588
939122
966702
991219
890480
991897
971618
957658
997869
965604
993694
999537
969543
995578
980777
970926
988659
979276
975946
916320
991219
976383
976763
960710
976383
988312
971224
993694
967440
991897
991950
960710
983924
991897
990061
992472
158922
888632
976763
991219
993694
976383
946521
965185
979745
984357
986863
977067
621966
866242
972936
993426
885167
968002
976763
844293
988102
995954
973402
979276
920004
976383
937956
976763
991897
130217
991897
983924
979276
988659
994504
985262
449634
975946
994503
995052
928567
903063
991777
993694
960710
928567
966077
971618
991219
994504
993694
992472
965185
994504
972207
990408
942045
999537
995954
975946
994504
980777
967441
986863
993694
966077
988312
999536
126135
990061
906694
992472
971633
849883
993694
993694
991950
970704
959237
999537
990318
975946
986863
966275
995578
976383
925247
991897
991219
966701
995052
976763
976383
999536
991777
976763
995052
977425
927621
976763
914626
979276
977425
990061
976763
993694
800464
995954
979276
986836
991219
972581
966702
988312
966702
972935
992770
995578
598828
991219
959237
993694
927126
952591
885167
975946
990061
976763
971633
967873
995954
981380
977425
994504
999537
991777
995954
874103
951116
979745
995953
986863
851734
985262
988312
992472
992770
988659
977067
928567
585336
976383
994503
983924
974352
995578
983924
957632
966275
937676
991777
994504
994504
927621
894253
976763
988659
973403
995578
985262
993694
971618
988659
986386
970926
966702
992472
925247
988659
979745
979276
990408
979276
106486
983924
928021
991219
950400
960710
979745
965605
991219
976763
906369
927126
995578
130217
986835
977067
994504
995577
976383
880615
929640
960709
930528
992472
992472
984357
994504
960466
971633
995052
986386
990061
976763
960710
992472
929802
988102
988659
976383
995954
990061
993694
960466
988659
991897
966077
838013
923285
990408
990061
976763
975946
954391
991776
992770
992472
970926
914912
983924
928567
988659
995953
991219
977424
983924
946521
997868
993694
975946
991897
874103
988102
991950
976383
995578
999537
999537
991219
736997
925247
992770
985262
757976
975946
990408
960710
981380
983924
974352
978816
995578
965185
892963
977425
966077
986863
991896
971618
990061
975946
977067
983924
993426
995954
990318
976763
992770
990318
960710
971618
977067
977067
838014
994504
824864
888631
966076
925247
990408
991897
966702
990061
988312
988659
976763
992472
925247
993426
946537
994504
991219
994503
995052
971633
993694
993426
966077
979744
988659
990318
853043
990061
991219
999537
990408
971633
995578
993426
991897
970926
991219
995578
946537
979276
992472
991897
976763
985262
970926
995954
990318
993425
993694
978817
986386
993426
990318
979276
990060
988659
976763
972580
983924
957657
979745
971633
923285
966702
961845
993426
990318
999537
990408
990061
877578
993694
984357
984357
956360
927621
990061
971618
957632
991219
979276
971618
992472
991950
984357
923285
975946
984357
967469
991777
995578
979678
965604
988658
211391
843725
986863
702691
521232
991950
977425
925247
990061
952591
988658
999537
979678
993694
993694
976383
977067
967469
748736
979745
923285
976763
990408
960466
903714
976763
994504
955792
991219
965185
993426
873071
988659
999537
995578
984357
975946
991949
979276
991897
991219
983924
992770
885167
927621
991219
966077
976763
971633
995954
504482
992472
960466
991777
984357
928566
798094
990408
821821
939122
950401
928564
923285
951116
995954
686853
980777
925247
992770
994504
991897
983924
990061
990408
899183
817161
995052
991777
918483
991897
992472
988659
959237
990408
991950
992472
975946
999537
924966
990061
970926
899183
959237
984357
924966
977425
991897
993694
991219
916321
991777
946521
995052
957632
991897
975946
999537
971618
971633
979276
972581
985262
983924
984357
991219
906694
990061
988659
993694
966077
991777
990061
974352
991897
970926
984357
939122
979678
979276
988659
883084
995052
977425
990408
985261
991218
688697
988659
999537
945368
991897
929639
866242
983924
952591
822428
994504
985262
883555
923285
899183
983924
984357
988659
983923
984357
990061
911368
977067
977425
985262
977425
976383
988659
995954
977425
979276
872039
971632
976382
937309
971633
909986
995052
994504
969766
993694
976763
999536
892963
966077
999537
988659
909986
966077
874103
995052
960466
985262
970926
969542
993694
974352
991219
995578
986386
910359
967469
994504
992770
765786
986863
892974
966076
994503
968002
994504
991777
970926
979745
988312
925247
991897
988102
632284
386800
716913
990408
994504
986836
892471
988659
990318
999537
981741
985262
995052
988102
993694
906694
994504
976383
997868
988659
988659
988659
994503
965606
985262
990061
993694
991777
994504
869122
991777
990318
979745
972581
130217
991777
986863
111990
991897
991897
899183
995052
957700
991219
977425
946537
991950
995578
990317
976763
975946
971633
977067
988659
972581
971224
995052
965604
994504
960710
971633
940214
995052
990318
979275
866241
983924
991897
991897
979745
946521
991777
993694
995052
971633
990061
995954
990408
975946
946537
977425
946536
972581
993426
979745
993694
880192
988659
497461
986863
991219
994504
990408
991219
988659
938372
995954
738700
992472
995954
995052
937956
988659
999537
937031
883554
977425
971617
966077
979745
981379
992472
990408
992472
994503
986863
999537
993425
991777
988312
983924
983924
983924
976763
991897
995954
985262
995953
986863
985262
994504
939121
993693
993694
990061
993426
994504
978817
969543
960710
993426
957700
979276
979745
988659
986386
993694
995578
979745
979678
995052
992472
990408
959237
972581
991897
995052
988659
993694
976763
994504
983924
793555
983924
995954
598829
849155
990061
960466
892963
925247
970704
988312
991777
974352
975946
886373
979276
991777
984357
99663
971633
856291
990061
967441
990061
917129
983924
990061
967469
972581
990061
995052
993694
923285
999537
992472
995954
970926
990061
990408
984357
993426
696721
975945
972581
966077
955793
999537
988659
991897
966077
970926
960466
937031
993694
944455
937956
970926
994504
995052
993426
995578
995578
928567
995578
978817
990408
992770
993694
971633
966702
885167
990061
972207
971618
925247
918483
999537
976763
992472
995578
793555
892963
947687
959237
979678
990061
988102
990061
983924
988312
906884
976383
979745
909986
960710
954940
988659
970704
968002
995954
979276
892963
957378
994504
928021
999537
995578
975946
986386
975946
813759
909986
975946
977067
991897
995954
988102
663136
979276
985262
977425
971632
988102
986386
993694
986863
960466
976763
990408
969543
992472
990318
988312
990318
991219
986863
988102
990061
925247
988658
925247
990318
988312
995578
984832
999537
988659
988659
990408
927059
936295
993426
972581
860530
979276
990408
927621
977067
990317
990408
992472
995052
971632
999537
966077
991219
977067
993426
995052
976763
945367
976763
971618
954391
26679
995954
831829
974352
991219
974352
971618
991897
979276
676744
972581
976383
909986
980777
979276
991897
995578
976763
995052
995052
990061
984357
990318
972581
919251
994504
879545
976383
995052
349139
966077
925247
877579
992472
992769
957632
986385
979745
906369
829280
965606
979745
970926
990318
976763
966077
976383
983924
990061
984832
984357
960710
959237
976763
993694
957700
980777
984357
966275
966077
991219
967873
988659
993694
983924
918714
954965
972581
983924
994504
748737
975946
995052
993694
960466
937956
988312
957658
991949
990408
990408
984357
997869
960465
634075
977425
990061
990318
976383
984357
970926
924965
999537
976763
914654
937031
598829
999537
852150
561963
973403
965185
992472
979745
979745
954965
995953
979678
993426
991950
988312
800464
971633
966077
990061
991219
995052
990061
999537
892963
995954
984357
992472
874103
991950
832779
999536
970926
965606
995954
386927
994504
827046
984357
977066
991777
990061
937031
965606
966077
992770
975946
942045
966077
995954
617478
985262
955293
971224
965874
995954
995052
966077
955792
993694
971618
946536
873071
988659
966702
766939
995954
991897
997869
988102
990317
977425
906369
986863
691567
973403
794974
991777
999537
988659
691568
995954
988312
863454
909986
829280
995578
990318
867823
928564
984357
991777
877579
898609
960710
825046
966077
995954
979276
999537
994504
932218
939122
960466
986386
991219
995578
971633
966702
925247
995954
991219
988102
990061
983924
960710
979745
883554
960466
976763
991777
988312
991950
992770
990061
991950
965591
928021
994504
992472
995052
984357
991950
995954
990408
975945
955792
977425
853175
960466
874103
999537
960710
930527
838014
977425
991219
946537
988312
993694
979678
965588
984357
990408
995052
975946
968002
986863
883555
991777
992770
997869
862196
974352
988659
925247
980777
984357
994504
991777
977425
991219
991219
992770
580723
977067
880400
977425
925247
979678
928567
979276
979678
967469
971618
991897
937956
994504
990061
990408
979276
966275
985262
995052
985262
992472
284123
969543
999537
995578
966702
886373
994504
999537
923285
966275
960710
976763
966702
872557
991219
954965
914068
983924
885167
993426
994504
995578
991777
983924
436090
