1000007
999987
999976
999956
999968
999958
999981
999968
999987
999949
999999
999999
999985
1000006
1000007
999932
999985
999980
999961
999999
999998
1000007
1000007
1000007
999954
999987
1000006
1000007
999927
999975
999969
999974
999980
1000007
999981
999986
999956
999972
999927
1000007
999900
1000007
999967
999920
999967
1000007
999999
999950
999986
1000006
1000007
999941
999996
999995
999997
999945
1000005
999996
999954
999986
1000000
999998
999975
999985
999983
999985
999983
1000007
1000007
999986
999955
999940
999998
999957
999996
999986
999968
999975
1000000
999939
999986
999979
999980
999929
999988
1000007
1000007
999951
999986
999985
999955
1000007
999937
1000007
1000004
999972
1000007
999974
999998
999998
1000000
1000004
999985
999965
999987
1000007
999951
999997
999990
999974
999987
1000007
999990
999982
999994
999947
999998
999984
999986
999995
999972
999998
999957
999957
1000007
999914
999995
999930
999961
999950
1000007
999974
999941
999947
1000006
999992
999941
999943
999956
999941
1000007
999996
999972
1000007
999998
1000004
999998
1000006
999998
1000007
999984
999937
999956
999956
999997
999946
1000007
999996
999989
999968
999954
999976
999985
1000007
999933
1000006
999997
999969
999971
999969
999997
999951
999998
999979
1000007
1000007
999972
999946
999984
1000006
999972
999927
999957
999967
999979
999980
1000007
999968
999980
999986
999957
1000007
1000004
999968
999985
999972
1000007
999947
999982
999982
999935
999994
999924
999932
999998
999983
999982
999946
999998
999972
999978
999951
999980
999948
999990
999984
999994
1000004
999984
999989
999977
999972
999958
999996
999968
999998
1000007
999958
999946
999948
1000007
1000007
999958
999983
1000006
999968
999972
999978
999988
999970
999998
999946
999945
999940
1000007
999999
999950
999971
999953
999984
999989
999945
999985
999995
999967
999990
1000007
999955
999958
1000007
999984
999898
999977
999907
999985
999984
1000007
999971
999995
999933
1000007
999957
1000007
999986
1000007
999975
999999
999989
1000004
999968
999972
1000005
1000005
999985
999923
1000006
999961
1000001
1000005
999997
1000004
999953
999997
999987
999969
999984
999924
999985
999998
999988
999973
999953
999984
1000007
999990
999980
1000005
999938
999997
999997
1000007
999952
1000001
999981
999948
999968
999996
999974
999985
999970
999983
999957
999971
1000007
999988
999984
999982
999980
999947
999938
999977
999986
999957
1000007
999985
999991
999960
999991
1000007
999954
999988
999998
999976
999941
1000004
999985
999972
999948
1000005
999972
999984
999967
1000007
999945
999979
999984
1000003
999951
1000006
999983
999969
999990
1000007
999980
999972
999956
999992
999972
999980
999975
999982
999911
999998
999958
999972
1000006
999920
999961
999961
999957
999906
999984
1000007
1000006
999941
999985
999984
999958
999985
999997
999989
999979
999949
999971
1000006
999950
999987
1000007
1000005
999970
999985
999973
999984
999957
999987
999972
999996
999988
999983
999945
999899
999982
999998
999966
999998
999997
999979
999968
999938
1000002
999936
1000007
999998
999951
999983
999977
999983
999941
1000007
999953
1000006
999976
999972
999987
999926
999955
999998
999998
999913
999960
999973
999916
999990
999983
999956
999955
999956
999995
1000007
999920
999947
999971
1000007
999990
999996
999985
999957
1000007
999983
999969
999976
999974
999985
1000006
999994
999959
999948
999958
1000006
1000003
1000007
999989
1000007
999953
999908
999996
999971
1000006
999958
1000000
999954
999977
999997
999990
999999
999993
999922
999972
1000007
999978
999967
1000007
1000007
999982
1000006
1000007
999984
999951
999974
999951
999952
999989
999998
999980
1000005
999999
999955
1000006
1000007
999998
999973
999990
999999
999987
999972
999972
1000006
999972
999963
999998
1000007
999954
999997
999963
999995
999972
999938
999930
1000001
999997
1000006
999982
999956
999970
1000006
1000000
999970
999972
999921
999991
999972
999963
1000005
999996
1000006
999967
999979
1000007
1000003
1000007
999984
999995
1000007
999916
999997
1000007
999986
999955
1000007
999984
999980
999968
999969
999972
999985
999972
1000007
999953
1000007
999984
999972
999971
1000005
999989
999973
999954
999998
999998
1000007
1000007
999972
999939
999998
1000007
999986
999997
999991
999972
999939
1000007
999997
999980
999967
999956
1000006
999953
999956
999968
999951
999955
999971
1000007
999997
999998
1000007
1000006
999968
999971
999971
999984
1000005
999985
999997
999944
1000006
999936
999996
999915
999949
999956
999978
999956
999997
999977
999933
999976
999985
999986
1000004
1000006
999986
1000007
999987
999986
1000007
999971
999957
999949
999946
999924
1000007
999998
999986
999985
999983
999950
999986
999984
999996
999974
999986
999989
1000007
999975
1000007
999938
999972
1000006
999984
999980
1000007
999991
999983
1000007
999980
1000007
999972
999949
999972
999975
999949
999987
1000005
1000007
999983
1000007
999979
1000007
999967
999961
999992
999993
1000007
999951
1000007
999956
999952
1000007
999969
999951
999955
999957
999998
999972
999985
999982
999985
999983
1000006
1000007
999972
999951
999946
999982
999970
1000007
999957
1000007
999972
999899
1000006
1000007
999998
999955
999974
999957
999997
999968
999986
999958
999983
1000005
1000007
999998
999969
1000005
999962
1000007
1000007
999908
999974
1000007
1000007
999996
999980
1000006
999974
999964
999977
999999
999950
1000007
999972
999927
999982
999984
999998
999983
999958
999983
999997
1000007
999973
999908
1000000
1000003
999958
999912
999960
999957
999978
999977
999968
999954
999961
999999
999997
999929
999976
1000006
1000002
999997
1000005
1000007
1000007
1000007
999977
1000007
999963
999954
1000007
999941
1000007
999977
999998
999960
1000006
999997
999904
999967
999972
999989
999985
1000007
999974
999941
999975
999960
999962
999922
1000007
999961
1000007
999997
999985
1000007
999965
999975
999984
999970
999899
999957
999977
999981
999975
999946
999996
999981
999956
999985
1000007
999979
999987
999982
999968
999950
999972
999984
999958
1000004
999985
1000007
999984
1000006
1000007
999983
999964
999957
1000007
999945
999930
999986
999971
1000005
999997
999933
999998
999985
1000007
999983
999977
999956
1000004
999984
1000007
1000006
999955
1000007
999975
999957
999988
999987
999951
999985
999956
999919
999987
999979
999982
999972
999980
1000006
999955
999947
999914
999970
1000007
1000007
999950
999998
999985
999961
999971
999982
1000007
999974
1000000
1000007
1000007
999940
999918
999951
999909
999982
999972
999951
999955
999981
999949
999997
999998
999921
999941
999986
999979
999968
999998
999998
1000007
999985
999998
999972
999957
999998
999987
999983
999985
1000005
1000007
999932
1000007
999979
999998
1000007
1000005
1000007
999984
999978
999979
1000006
999980
999997
999968
999989
1000006
999977
999903
999924
999998
999940
999998
999972
999984
999985
999985
999919
999973
999986
1000007
999945
999905
1000007
999976
999970
1000005
999971
999961
999956
999995
1000007
1000007
999969
1000007
999949
999955
999979
999970
999980
999955
1000007
999985
1000006
999983
999957
999947
999980
999985
1000004
999998
999924
999956
999975
999997
999986
1000007
999998
999975
999951
999990
999967
999959
1000007
1000006
999926
999985
999985
999976
1000003
999995
999938
999974
999968
1000006
1000007
1000006
1000007
999936
1000007
999956
999967
1000005
999972
1000007
1000007
999941
999984
999972
999997
999995
999990
999981
999997
999971
999950
999971
999944
1000007
999987
999985
1000007
999956
999945
1000007
1000007
999998
999946
999980
999987
1000006
999953
999972
999980
999985
999972
999990
999984
999998
999921
999998
999983
999992
999969
1000007
999957
999989
999982
999985
999974
999984
999997
999944
1000007
1000007
1000007
999946
999987
999940
999970
1000001
999983
999961
999985
999998
999954
999999
999998
999998
999947
1000007
999998
1000007
999967
999956
999969
999984
999997
999997
1000007
999951
999997
999985
999957
1000001
1000007
1000007
999934
1000007
999982
1000007
999980
999969
999989
1000007
1000007
999977
999951
999996
1000007
999968
999997
999971
1000007
1000005
999989
999969
999964
999957
1000007
999958
999969
999985
999914
999989
1000007
999969
1000006
999912
999929
999961
1000000
999961
999990
1000007
999998
999985
999984
999958
999944
999958
999986
1000007
999984
1000007
999949
999985
999972
999976
999970
1000005
999986
1000000
999981
999984
999957
999977
999931
999986
1000007
999996
999998
999987
1000001
1000007
999997
1000007
999994
1000007
999986
999999
1000001
1000007
999984
1000007
999972
999991
999979
999972
999955
999984
999992
999998
999979
999976
999933
999898
999984
1000007
1000006
999986
999971
999936
999902
999985
999972
999986
999968
1000003
999995
999984
999956
999971
999998
1000005
999981
999970
1000006
999989
999981
999957
999986
1000003
999985
999962
1000007
999999
1000007
1000005
999985
999968
1000001
1000005
1000007
1000005
1000007
1000007
999970
1000005
999968
999988
999969
1000007
999958
999986
1000007
999998
999968
999941
999972
1000007
1000007
999970
999996
999983
999975
999991
999974
999948
999950
1000007
999985
1000007
999984
999984
999982
1000007
1000007
999996
999956
999989
1000007
1000007
1000003
1000007
1000007
999952
1000007
999968
1000007
999997
999997
999955
999955
999984
999955
999961
999950
1000007
1000002
999969
999990
1000007
999939
999998
999972
999957
999996
999984
999998
999998
999970
999905
999997
999997
999938
999987
999960
999997
999966
999978
999941
999984
999998
999989
999968
999989
1000006
999959
1000007
999971
1000007
999979
1000006
999936
1000007
1000006
999941
999972
999973
1000007
999980
999969
999991
1000006
999998
999998
999985
999985
999985
999980
1000007
999997
999984
999940
999950
1000007
999949
999996
999961
999901
1000007
1000007
999984
999967
999995
999918
999986
999937
1000006
999995
999983
999988
1000005
999957
999980
1000000
999987
1000003
1000004
999987
999985
1000005
999959
999999
999998
999984
1000005
1000007
999906
999987
999999
1000001
999998
1000007
999958
999985
999979
1000005
1000007
999972
999956
999979
999972
999982
999977
1000007
999919
999999
999972
1000007
999955
999965
1000007
999982
999969
999989
999972
1000007
999996
1000007
999955
999983
999997
999951
999948
999996
999969
1000007
1000007
999912
999970
1000007
999984
999955
999998
1000007
999985
1000007
999996
999981
999967
999955
999985
999958
999960
999972
999967
1000007
999951
999989
999985
999961
999971
999969
1000003
999970
999957
999984
999998
999984
1000007
1000003
999978
1000007
999956
999993
999980
1000007
999986
999974
999977
999990
999972
999975
999999
999958
999985
1000005
1000005
999990
999957
999985
999998
1000007
999985
999989
999925
999955
1000006
999986
999967
1000007
999905
999952
1000005
1000007
999980
999994
999985
999985
999977
999959
1000005
999950
999958
1000007
1000007
999999
999946
1000007
999985
999995
1000007
1000006
999985
999971
999996
999994
999975
999998
999998
999985
1000007
999951
999997
1000007
999986
999968
999984
999958
999987
1000000
999999
999989
999990
999971
999990
999973
1000000
999954
1000003
999920
999994
1000003
999989
999967
999999
999997
1000007
1000005
1000003
999996
999982
999936
1000007
1000007
999982
999937
1000007
999969
999982
999981
999956
1000005
999979
999940
1000005
1000007
999970
999968
999951
1000007
999978
999972
999985
999991
999958
999998
999983
1000007
999960
999996
999921
999912
999990
999995
999997
999999
999994
999992
999979
999946
999954
999998
999957
999970
999950
999972
999904
999998
999979
999995
999996
999970
999976
1000007
1000002
999972
999997
999986
1000004
999985
1000007
999987
999978
1000007
1000007
999921
999984
999970
999941
999955
999957
999971
999987
999996
1000006
999971
1000007
999980
999920
1000006
999911
999982
999957
1000007
999985
1000006
1000007
1000007
999989
999975
999982
999980
1000007
999941
999947
999955
1000007
999984
999998
999979
999991
1000007
1000004
1000007
999986
999985
999959
1000007
999999
999971
999994
999966
999955
999941
999955
1000007
999990
999956
999989
999997
999967
999989
999932
999999
999966
1000007
1000007
999968
999989
999969
1000007
999940
999969
999981
1000007
1000007
999942
999936
999962
999984
999969
999967
1000007
999949
1000007
1000007
999941
1000003
999987
999981
999945
999908
999997
999987
999971
999954
999981
999998
999997
999937
1000006
999959
1000007
999997
999953
1000003
1000007
1000007
999987
1000007
999985
999997
1000007
999980
999972
1000004
999997
999984
999954
999972
999957
999985
1000007
999992
999927
999996
999970
1000007
999987
999954
999899
999908
1000007
999997
999998
999968
1000000
999957
999982
999995
999975
999971
999975
999971
999940
999935
999958
1000007
1000007
999985
999984
999972
999971
1000007
999940
999972
999931
999954
999971
999993
999973
999987
999953
999999
999971
1000006
999983
1000007
999968
999948
1000001
999997
999985
999996
999986
1000007
999954
999979
999984
999921
999979
1000004
1000007
999983
1000001
999980
1000007
1000001
999985
999997
999980
999985
999974
999953
999908
999923
1000007
999990
999947
999980
999989
1000006
1000004
999947
999994
999984
999978
1000006
1000004
999933
999975
999972
999959
1000000
999958
999972
999993
999908
999998
999974
999983
999990
1000007
999999
1000005
1000007
999946
1000007
999951
999975
1000007
999983
1000007
999961
999984
999998
999985
999971
999986
1000007
999983
999931
999956
999983
999969
999971
999956
999974
999937
1000007
1000007
999949
999970
1000007
999955
1000000
1000007
999988
999985
999958
1000007
999979
999985
1000007
999937
999985
1000007
999998
999940
999998
999945
999984
999961
999972
1000007
999947
999988
999975
999970
999954
1000007
999968
999957
1000007
999971
1000007
999995
1000007
999957
999999
1000000
999967
999969
999987
999999
1000007
999982
999964
999983
999950
999987
999983
999969
999939
999995
1000007
999990
1000000
1000007
999968
999996
999957
999986
999954
999960
1000004
1000007
999997
1000007
999985
999984
999968
999999
999990
1000007
999939
999989
999998
1000007
1000007
999940
999985
999941
999976
999983
999957
999986
999978
999957
999998
999984
999985
1000006
999975
1000006
999987
999950
999968
1000000
999985
1000005
999945
999978
999998
999987
999940
999985
999939
999998
999990
999939
999987
999967
999985
999985
999962
999932
999922
999935
999974
1000007
999978
1000007
999977
999979
999975
999955
999984
999940
1000005
999944
999948
999975
999985
1000007
999950
1000007
999941
999951
1000000
999968
999979
999986
999986
999975
999972
999980
999972
999948
999998
999987
1000006
999947
999947
999996
999922
999968
999944
999972
