999328
999226
999628
999702
999666
1000003
999675
999985
999976
999525
1000002
999835
999975
999814
999675
999954
999550
999803
999928
999887
999594
999459
999891
999759
1000003
999994
999730
999751
999443
1000000
1000003
999805
999894
999992
999865
999976
999851
999261
999779
999968
999866
999929
999670
999707
999978
999733
999668
999836
1000003
999978
1000003
999914
999461
999873
999502
999956
999900
999914
999962
999872
999829
999714
999376
1000002
999990
999824
1000003
999409
999982
999619
999661
999845
999587
1000003
999283
999945
999675
999335
999850
999466
999808
1000003
999322
999627
999862
999973
999338
999973
999772
999816
999945
999638
999916
999808
999927
999947
999964
999840
999971
999718
999855
999924
999764
999443
999959
1000003
999876
999815
999632
1000003
999845
999985
999690
999660
999961
1000003
1000003
999654
999212
1000003
999644
999956
999975
999920
999743
1000003
999876
999991
1000003
1000003
999786
999517
999898
999960
999586
999824
999969
999947
999927
999967
999874
999657
999558
999904
999946
999879
999932
999746
999767
1000003
999662
999377
999979
999703
999829
999867
999985
999983
999849
999618
999520
999987
999425
1000003
999929
1000003
1000003
999958
999697
999914
999642
999946
999718
1000003
999585
999936
999658
999932
999751
999574
999984
999857
999386
1000003
999716
999749
999989
999724
999465
999650
1000003
999701
999947
999566
999990
1000003
999934
999913
999915
999946
999786
999902
999527
999560
999982
999981
999876
999757
999342
999932
999447
999824
999692
1000003
999967
999926
999632
999920
999811
999312
999818
999838
999541
1000003
1000003
999987
999902
999951
999842
999860
999904
999707
999971
999287
999812
999362
999944
999674
999687
1000003
999933
999990
999911
999927
999538
999958
999784
1000003
999599
1000003
999746
999381
999719
999382
999942
999908
999517
999892
999824
999970
999382
999877
1000003
999358
1000003
999746
999944
999949
999863
999508
999760
999683
999945
999919
999687
999890
999903
999980
999375
999859
1000003
1000003
1000003
999684
999893
999990
999623
999713
999933
999647
999756
999985
999946
999655
999900
1000003
999828
999937
999691
999506
999897
999696
999710
999712
999939
1000003
999658
999737
999937
999271
999972
999703
999944
999956
999743
1000003
999459
999782
999798
999383
999871
999497
1000003
999897
999985
1000003
1000002
999983
999390
999932
999656
999939
999611
999927
999455
1000003
999960
999953
999776
999934
999380
999637
1000003
1000003
999963
999892
999489
999853
999668
999981
999627
999995
999710
999860
999972
999601
999774
999392
999960
999631
999978
1000003
1000003
1000003
1000003
999834
999827
999876
1000003
1000003
999987
999460
999775
999990
1000003
999735
999686
999302
999656
999843
999915
1000003
999465
1000003
999807
999985
999992
999238
999939
999479
1000003
999497
1000003
999295
999586
999850
999725
1000003
999922
1000003
999988
999743
999528
1000003
999460
999947
999782
999915
1000003
999843
999951
999912
999958
999968
999961
999601
999966
1000003
999264
999960
999970
999745
999691
999888
999951
999539
1000003
999422
999792
999890
999829
1000003
999828
999913
999561
999940
999822
1000003
999613
999924
999912
1000003
999959
999883
999919
999921
999597
999940
999509
1000003
999987
999961
999696
999911
999766
999766
999845
999935
999802
999228
999938
999819
1000003
999749
999984
1000001
999437
999555
999950
999705
999951
999969
999554
999596
1000003
999975
999327
1000003
999546
999733
999997
999838
999724
1000003
999371
999946
999933
999706
999669
999691
1000003
999886
999816
999936
999984
999960
999436
999756
999870
999974
999772
999560
999761
1000003
999995
999933
999666
999994
999936
999526
999810
999786
999421
999923
999801
999922
999554
1000003
999971
999946
999994
999592
999427
999567
1000003
999973
999707
999548
1000003
999820
1000003
999995
999982
999526
999436
999945
999315
999678
1000003
999960
999796
1000001
999194
999985
999936
999806
999513
999848
999508
1000003
999769
999864
999958
1000003
999933
999873
999492
1000003
1000003
999656
999941
999977
999960
999867
999683
999586
999956
999942
999955
999567
999801
999413
999492
999740
999869
999304
999531
999948
999844
999517
1000003
999916
999763
1000003
1000003
999961
999781
999717
999973
999755
999430
999861
999971
999865
999795
999978
999909
999537
999848
999917
999493
999925
999831
999999
999311
999910
999977
999844
1000003
999504
999954
999721
999996
999984
999962
999963
999904
999741
999380
999687
999980
999788
999498
1000003
999760
999514
999816
999740
999665
999396
999964
999981
999723
999855
999927
999998
999981
999902
999559
999912
999973
999534
999525
999953
1000003
999841
999756
999962
999934
999906
999837
1000003
1000003
1000003
999625
999824
999960
999623
999357
1000003
1000003
999850
999850
999918
999983
1000003
999983
999992
999899
999286
999981
999919
999871
999682
999996
1000000
1000003
999379
999982
999934
999840
999563
999511
999342
1000003
999471
999812
999888
999807
999271
999915
999977
999740
999850
1000003
999854
999626
999660
999496
999953
999978
999944
1000003
999799
999907
999874
999836
999748
1000003
999710
999702
999776
999781
999987
999925
999665
999870
999933
999828
999821
999922
999608
999437
999958
999632
999618
1000003
999656
999972
999935
999756
1000003
1000003
1000003
999862
999176
999396
999223
999851
999955
1000003
999885
999945
1000003
999953
999661
999567
1000003
999850
999940
999681
1000003
999795
999596
1000003
999771
999976
999344
999860
1000003
999686
999862
999967
999755
999295
999743
1000003
999383
999959
1000003
999816
999968
999555
999801
999941
999439
999856
999630
999961
999757
999763
999815
999897
999812
999788
999949
999701
999486
1000003
1000003
999888
999669
999969
1000003
999742
999680
999908
999822
999538
999339
999753
999832
999810
999966
999441
1000003
999696
999913
999933
999700
999943
1000003
999776
999335
999961
999839
1000000
999552
999866
999763
999474
999669
999643
999915
999743
999925
999696
999965
999985
999985
999959
999417
999546
999975
999555
1000003
999990
999932
999844
999402
999920
999550
999974
999934
1000003
1000003
999479
999751
1000003
999858
999539
999243
999431
999188
999629
999963
999716
999482
999977
999950
999690
999765
999959
999970
999759
1000003
999869
1000003
999410
999734
999867
999991
999956
999829
999981
999940
999993
999961
999880
999568
999958
999921
999956
1000003
999944
999530
999465
1000003
999761
999422
999924
1000003
999913
999957
999851
999865
1000003
999897
999822
999535
999702
999812
999549
999408
999829
999985
999885
999988
999913
999967
1000003
999950
999987
999659
1000003
1000003
999752
999665
999486
999868
999312
999897
1000001
999993
999691
999519
999906
999901
999894
999662
999632
999905
999534
999736
999653
999864
1000003
999981
999886
999926
999996
1000003
999596
999665
999649
999785
999903
999960
999700
999955
999919
999999
999947
1000003
999469
999878
999777
999752
999595
999238
1000003
999803
999351
999669
999801
999716
999964
999379
999956
999507
999851
999979
999874
999801
1000000
999980
999924
1000003
999499
999922
999664
999985
1000003
999861
999899
999928
999582
999668
999375
999995
1000003
999666
999462
1000003
999972
999783
1000003
999952
999709
999758
999754
1000000
999984
999664
999885
1000003
999326
999819
999827
999965
999824
999287
999318
999969
999919
999974
999800
1000003
999498
999977
999780
1000003
1000003
1000003
999845
999831
1000003
999850
999848
999487
999870
999978
999686
999955
999723
999848
999888
999997
999803
1000003
999413
999945
999544
999240
999646
999394
999950
999815
999827
999957
999979
1000003
1000003
999355
999976
1000003
999850
999980
999559
999848
999914
999963
1000003
999903
999615
999822
999973
1000003
1000003
999999
999570
999968
999988
999170
999940
999876
999904
999921
1000003
999880
999956
999653
999929
999989
999329
999962
999972
1000003
999529
1000003
1000003
999879
999987
999940
1000003
1000003
1000003
999933
999582
1000003
999984
999442
999783
999699
999937
999736
999957
999623
999718
999938
999760
999991
999538
999812
999919
999557
999645
999933
999562
999964
999843
1000003
999712
999815
999958
999981
1000003
999801
999606
999817
999984
999993
999457
1000003
999934
999661
999337
999985
999898
999472
999987
1000003
999795
999582
999369
999468
1000000
999445
1000003
1000003
999959
999910
999663
999878
999974
999319
999782
999867
999840
999310
999701
999943
999799
999775
999537
1000003
999800
1000003
1000003
999938
999761
999917
999945
1000003
999878
1000003
999838
1000003
999872
999845
1000003
999549
999984
999996
999903
999963
1000000
999963
999993
1000003
999948
999446
999666
999892
999771
999914
999859
999982
999827
999822
1000003
999493
999683
1000003
999682
999863
999998
999875
1000003
999470
999725
999989
999850
999762
1000003
999774
1000003
999991
1000003
999731
999951
999899
999842
999741
999976
999863
1000003
999956
999913
1000002
999788
999960
999994
999981
1000003
999995
999703
999989
999946
999966
999550
1000003
999727
999978
1000003
1000003
999964
999869
1000003
999826
999977
999993
1000003
999245
999797
999920
999415
999739
999923
999940
999869
999957
999441
999895
999691
999903
999591
999924
999986
999920
999840
999394
999998
1000003
999954
1000003
999636
1000003
999959
999989
999847
999828
999373
999579
999817
999854
999990
999935
999889
999909
999672
999977
999844
999867
999555
999942
1000003
1000003
1000003
1000003
999867
999274
999842
999824
999853
999692
999727
999811
999797
1000003
999989
999979
1000000
999301
999961
1000003
999879
999977
999794
999850
999841
999631
1000003
999928
999843
999684
999902
999891
999901
999561
999691
999670
999685
999985
999778
999564
1000003
999760
999780
999961
999411
999928
999861
999941
999950
999665
999798
999967
999968
999588
999993
999985
999958
1000003
999729
999660
1000003
1000003
999965
999430
999976
1000003
999981
1000003
999688
999685
999962
999582
999763
1000002
999891
1000003
999897
999641
999939
1000003
999362
999690
999807
1000003
999829
1000003
999973
999978
999980
1000003
999899
1000003
999923
999559
999890
999568
999702
999878
999935
999721
999699
999972
1000003
999674
999788
999594
999851
999941
999863
999988
999902
999257
999990
999380
999995
999817
1000003
999566
999974
1000000
1000003
999739
999891
1000000
999855
999731
999499
999715
999878
999672
999527
999920
999957
999683
999692
999981
999348
999827
999995
999366
999554
1000003
999987
999761
999984
999823
999423
999904
999899
999558
999990
999888
999790
999672
999979
999624
999913
999928
1000003
999446
999882
999901
999519
999738
999538
999784
1000000
999901
999910
1000002
999836
999831
1000003
999360
999946
999948
999962
1000003
999547
999710
999853
999473
999472
999827
999555
1000003
999868
999435
999920
1000003
999668
999496
1000003
999692
999483
999590
999989
999972
999983
1000003
999775
1000003
999999
999737
999667
999482
999519
999746
999993
999708
999800
999985
999957
999518
999844
1000003
999503
1000003
1000003
999861
999182
999375
999826
1000003
1000003
999742
999601
999828
999810
999842
999577
999919
999948
1000003
999920
999783
1000003
999977
999682
999845
999957
999961
999461
999979
999955
1000003
999863
999991
999889
999864
1000003
999970
999878
1000003
999651
999914
999938
999681
1000003
1000003
999850
999971
999957
999869
999934
999917
999924
999494
999895
999512
999616
999927
999776
999637
999418
999780
999812
999867
999998
999976
999883
999933
999996
999926
999635
999981
999653
1000003
999844
999897
999928
999984
999920
999936
999462
999767
999986
999669
999999
999445
999700
999934
999761
1000003
999906
999948
1000003
999980
999886
999979
999867
1000003
999783
999565
999907
999842
999997
999467
1000003
999787
999971
999877
999968
1000003
999904
999537
999493
999744
999976
999930
999750
999958
1000003
1000003
999711
999866
999991
999863
999574
999935
999725
999871
999739
1000003
1000003
999960
999414
999563
999386
999855
1000003
1000003
999864
999549
999364
999796
999877
999954
999949
1000003
999496
999588
999430
1000003
999599
999938
999767
999581
999814
999695
999868
999981
999961
999729
999411
999956
999941
999970
999966
999972
999665
1000003
999601
999836
999790
999998
999398
999483
1000003
999557
999944
999455
999756
999392
999807
999989
999672
999737
999415
999816
999387
999785
999938
999765
999913
999949
999339
999709
999806
999881
999672
999935
999892
999824
999591
999463
999437
999308
999444
999233
999961
999537
999613
999876
999674
999985
999787
999763
999904
999828
999765
999753
999365
1000003
999858
999739
999734
1000002
1000003
999728
999944
1000003
999900
999588
999912
999887
999586
999756
999991
999930
999725
1000003
999936
999742
1000003
999845
999959
999985
999805
999623
999870
999996
999965
999712
999880
999872
999947
1000003
999599
999988
999535
999885
999905
999664
999864
999862
999856
999962
999897
999519
999779
999798
999404
999896
999925
999622
999648
999874
999926
999900
999651
999906
999805
999765
999853
1000003
1000003
999634
999342
999806
999964
999628
999983
999484
1000000
1000003
999945
999826
999979
999856
999606
999981
999373
999920
999882
999653
999862
999914
999926
999451
999772
999815
999817
999930
999654
1000003
999811
999551
1000003
999214
999668
999860
999919
1000003
999842
999958
999406
999733
999827
999774
1000003
999933
999908
999552
999757
999624
999859
999698
1000003
999961
999878
999833
999979
999441
999560
999956
999536
999708
1000003
999599
999721
999924
999245
1000003
999474
999763
999966
999937
999624
1000003
999823
999967
999998
999939
999441
1000003
999947
1000003
999710
1000003
999964
999521
999844
999870
1000003
999737
999765
999858
999362
999941
1000003
1000003
999869
999474
999990
999993
999596
999979
999914
999517
999298
999943
999951
999843
999648
999989
999981
1000001
999861
1000003
999921
999886
999667
1000003
999575
1000003
1000003
1000003
999381
999803
999980
999968
999758
999827
999973
999513
999774
999805
999824
999946
999994
999950
999984
999661
999940
999273
999668
999857
999897
1000003
999618
999974
1000003
999973
999874
1000003
999994
999698
999966
999605
999767
999985
999990
999885
1000003
999463
1000003
999850
999957
999404
999399
999811
999752
999867
999923
1000003
999844
999944
999321
999682
999801
999940
999962
999796
999589
999844
999591
999763
999971
999576
999459
999916
999858
999984
999941
999935
999870
999906
1000003
999771
1000003
1000003
1000003
999987
999934
999790
999978
999800
999661
999487
999827
1000003
999775
999912
