999979
999971
999997
999992
1000005
999990
999971
999971
999953
999954
999995
999967
999953
999998
999999
999935
999972
1000004
999978
999951
999982
999976
999954
1000006
999952
999996
999999
999967
999967
999914
999939
999991
999973
1000003
999986
999999
999952
1000005
1000004
1000004
999995
999990
999980
999958
999959
999993
999986
999946
999980
999991
999999
999933
999996
999992
999951
999966
999989
999995
999980
999938
999981
999990
999951
1000004
999979
1000005
999962
999991
999956
999996
999983
999954
999975
1000005
999998
999988
999976
999999
999974
999971
999924
999991
999968
999990
999972
999988
999996
1000002
1000004
1000004
1000005
999976
999991
999994
999967
999918
999995
999969
999976
1000005
999986
999971
1000002
999993
999961
999989
999968
1000004
999946
1000005
999983
999999
999990
999993
999991
999967
999993
999998
999998
999944
1000002
999976
999973
999975
999995
999972
999962
999932
999998
999997
999963
1000004
999969
999999
999969
999945
999919
1000003
1000002
999998
999995
999992
1000006
1000003
999997
999960
999990
999998
999967
999944
999969
999970
999951
999952
999998
999990
999980
999968
999967
999969
999975
999968
999992
999998
1000003
999995
999994
999996
999967
999951
1000003
1000001
999997
999942
999999
1000003
999932
999998
999999
999981
999968
999997
999971
999994
999988
999977
999979
1000006
999987
1000003
999997
999995
999940
1000006
999991
999997
999996
999964
999991
999960
999999
999972
1000004
999999
999979
1000003
999951
999962
999998
999978
999989
1000003
999999
999970
999969
999948
999952
999932
999973
999997
999986
999982
999914
999989
999992
999983
999973
999986
1000006
999998
1000001
1000005
999996
999982
999979
999998
999978
999981
999968
1000005
999995
999967
999989
999980
1000004
999951
1000003
999998
1000005
999928
1000002
999996
999953
999974
999986
999986
999908
999992
999997
999975
1000001
1000005
999980
1000005
1000004
1000006
999993
999967
999998
999998
1000005
999971
999999
999968
999995
999924
1000004
999971
999988
999995
999995
999975
999969
999965
999961
999991
999967
1000005
999984
999989
999969
999989
999988
999991
999931
999996
999952
999978
999978
999994
999968
999996
999998
1000002
999990
999952
999988
999951
1000004
1000004
1000004
1000005
999999
999998
999996
999986
999962
999969
999980
999952
999983
999952
999993
1000002
999990
999946
999980
999997
999996
1000003
999939
999981
999978
999932
999999
999980
999983
999999
1000002
999997
999968
999992
1000003
1000003
1000005
999980
1000005
999955
999978
1000004
1000003
999998
999986
999948
999966
999981
1000003
999958
999985
999976
1000005
999968
999963
999995
999968
999998
999969
999999
999979
1000003
999998
1000004
999956
999992
999984
999986
999991
1000004
999991
999991
1000000
999967
999952
999995
999996
999977
1000004
999988
999978
999987
1000005
999995
999938
1000004
999979
1000003
1000002
999970
999993
999969
999993
999938
999998
999992
999968
999961
999978
999968
999969
999978
999962
999996
999947
999964
999943
999982
1000000
999977
999998
999988
999974
999994
999943
999981
999950
999991
999952
999962
999995
1000002
999998
999998
1000002
999980
999990
999979
999995
999997
999958
999993
999971
1000004
999957
999998
999999
999949
999991
1000002
999980
999980
999930
999985
999967
999992
1000003
999988
999963
999985
999996
1000004
999995
999997
999953
999990
999946
1000003
999985
999981
999990
999968
999976
999995
1000004
999987
999997
999965
1000004
999972
999998
999977
999933
999997
999984
999999
1000003
999969
999989
999934
1000004
999947
1000005
999939
999968
999996
999960
999967
999982
1000006
999979
999996
999978
1000004
999999
999960
999992
999936
999968
1000003
999996
999993
999983
999983
999966
999991
999991
999963
999996
999993
1000005
999954
999980
1000003
999971
999936
999992
999970
999970
999966
1000003
999927
999973
999980
999990
999969
999962
999991
999967
999988
999986
999990
1000004
999998
999995
1000003
1000005
999999
999998
999939
999963
999911
999945
999966
999992
999988
999967
999995
999994
999998
999962
999950
1000004
999992
999999
999990
999977
999992
999973
999939
1000005
999945
999996
999958
999974
999963
999921
1000004
999998
999991
999992
1000004
999938
1000005
999967
999989
999968
999979
1000005
999974
999963
1000004
1000005
1000005
999969
999987
999990
999999
999986
999999
999990
999922
999977
999976
999997
999967
999952
999981
999976
999981
999995
999961
999968
1000004
999959
999974
999991
1000006
999967
1000005
999967
1000004
999990
999981
999981
1000003
999983
999999
1000005
999991
999966
999956
999997
999928
1000001
999990
999979
999978
999968
999977
1000003
999995
999991
999968
999998
999989
999990
999959
999964
999991
999958
999988
999996
1000004
999923
999988
999996
999975
1000003
999987
1000003
999997
1000005
999982
999970
999998
999986
1000005
999965
999968
999994
999993
999972
999999
999996
999972
999968
999981
999940
999992
999937
999952
999999
999938
999944
999970
999996
999946
999971
999967
999968
999974
999955
1000005
999996
1000004
999969
999966
999980
999978
999925
999998
999967
1000003
1000004
999996
999966
999990
999997
999980
999973
999998
1000000
999968
999979
999987
999975
999937
999992
1000005
1000006
999954
1000004
999971
999978
1000005
999999
999955
999998
999925
999969
999980
999980
1000003
999969
1000004
999952
999980
999968
999966
999972
999931
999999
999957
1000003
1000005
999979
999977
999917
999993
1000003
1000002
1000004
1000005
999976
1000002
999997
999987
999978
999942
999974
999980
999985
999992
999982
1000004
999964
1000005
999968
1000003
999985
1000005
999913
1000004
999992
999962
999964
999957
999978
999998
999991
1000005
999978
999977
999947
999975
999961
999962
999974
999998
999979
1000002
999940
999995
999998
999958
999997
999984
999969
999967
999998
1000003
999947
1000000
999960
999998
999972
1000005
999968
999923
999955
999994
1000000
1000002
999981
999971
1000005
1000005
1000003
999945
999961
999988
1000005
999965
999995
999957
999995
999975
1000004
999988
999943
999969
999978
1000002
999978
999931
999969
999981
999978
999969
999929
999975
999996
999982
999990
999995
999992
999993
999921
999975
999985
999992
999988
999960
999990
999990
1000001
1000004
999979
999968
1000004
1000001
999988
999968
999982
999951
999973
999979
999992
999947
999997
999968
1000005
999961
999972
999990
999985
999980
999997
999997
1000005
999982
999970
1000001
999990
999999
999952
999992
999990
1000003
1000003
999981
1000004
999975
999982
999936
999947
999977
999963
1000005
999954
999999
999974
999960
999979
999999
999991
999960
999999
1000001
999997
999921
999994
999989
999973
999980
999972
999998
999998
999963
999977
999934
1000005
999946
1000003
999992
999996
999996
999985
999986
999998
999997
999975
1000003
999975
999999
999962
1000002
999959
999998
999974
999998
999969
999952
1000003
999929
1000003
999969
999988
999936
999954
999980
999981
999959
1000005
1000005
999981
999950
999991
1000003
999986
999978
999971
999977
999967
999992
999993
999998
999978
999960
999978
1000004
999990
999930
1000005
999991
1000003
999982
1000003
999995
999972
999970
999999
999960
999990
999944
1000003
999997
999991
999961
999973
999917
999971
999992
999980
999992
999953
999944
999949
999980
999981
999996
999962
999968
999962
999998
999984
999991
999998
999978
999985
999995
999969
999976
999996
999956
1000005
999959
1000005
999992
999990
999990
1000005
999968
999947
999999
1000004
999940
999978
1000004
999979
999948
1000000
999913
999999
1000004
999992
999974
999999
999972
999924
999990
1000000
999978
999981
1000005
999970
999994
1000003
999986
999986
999982
999951
999976
1000002
999983
999999
1000000
999978
1000004
999986
999992
999971
999975
999990
999984
999914
999968
1000002
999983
999965
999982
999938
999928
999975
999981
1000004
999951
999981
999940
999968
999977
1000005
999992
1000002
999951
999994
999983
1000004
999999
999967
999959
1000003
999998
999989
999989
999979
999947
999990
1000003
1000005
999948
1000005
999990
999926
999981
999994
1000000
1000002
999937
999998
999971
999982
999980
999981
999989
1000002
999985
999952
999998
999997
999990
1000004
999959
999960
999968
999983
999968
999995
999982
999998
999960
999967
1000004
999941
999987
999999
999962
999981
999984
999989
999967
999959
999960
999973
999999
999980
999964
999982
1000006
1000004
1000003
1000002
999981
999980
999988
1000002
999995
999962
1000004
999998
999951
999968
999997
999981
1000000
999977
999988
999972
999976
999999
999997
999985
1000002
999996
999997
1000004
999972
999961
999976
999945
999998
999989
999976
999989
999970
999971
999984
999974
999966
999950
999991
999990
999997
999984
999953
999980
999997
999968
999966
999967
999961
999998
999957
1000002
1000000
1000003
999985
999978
1000003
999998
999989
999995
999975
999970
999968
999969
999980
1000004
999989
999972
999997
1000000
999954
999923
999998
999976
999983
1000002
999992
999941
999993
999991
999978
999979
999990
999976
999971
999943
999998
1000005
999999
1000005
999983
999999
999979
999974
999974
999973
999936
999974
999944
999961
999985
999972
999956
999933
999996
1000003
999949
999996
1000004
999933
999973
999979
1000001
1000006
999991
999958
999966
999959
999985
999967
1000005
999961
999989
999999
999943
999931
999938
999996
1000005
1000002
1000003
999964
999966
999998
999995
1000002
999944
1000006
999990
1000002
999960
999972
1000003
999983
999980
999989
999930
999968
999964
1000004
999998
999997
999981
999941
999979
999935
999974
1000004
999989
999999
1000001
999979
999970
999948
1000005
999977
999980
999984
1000004
1000003
999930
999991
999997
999968
999994
999992
999998
999913
999951
999938
999962
999960
999981
999985
999976
999991
999999
999998
999983
999949
999928
999993
1000003
999998
1000004
1000004
999970
999961
999973
1000006
999998
1000005
1000003
999928
999968
1000005
1000005
1000004
999994
999997
999996
999967
999985
999975
999982
999967
1000003
999949
999992
999960
999995
999992
999947
999951
999980
999982
1000000
999974
1000002
999978
999944
999981
999981
1000004
1000005
999973
999989
999975
1000004
999994
999947
999988
999996
999980
999968
1000003
999969
999997
1000002
999961
999998
999990
999979
999980
999999
1000002
999985
1000005
999916
999991
999989
1000003
999954
999995
999960
999979
999956
999986
1000004
999961
999954
999997
999995
999978
999979
999983
1000004
999998
1000003
999991
999981
999976
999999
999999
999968
999996
999970
999947
999971
1000003
999967
999985
999972
999992
1000002
999989
999955
999999
999987
999937
999959
999952
999997
999990
999979
1000004
1000004
999999
999971
999983
999992
999986
999988
999999
1000002
999975
1000006
999970
1000005
999975
999984
1000003
1000005
999982
999998
999934
999948
999968
1000001
1000003
999981
999971
999985
999998
999956
999946
999981
999996
999968
999980
999945
999998
1000000
999996
1000005
999991
999988
999997
999979
999991
999969
1000001
999980
999998
1000005
999979
999973
999947
999996
999987
999990
999994
999963
999938
999974
999956
1000005
999998
999969
999968
999957
1000003
999989
1000004
1000004
999999
999979
999973
999997
999994
999998
999990
999975
999966
999980
999966
999932
1000006
999969
999991
999983
1000000
999998
999980
999980
999971
999952
999946
999969
999999
999999
1000004
999960
999998
999983
999995
1000001
1000001
999999
999975
1000004
999961
1000005
999959
999999
999971
999984
1000002
999938
999994
999969
999967
999998
999981
1000003
999974
999961
999986
999975
999961
999953
999940
999976
999998
999963
999992
999997
999991
999980
999998
1000001
1000006
999968
999984
999999
1000003
1000004
999953
999997
999963
1000002
999997
1000003
999999
999999
999999
999980
1000004
999994
999973
999971
999969
999998
1000004
999932
999994
999980
999962
1000004
999976
1000003
999995
1000004
1000003
999998
1000003
999982
999994
999970
999979
999980
1000003
1000002
999938
1000003
999987
1000003
999988
999969
999986
999981
1000001
999998
999961
1000004
1000004
1000002
999983
1000002
1000005
999957
999951
999999
999993
999952
999992
999981
999993
999998
999954
999992
999931
999977
999952
999968
999999
999998
999984
999969
999996
999994
999996
999944
1000002
999989
999990
999943
999992
999978
1000000
1000004
999982
999968
999986
1000004
1000000
999972
1000000
1000005
999979
999975
999977
1000002
1000002
999961
999949
999999
999980
999995
1000005
999938
999980
999996
999964
999973
1000003
999979
999990
999958
1000005
999969
999968
999992
999953
999927
999982
999981
999979
999973
999965
999999
999998
999979
999953
999969
999999
999997
999991
1000001
999973
999992
1000003
999992
999968
999999
999999
999931
1000004
999983
999961
999996
1000004
999975
999990
999997
999995
1000005
999977
999982
999973
1000005
1000003
999979
999952
999969
999984
1000005
999987
1000003
1000002
999974
999979
999961
999991
1000000
999995
999981
999951
999959
999936
999999
999976
999930
999996
1000003
1000003
999975
999962
999948
999935
999979
999942
999990
999981
1000002
999998
1000003
999999
1000005
999979
999922
1000004
1000002
999995
999966
999999
999975
1000002
999967
999978
999959
999971
999970
999998
999970
999989
999961
999995
999991
999974
999995
999995
1000003
1000003
999998
1000005
999968
999997
1000001
999979
999961
999967
1000003
1000003
999998
999985
999990
999971
999917
999972
999989
999991
999960
999991
999962
999991
999960
999985
999979
999984
999983
999980
999976
999961
999967
999958
999982
999960
999973
999950
999969
999983
999980
999996
999986
999969
999973
999961
999978
999915
999978
999975
1000005
999996
999996
999992
999974
999995
999942
999960
999940
1000005
1000003
999975
999921
999951
1000005
999972
999934
999981
1000004
999992
999979
999994
1000004
999968
999994
999999
999942
999973
999998
999990
999972
1000005
999990
999999
1000006
999950
999993
999988
999998
999974
999997
999999
999997
999974
1000003
999955
999952
999991
999976
999954
999999
1000006
999932
999999
999966
1000001
999981
999979
999989
1000003
1000005
999977
1000005
999960
999958
999990
999978
999950
999997
999968
999995
999996
999979
999976
999969
1000004
1000002
999968
999972
999970
999969
999991
1000004
1000002
999955
999983
999976
1000003
999958
999979
999962
999979
1000005
999980
999998
999976
999992
999958
1000004
999999
1000005
999998
999959
1000006
999960
999959
999998
1000005
999960
999982
1000002
999947
1000005
1000004
999999
999990
999980
999926
999996
999976
999980
999999
999967
999980
999999
999983
999980
999997
1000004
999960
999979
999990
1000004
999999
999990
1000002
999975
