999808
1000001
999794
999596
999546
999712
999636
999439
999488
999986
999871
999940
999774
999973
999748
999753
999437
999450
999865
999956
1000003
999593
999513
999579
999843
999382
999828
999712
999451
999786
999504
999966
999833
999858
999681
999833
999874
999614
999602
999851
999706
999711
999910
999750
999457
999866
999845
999796
999915
999761
999821
999837
999728
999835
999669
999683
999922
999790
999764
999633
999646
999761
999975
999823
999778
999526
999397
999918
999434
999883
999408
999938
999836
999459
999814
999923
999910
999919
999940
999390
999766
999929
999939
999761
999591
999779
999876
999845
999962
999413
999558
999998
999806
999900
999832
999928
999547
999901
999635
999943
999763
999461
999877
999909
999852
999998
999709
999442
999770
999843
999541
999743
999512
999460
999481
999403
999707
999985
999463
999677
999936
999513
1000003
999770
999901
999564
999963
999665
999914
999992
999967
1000003
999481
999827
999484
1000003
999899
999897
999982
999983
999822
999964
999799
999941
999823
999785
999400
1000003
999936
999649
999844
999458
999762
999823
999795
999565
999742
999540
999886
999636
999995
999631
999483
999786
999615
999944
999804
999479
999583
999798
999454
999855
999569
999910
999897
999955
999933
999566
999917
1000003
999922
999438
999397
999546
999854
999657
1000003
999998
999927
999809
999978
999576
999798
999833
999970
999428
999466
999882
999775
999975
999847
999997
999607
999757
999963
999951
999713
999861
999771
999877
999809
999653
999768
999829
999513
999834
999481
999410
999946
999539
999446
999514
999796
999978
999397
999391
999826
999891
999904
999435
999983
999683
999527
999929
999913
999982
999833
999709
999805
999808
999609
999438
999445
999887
999478
999999
999824
999853
999483
999951
999910
999805
999780
999406
999847
999612
999754
999674
999628
999581
999889
999682
999422
999841
999742
999790
999924
999922
999737
999572
999697
999401
999849
999783
999415
999793
999435
999841
999591
999780
999425
999918
999802
999769
999810
999549
999905
999737
999571
999817
999450
999686
999822
999613
999732
999878
999466
999482
999665
999786
999577
999831
999758
999761
999455
1000003
999659
999866
999677
999866
999555
999402
999693
999863
999844
999646
999783
999959
999776
999810
999596
999879
999866
999843
999400
999977
999873
999644
999923
999449
999425
999404
1000003
999640
999916
999806
999716
999747
999753
999488
999596
999917
999792
999641
999954
1000002
999502
999973
999575
999665
999795
999874
999832
999937
999650
999588
999645
999762
999506
999548
999941
999987
999895
999941
999991
999937
999914
999978
999660
999576
999665
999728
999395
999497
999827
999669
999581
999848
999660
999664
999530
999921
999958
999999
999714
999806
999987
999940
999831
999790
999917
999646
999428
999820
999619
999647
999494
999916
999573
999860
1000003
999551
999647
999715
999833
999913
999892
999979
999611
999887
999811
999826
999667
999991
999934
999755
999754
999811
999757
999541
999763
999802
999623
999389
999711
999998
999754
999944
999657
999514
999426
999825
999704
999901
999473
999797
1000003
999873
999397
999444
999814
999426
999667
999970
999801
999995
999919
999916
999487
999788
999985
999978
999431
999700
999837
999537
999495
999772
999924
999716
999560
999922
999498
999885
999950
999470
999735
999493
999939
999591
999629
999433
999640
999476
999817
999488
999708
999948
999719
999981
999470
999835
999905
999410
999739
999423
999927
999928
999369
999771
999940
999992
999591
999782
999534
999861
999942
999892
999896
999815
999547
999660
999415
1000003
999914
999422
999570
999490
999518
999666
999800
999850
999750
999462
999869
999467
999980
999781
999784
999866
999777
999489
999709
999862
999395
999650
999689
999368
999709
999741
999895
999658
999440
999975
999411
999530
999956
999521
999867
999723
999830
999654
999836
999993
999755
999658
999562
999967
999768
999584
1000001
999720
999473
999705
999961
999437
999450
999612
999853
999607
999692
999877
999922
999879
999988
999964
999801
999516
999661
999823
999836
999729
999924
999801
999747
1000003
999747
999742
999748
999760
999668
999480
999926
999976
999724
999939
999880
999488
999751
999845
999763
999696
999565
999945
999826
999521
999722
999709
999835
999825
999421
999786
999423
999434
999958
999732
999573
999845
999684
999896
999438
999440
999932
999989
999871
999924
999427
999822
999535
999602
999878
999776
999746
999860
999936
999865
999880
999981
999743
999835
999568
999832
999854
999569
999993
999790
999464
999744
999614
999780
999937
999892
999945
999947
999780
999702
999926
999814
999829
999741
999573
999517
999596
999667
999540
999817
999688
999628
999776
999538
999979
999953
999982
999920
999724
999852
999818
999930
999718
999815
999767
999828
999583
999915
1000003
999420
999542
999932
999511
999951
999433
999597
999864
999436
999464
999833
999858
999688
999645
999967
999975
999908
999916
999746
999936
999910
999648
999819
999615
999965
999463
999676
999487
999556
999832
999518
999790
999755
999421
1000003
999951
999835
999809
999584
999790
999729
999378
999750
999511
999735
999781
999958
999795
999597
999916
999399
999748
999803
999888
999895
999385
999959
999986
999689
999717
999868
999741
999682
999671
999740
999712
999771
999700
999960
999679
999972
999793
999939
999471
999896
999458
999861
999859
999768
999834
999878
999885
999819
999815
999975
999837
999964
999515
999770
999631
999516
999665
999903
999993
999800
999515
999858
999529
999393
999711
999516
999793
999998
999527
999859
999749
999745
999811
999829
999414
999683
999801
999974
999623
999509
999511
999666
999866
999645
999631
999942
999455
999989
1000003
999780
999513
999752
999973
999746
999677
999577
999747
999803
999934
999746
999956
999678
999500
999608
999481
1000002
999785
999491
999495
999930
999957
999725
999449
999879
999490
999775
999802
999933
999940
999794
999806
999843
999929
999810
999484
1000002
999777
999762
999502
999409
999672
999842
999861
999961
999746
999947
999726
999961
999441
999937
999958
999607
999440
999894
999589
999834
999839
999420
999632
999959
999855
999414
999416
999442
999698
999918
999594
999466
999907
999594
999808
999670
999791
999780
999933
999776
999921
999571
999910
999876
999765
999524
999826
999689
999503
999546
999665
1000003
999765
999837
999852
999822
999818
999841
999710
999490
999762
999779
999614
999937
999917
1000003
999883
999567
999466
999934
999766
999824
999815
1000003
999787
999956
999464
999743
999654
999819
999606
999782
999459
999749
999973
999919
999634
999902
999916
999986
999828
999467
999857
999874
999703
999693
999595
999403
999862
999798
999872
999526
999791
999644
999796
999980
999632
999473
999880
999836
999464
999963
999442
999945
999931
999793
999750
999409
999945
999570
999937
999553
999654
999872
999707
999834
999549
999844
999601
999971
999662
999795
999827
999749
999773
999453
999639
999562
999452
999908
999414
999902
999818
999703
999397
999725
999796
999449
999423
999827
999802
999694
999584
999572
999761
999957
999789
999742
999869
999544
999414
999743
999409
999459
999946
999983
999813
999449
999876
999990
999849
999973
999892
999510
999937
999463
999490
999908
999659
999542
999735
999994
999577
999457
999644
999649
999920
999926
999924
999476
999990
999833
999683
999625
999725
999760
999879
999934
999894
999536
999725
999654
999955
999714
999894
999771
999503
999860
999857
999794
999472
999794
999451
1000000
999880
999516
999880
999410
999780
999704
999661
999931
999839
999913
999835
999771
999501
999523
999667
999902
999417
999400
999407
999926
999733
999865
999402
999891
999875
999894
999882
999473
999943
999608
999510
999787
999974
999526
999421
999447
999788
999503
999470
999720
999779
999538
999463
999900
999656
999695
999898
999624
999776
999444
999739
999979
999612
1000003
999958
999904
999527
999684
999914
999386
999851
999482
999740
999495
999504
999819
999730
999499
999860
999587
999893
999784
999498
999842
999942
999647
999718
1000003
999580
999997
999760
999770
999633
999679
999515
999530
999914
999790
999584
999862
999656
999783
999553
999798
999848
999572
999731
999539
999890
999690
999682
999488
999885
999835
999553
999542
999742
999940
999493
999883
999743
999622
1000003
999738
1000001
999705
999794
999711
999776
999990
999906
999602
999785
999818
999515
999482
999917
999463
999941
999527
999468
999550
999787
999779
999841
1000003
999911
999574
999843
999725
999808
999944
999641
999764
999736
999923
999934
999425
999886
999841
999537
999953
999702
999946
999717
999763
999732
999791
1000001
999799
999878
999543
999424
999990
999859
999506
999924
999669
999985
999785
999929
999538
999491
999547
999806
999805
999758
999412
999763
999861
999791
999804
999913
999606
999490
999863
999871
999670
999708
999740
999895
999841
999934
999918
999598
999918
999620
999426
999923
999840
999523
999581
999597
999837
999678
999737
999782
999957
999926
999876
999821
999744
999902
999746
999788
999869
999620
999537
999755
999911
999795
999786
999601
999953
999882
999774
999762
999682
999393
999931
999463
999543
999398
999808
999778
999921
999937
999980
999880
999391
999757
999681
999866
999825
999746
999930
999909
1000003
999946
999967
999635
999976
999969
999588
999773
999402
999543
999809
999942
999669
999982
999696
999877
999538
999780
999880
999408
999929
999659
999413
999482
999939
999635
999780
999523
999926
999839
999966
999791
999710
999739
999950
999880
999604
999710
999762
1000003
999890
999814
999537
999749
999800
999462
999957
999851
999917
999513
999780
999934
999835
1000003
1000003
999764
999849
999395
999813
999450
1000003
999785
999965
999998
999869
999991
999935
999916
999853
999937
999941
999992
999626
999974
1000002
999415
999651
999962
999523
999796
999781
999482
999543
999725
999419
999900
999942
999903
999774
999987
999989
999413
999826
999861
999939
999650
999868
999926
999847
999428
999769
999677
999900
999782
999968
999720
999490
999391
999767
999653
999850
999925
999943
999857
999758
1000002
999682
999665
1000003
999598
999749
999918
999664
999623
999830
999661
999705
999801
999567
999994
999925
999878
999667
999441
999526
999538
999484
999906
999869
999843
999457
999656
999854
999492
999602
999616
999807
999878
999470
999633
999757
999897
999593
999973
999582
999707
999975
999745
999964
999374
999926
999901
999895
999685
999880
999754
999828
999781
999499
999701
999460
999928
999902
999619
999833
999872
999901
999965
999964
999626
999759
999756
999521
999988
999843
999977
999446
999412
999965
999904
999791
999894
999578
999904
999925
999963
999822
999865
1000003
999841
999488
999588
999441
999408
999956
999817
999928
999957
999582
999697
999454
999793
999545
999573
999703
999581
999846
999803
999920
1000003
999423
999986
999812
999603
999765
999747
999989
999866
999456
999785
999832
999500
999914
999845
999830
999893
999783
999898
999698
999853
999912
999862
999926
999975
999944
999483
999761
999867
999820
999957
999985
999819
999594
999969
999855
999501
999567
999752
999794
999850
999663
999748
999667
999990
999861
999984
999579
999980
999854
999425
999897
999840
999876
999944
999982
999582
999401
999427
999584
999668
999423
999762
999915
999667
999998
999749
999480
999553
999668
999651
999823
999473
999800
999901
999971
999612
999890
999709
999927
999674
999778
999927
999827
999495
999808
999829
999794
999489
999706
999612
999973
999883
999994
999835
999448
999838
999502
999584
999545
999863
999972
999576
999942
999900
999524
999596
999861
999828
999429
999796
999962
999993
999793
999943
999976
999695
999784
999524
999893
999988
999547
999515
999504
999960
999594
999527
1000003
999418
999937
999607
999782
999583
999805
999779
999709
999656
999827
999861
999826
999781
999425
999447
999655
999393
999880
999442
999833
999489
999673
999858
999811
999748
1000003
999899
999834
999885
999623
999887
999802
999947
999415
999515
999916
999880
999863
999546
999698
999449
999748
1000001
999746
999749
999513
999976
999941
999947
999817
999582
999887
999775
999903
999983
999418
999676
999846
999785
999898
999946
999828
999393
999678
1000000
999685
999473
999776
999504
1000003
999744
999413
999827
999801
999755
999832
999857
999885
999910
999488
999676
999936
999583
999419
999991
999989
999474
999975
999434
999574
999963
999501
999706
999799
999892
999384
999613
999969
999612
999850
999420
999602
999981
999518
999611
999832
999805
999878
999762
999959
999833
999987
999588
999870
999802
999514
999948
999733
999680
999698
999883
999686
999480
999398
999413
999708
999411
999972
999815
999810
999862
999962
999921
999555
999950
999660
999560
999498
999966
999509
999797
999988
999852
999704
999861
1000003
999763
999993
999596
999596
999510
999538
999600
999527
999814
999501
999405
999998
999396
999702
999675
999988
999431
999739
999678
999884
999556
999849
999785
999588
999770
999800
999715
999997
999961
999434
999969
999767
999403
999926
999735
999534
999838
999754
999613
999863
999402
999768
999485
999495
999765
999887
999762
999651
999500
999864
999625
1000003
999465
999587
999562
999480
999946
999577
999755
999478
999763
999754
999990
999577
999512
999521
999591
999547
999848
1000003
1000003
999866
999621
999605
999765
999563
999790
999858
999768
1000003
999569
999789
999616
999489
999434
999427
999839
999605
999558
999897
999951
999824
999398
999916
999869
999933
999907
999489
999928
1000003
999653
999588
999651
999780
999955
999549
999933
999778
999874
999708
999773
999814
999762
999442
999751
999907
999774
999702
999816
999983
999901
999840
999931
999726
999780
999662
999907
999938
999920
999554
999732
999775
999788
999912
999826
999656
999885
999412
999999
999846
999606
999835
999710
999839
999781
999426
999524
999709
999752
999965
999875
999678
999479
999683
999847
999816
999589
999640
999582
999798
999903
999843
999566
999831
999736
999972
1000001
999915
999986
999935
999659
999763
999663
999771
999891
999929
999998
999717
999907
999919
999677
999978
999873
999961
999880
1000003
999878
999739
999901
999955
999562
999813
999898
999553
999825
999792
999964
999777
999910
999588
999968
999462
999878
999986
999437
999537
999401
999512
999505
999737
