1000003
1000003
1000003
1000003
1000003
1000003
1000003
1000003
1000003
1000003
1000003
1000003
1000003
1000003
1000003
1000003
1000003
1000003
1000003
1000003
1000003
1000003
1000003
1000003
1000003
1000003
1000003
1000003
1000003
1000003
1000003
1000003
1000003
1000003
1000003
1000003
1000003
1000003
1000003
1000003
1000003
1000003
1000003
1000003
1000003
1000003
1000003
1000003
1000003
1000003
1000003
1000003
1000003
1000003
1000003
1000003
1000003
1000003
1000003
1000003
1000003
1000003
1000003
1000003
1000003
1000003
1000003
1000003
1000003
1000003
1000003
1000003
1000003
1000003
1000003
1000003
1000003
1000003
1000003
1000003
1000003
1000003
1000003
1000003
1000003
1000003
1000003
1000003
1000003
1000003
1000003
1000003
1000003
1000003
1000003
1000003
1000003
1000003
1000003
1000003
1000003
1000003
1000003
1000003
1000003
1000003
1000003
1000003
1000003
1000003
1000003
1000003
1000003
1000003
1000003
1000003
1000003
1000003
1000003
1000003
1000003
1000003
1000003
1000003
1000003
1000003
1000003
1000003
1000003
1000003
1000003
1000003
1000003
1000003
1000003
1000003
1000003
1000003
1000003
1000003
1000003
1000003
1000003
1000003
1000003
1000003
1000003
1000003
1000003
1000003
1000003
1000003
1000003
1000003
1000003
1000003
1000003
1000003
1000003
1000003
1000003
1000003
1000003
1000003
1000003
1000003
1000003
1000003
1000003
1000003
1000003
1000003
1000003
1000003
1000003
1000003
1000003
1000003
1000003
1000003
1000003
1000003
1000003
1000003
1000003
1000003
1000003
1000003
1000003
1000003
1000003
1000003
1000003
1000003
1000003
1000003
1000003
1000003
1000003
1000003
1000003
1000003
1000003
1000003
1000003
1000003
1000003
1000003
1000003
1000003
1000003
1000003
1000003
1000003
1000003
1000003
1000003
1000003
1000003
1000003
1000003
1000003
1000003
1000003
1000003
1000003
1000003
1000003
1000003
1000003
1000003
1000003
1000003
1000003
1000003
1000003
1000003
1000003
1000003
1000003
1000003
1000003
1000003
1000003
1000003
1000003
1000003
1000003
1000003
1000003
1000003
1000003
1000003
1000003
1000003
1000003
1000003
1000003
1000003
1000003
1000003
1000003
1000003
1000003
1000003
1000003
1000003
1000003
1000003
1000003
1000003
1000003
1000003
1000003
1000003
1000003
1000003
1000003
1000003
1000003
1000003
1000003
1000003
1000003
1000003
1000003
1000003
1000003
1000003
1000003
1000003
1000003
1000003
1000003
1000003
1000003
1000003
1000003
1000003
1000003
1000003
1000003
1000003
1000003
1000003
1000003
1000003
1000003
1000003
1000003
1000003
1000003
1000003
1000003
1000003
1000003
1000003
1000003
1000003
1000003
1000003
1000003
1000003
1000003
1000003
1000003
1000003
1000003
1000003
1000003
1000003
1000003
1000003
1000003
1000003
1000003
1000003
1000003
1000003
1000003
1000003
1000003
1000003
1000003
1000003
1000003
1000003
1000003
1000003
1000003
1000003
1000003
1000003
1000003
1000003
1000003
1000003
1000003
1000003
1000003
1000003
1000003
1000003
1000003
1000003
1000003
1000003
1000003
1000003
1000003
1000003
1000003
1000003
1000003
1000003
1000003
1000003
1000003
1000003
1000003
1000003
1000003
1000003
1000003
1000003
1000003
1000003
1000003
1000003
1000003
1000003
1000003
1000003
1000003
1000003
1000003
1000003
1000003
1000003
1000003
1000003
1000003
1000003
1000003
1000003
1000003
1000002
1000002
1000001
1000001
1000000
1000000
999999
999998
999998
999997
999997
999996
999996
999995
999995
999994
999994
999993
999993
999992
999992
999991
999991
999991
999990
999990
999989
999989
999989
999988
999988
999987
999987
999986
999986
999985
999984
999982
999981
999981
999981
999980
999980
999980
999979
999979
999978
999978
999977
999977
999976
999976
999975
999975
999974
999974
999973
999973
999972
999971
999971
999970
999969
999969
999968
999968
999967
999967
999966
999966
999965
999965
999964
999964
999964
999963
999963
999963
999962
999962
999961
999961
999960
999960
999960
999959
999959
999959
999958
999958
999957
999957
999957
999956
999956
999956
999955
999955
999955
999954
999954
999953
999953
999953
999952
999952
999951
999951
999950
999950
999950
999949
999949
999948
999948
999947
999947
999946
999946
999945
999945
999944
999943
999943
999943
999942
999942
999942
999941
999941
999940
999940
999940
999939
999939
999938
999938
999937
999937
999936
999936
999936
999935
999935
999934
999934
999934
999933
999933
999932
999932
999932
999931
999931
999930
999930
999929
999929
999928
999928
999928
999927
999927
999926
999926
999925
999925
999925
999924
999924
999923
999923
999922
999922
999921
999921
999920
999920
999919
999918
999918
999918
999917
999917
999916
999916
999915
999915
999914
999914
999914
999913
999913
999912
999912
999911
999911
999910
999910
999909
999909
999908
999908
999908
999907
999907
999906
999906
999906
999905
999905
999905
999904
999904
999903
999903
999903
999902
999902
999901
999901
999901
999900
999900
999900
999899
999899
999898
999898
999897
999897
999896
999895
999895
999894
999894
999893
999893
999893
999892
999892
999891
999891
999890
999889
999889
999888
999888
999887
999887
999886
999885
999885
999884
999884
999884
999883
999883
999882
999882
999881
999881
999880
999880
999880
999879
999879
999879
999878
999878
999878
999877
999877
999877
999876
999876
999875
999875
999874
999874
999873
999873
999872
999872
999871
999870
999870
999870
999869
999869
999869
999868
999868
999867
999867
999866
999866
999866
999865
999865
999865
999864
999864
999864
999863
999863
999862
999862
999861
999861
999860
999860
999859
999859
999858
999858
999857
999857
999857
999856
999856
999855
999855
999855
999854
999854
999853
999853
999852
999852
999851
999851
999850
999850
999849
999849
999848
999848
999848
999847
999847
999847
999846
999846
999846
999845
999845
999844
999844
999843
999843
999842
999842
999841
999840
999840
999840
999839
999839
999838
999838
999837
999837
999836
999836
999835
999835
999834
999834
999833
999833
999832
999832
999832
999831
999831
999830
999830
999829
999829
999828
999828
999827
999827
999826
999826
999825
999825
999824
999824
999823
999823
999822
999822
999821
999820
999819
999819
999819
999818
999818
999817
999817
999817
999816
999816
999815
999815
999814
999814
999813
999813
999812
999812
999811
999811
999810
999810
999809
999809
999808
999808
999807
999806
999806
999806
999805
999805
999804
999804
999803
999803
999802
999802
999801
999801
999800
999800
999799
999799
999798
999798
999797
999796
999796
999795
999794
999794
999793
999793
999792
999792
999792
999791
999791
999790
999790
999789
999789
999788
999787
999787
999786
999786
999785
999785
999785
999784
999784
999783
999783
999782
999782
999781
999781
999780
999780
999779
999779
999778
999778
999777
999777
999776
999775
999775
999774
999773
999772
999771
999771
999770
999770
999769
999769
999768
999768
999767
999767
999766
999766
999765
999765
999764
999764
999763
999763
999762
999762
999761
999761
999760
999760
999759
999759
999758
999758
999757
999757
999756
999756
999755
999753
999753
999752
999752
999751
999751
999750
999750
999749
999748
999748
999747
999747
999746
999746
999746
999745
999745
999745
999744
999744
999743
999743
999742
999742
999742
999741
999741
999740
999740
999739
999739
999739
999738
999738
999738
999737
999737
999736
999736
999735
999735
999735
999734
999734
999733
999733
999732
999732
999732
999731
999731
999731
999730
999730
999730
999729
999729
999728
999728
999727
999727
999726
999726
999726
999725
999725
999725
999724
999724
999723
999723
999722
999722
999721
999721
999720
999719
999719
999719
999718
999718
999717
999717
999716
999716
999715
999715
999714
999714
999713
999713
999712
999712
999711
999711
999710
999710
999709
999709
999708
999708
999708
999707
999707
999706
999706
999705
999704
999704
999703
999703
999702
999702
999701
999701
999700
999700
999700
999699
999699
999699
999698
999698
999698
999697
999697
999696
999696
999695
999695
999695
999694
999694
999694
999693
999693
999693
999692
999692
999692
999691
999691
999691
999690
999690
999690
999689
999689
999689
999688
999688
999687
999687
999686
999686
999685
999684
999684
999683
999683
999682
999682
999681
999681
999680
999680
999679
999679
999678
999678
999677
999677
999676
999675
999675
999674
999673
999673
999672
999672
999671
999671
999670
999670
999669
999669
999668
999668
999668
999667
999667
999666
999666
999665
999665
999664
999664
999664
999663
999663
999663
999662
999662
999661
999661
999660
999660
999660
999659
999659
999658
999658
999657
999657
999657
999656
999656
999656
999655
999655
999654
999654
999653
999653
999652
999652
999652
999651
999651
999651
999650
999650
999649
999649
999648
999648
999648
999647
999647
999647
999646
999646
999646
999645
999645
999645
999644
999644
999644
999643
999643
999643
999642
999642
999642
999641
999641
999641
999640
999640
999640
999639
999639
999638
999638
999638
999637
999637
999637
999636
999636
999635
999635
999634
999634
999633
999633
999632
999631
999631
999630
999630
999629
999628
999628
999627
999626
999626
999626
999625
999625
999625
999624
999624
999623
999623
999622
999621
999621
999621
999620
999620
999620
999619
999619
999618
999618
999617
999617
999616
999616
999615
999615
999615
999614
999614
999614
999613
999613
999613
999612
999612
999611
999611
999610
999609
999609
999608
999608
999607
999607
999606
999606
999605
999605
999605
999604
999604
999604
999603
999603
999602
999602
999602
999601
999601
999600
999600
999599
999599
999598
999598
999597
999597
999597
999596
999596
999595
999595
999594
999594
999593
999592
999592
999591
999591
999590
999590
999589
999589
999588
999588
999587
999587
999586
999586
999586
999585
999585
999584
999584
999583
999582
999582
999582
999581
999581
999580
999580
999580
999579
999579
999578
999578
999577
999577
999577
999576
999576
999575
999575
999574
999574
999573
999573
999572
999572
999571
999571
999570
999570
999570
999569
999569
999569
999568
999568
999567
999567
999566
999566
999565
999565
999564
999564
999563
999563
999563
999562
999562
999561
999561
999560
999560
999560
999559
999559
999558
999558
999558
999557
999557
999557
999556
999556
999555
999555
999554
999554
999553
999553
999553
999552
999552
999551
999551
999550
999550
999549
999549
999548
999548
999547
999547
999546
999546
999545
999544
999544
999544
999543
999543
999542
999542
999542
999541
999541
999540
999540
999539
999539
999538
999538
999537
999537
999536
999536
999536
999535
999535
999535
999534
999534
999534
999533
999533
999532
999532
999531
999531
999531
999530
999530
999530
999529
999529
999529
999528
999528
999527
999527
999526
999526
999525
999524
999524
999523
999523
999523
999522
999522
999522
999521
999521
999520
999520
999519
999519
999519
999518
999518
999518
999517
999517
999516
999516
999515
999515
999515
999514
999514
999513
999513
999513
999512
999512
999511
999511
999510
999510
999510
999509
999509
999509
999508
999508
999508
999507
999507
999507
999506
999506
999505
999505
999504
999503
999503
999503
999502
999502
999501
999501
999501
999500
999500
999500
999499
999499
999499
999498
999498
999497
999497
999496
999496
999495
999495
999494
999494
999493
999493
999492
999491
999491
999490
999490
999489
999488
999488
999487
999486
999485
999485
999484
999484
999483
999483
999482
999482
999481
999480
999480
999480
999479
999479
999478
999478
999478
999477
999477
999476
999476
999475
999475
999475
999474
999474
999474
999473
999473
999472
999472
999472
999471
999471
999470
999470
999469
999469
999469
999468
999468
999468
999467
999467
999467
999466
999466
999466
999465
999465
999464
999464
999464
999463
999463
999463
999462
999462
999461
999461
999460
999460
999459
999459
999458
999458
999457
999457
999457
999456
999456
999455
999455
999454
999454
999454
999453
999453
999452
999452
999452
999451
999451
999450
999450
999449
999448
999447
999447
999446
999446
999445
999445
999445
999444
999444
999443
999443
999443
999442
999442
999441
999441
999441
999440
999440
999439
999439
999438
999438
999437
999437
999437
999436
999436
999435
999435
999435
999434
999434
999434
999433
999433
999432
999432
999431
999431
999430
999430
999430
999429
999429
999428
999428
999427
999427
999427
999426
999426
999425
999425
999424
999423
999423
999422
999422
999422
999421
999421
999421
999420
999420
999420
999419
999419
999418
999418
999417
999417
999416
999416
999415
999415
999414
999414
999414
999413
999413
999413
999412
999412
999411
999411
999410
999410
999409
999408
999408
999408
999407
999407
999407
999406
999406
999405
999405
999405
999404
999404
999404
999403
999403
999402
999402
999401
999401
999400
999400
999399
999399
999398
999397
999396
999396
999395
999395
999394
999394
999393
999392
999392
999391
999391
999390
999390
999389
999389
999388
999388
999388
999387
999387
999386
999386
999385
999385
999384
999384
999383
999383
999382
999382
999382
999381
999381
999381
999380
999380
999379
999379
999378
999378
999377
999377
999376
999376
999376
999375
999375
999375
999374
999374
999374
999373
999373
999373
999372
999372
999371
999371
999371
999370
999370
999369
999369
999369
999368
999368
999368
999367
999367
999366
999366
999365
999365
999365
999364
999364
999364
999363
999363
999363
999362
999362
999361
999361
999360
999360
999359
999359
999358
999358
999358
999357
999357
999356
999356
999355
999354
999354
999353
999353
999352
999352
999351
999350
999346
999346
999345
999344
999344
999344
999343
999343
999343
999342
999342
999342
999341
999341
999340
999340
999340
999339
999339
999338
999338
999338
999337
999337
999336
999336
999335
999335
999334
999334
999333
999333
999333
999332
999332
999331
999331
999330
999330
999329
999329
999328
999328
999327
999327
999326
999326
999325
999325
999324
999324
999323
999323
999323
999322
999322
999321
999321
999320
999320
999319
999319
999318
999317
999317
999316
999316
999315
999315
999314
999314
999313
999313
999312
999311
999309
999310
999311
999311
999311
999311
999311
999311
999311
999311
999311
999311
999311
999311
999311
999311
999311
999311
999311
999311
999311
999311
999311
999311
999311
999311
999311
999311
999311
999311
999311
999311
999311
999311
999311
999311
999311
999311
999311
999311
999311
999311
999311
999311
999311
999311
999311
999311
999311
999311
999311
999311
999311
999311
999311
999311
999311
999311
999311
999311
999311
999311
999311
999311
999311
999311
999311
999311
999311
999311
999311
999311
999311
999311
999311
999311
999311
999311
999311
999311
999311
999311
999311
999311
999311
999311
999311
999311
999311
