2000 2000
0 0 0 0 1 1 2 2 2 2 2 1 1 1 1 1 2 2 1 1 1 1 1 1 1 1 1 2 2 2 2 2 2 2 2 2 2 2 2 2 4 4 4 4 4 4 4 4 4 4 4 4 4 3 3 3 3 3 2 2 2 2 2 2 2 2 2 3 3 3 3 3 4 4 4 4 4 5 4 4 4 4 4 4 4 4 4 5 5 5 5 5 6 6 6 6 6 5 5 5 5 5 5 5 5 5 5 5 5 5 4 3 3 3 3 3 3 3 3 3 3 3 3 3 4 4 3 3 3 3 3 2 2 2 2 2 2 2 2 2 2 2 2 2 3 3 3 3 3 3 3 3 3 3 3 3 3 4 4 4 4 4 4 4 4 4 3 3 3 3 3 3 3 3 3 3 3 3 3 1 1 1 1 1 1 1 1 1 1 1 1 1 2 2 2 2 3 2 2 2 2 3 3 3 3 3 4 3 3 3 3 3 3 3 3 3 1 1 2 2 2 2 2 2 2 2 2 1 1 1 1 1 1 1 1 1 2 2 2 2 2 2 2 2 2 2 3 3 3 3 1 1 2 2 2 2 2 2 2 2 1 1 1 1 1 1 1 1 1 1 1 2 2 2 2 2 3 3 3 3 3 4 4 4 4 4 3 3 2 1 1 1 1 1 2 2 2 2 2 3 3 4 4 4 4 4 4 4 4 4 5 5 6 7 8 8 8 8 8 8 8 8 8 9 8 7 7 7 7 7 7 7 7 7 8 8 8 8 8 8 8 8 8 11 11 11 11 11 10 12 12 13 13 14 14 15 14 14 14 14 14 13 13 13 13 13 13 13 13 13 12 12 12 12 12 13 13 13 13 14 14 15 15 13 13 13 13 13 13 13 13 13 12 12 12 12 12 11 11 11 11 12 12 12 12 12 12 12 12 12 12 12 12 12 13 13 13 13 12 12 13 13 13 13 13 14 13 13 13 13 13 13 13 13 13 12 12 12 12 13 13 12 12 12 12 12 12 12 12 12 12 13 13 13 13 12 12 12 12 12 12 12 12 12 13 13 13 13 13 13 13 13 13 14 13 12 12 12 12 12 13 13 13 13 14 15 15 15 15 15 15 15 15 15 14 14 14 14 14 13 13 13 13 14 14 14 14 14 14 14 14 14 14 14 14 14 15 15 15 15 15 15 15 15 15 15 15 15 15 15 14 14 14 14 14 14 14 14 14 13 13 13 13 13 13 13 13 13 13 13 14 14 14 14 14 14 14 14 14 13 14 14 14 14 14 15 15 15 15 17 17 17 17 17 17 17 17 17 17 17 17 17 18 18 18 18 18 18 18 18 18 18 18 18 18 19 19 19 19 18 18 18 18 18 18 18 18 18 19 19 19 19 19 19 19 19 19 19 19 19 19 20 20 20 20 20 20 20 20 20 21 21 21 21 21 21 21 21 21 22 22 22 22 22 22 22 22 22 23 23 23 23 23 25 25 25 25 25 25 25 25 25 26 26 26 26 26 26 26 26 26 27 27 27 27 28 28 28 28 28 29 29 29 29 29 29 29 29 29 29 29 29 29 29 29 29 29 29 29 29 29 29 29 29 29 29 29 29 29 29 29 28 28 27 28 29 29 29 29 29 30 30 30 30 30 30 30 30 30 30 30 30 30 31 31 30 31 31 31 31 31 31 31 31 31 32 32 32 32 32 33 32 32 32 32 32 32 32 32 32 32 32 32 32 32 32 32 32 32 31 31 31 31 30 30 30 30 31 31 31 31 31 31 31 31 31 30 30 30 30 30 31 31 32 32 32 32 32 32 32 32 32 32 32 32 32 33 33 33 33 33 32 32 32 32 33 33 33 33 33 33 33 33 33 33 33 33 33 32 31 31 31 31 30 30 30 30 30 30 30 30 30 29 29 29 29 29 29 29 29 29 29 29 29 29 27 27 27 27 27 28 28 28 28 27 26 26 26 26 26 27 27 29 29 29 29 29 29 29 29 29 30 30 29 29 29 29 29 30 30 30 30 30 29 29 29 29 29 29 29 29 29 29 29 29 29 29 29 29 29 29 29 29 29 29 29 29 29 29 28 28 28 28 28 27 28 28 28 28 30 30 30 30 30 31 31 33 33 33 33 33 33 33 33 33 33 33 33 33 34 34 34 34 34 34 34 34 34 34 34 34 34 34 34 33 33 33 33 33 33 33 33 33 33 33 33 33 34 35 35 35 35 35 35 35 35 35 35 35 35 35 35 34 34 34 34 33 33 33 33 33 33 33 33 33 34 34 34 34 34 35 34 34 34 34 34 34 34 34 34 34 34 34 34 35 35 35 35 35 35 35 35 35 35 35 35 35 34 34 34 34 34 34 35 35 35 35 34 35 35 35 35 35 35 35 35 35 35 35 35 35 35 35 35 35 35 35 35 35 35 34 34 34 34 34 34 34 34 34 35 35 35 35 35 36 36 37 37 37 37 37 37 37 37 37 38 38 39 40 40 41 41 41 41 41 41 41 41 41 41 41 41 41 42 42 42 42 41 41 41 41 41 41 41 41 41 40 40 40 40 40 40 40 40 40 40 40 40 40 39 39 39 39 38 38 38 38 38 38 38 38 38 37 38 38 38 38 38 39 39 39 39 39 40 40 40 40 40 41 41 41 41 42 43 43 43 43 43 43 43 43 43 46 46 46 46 45 45 45 45 45 45 45 45 45 44 44 44 44 44 45 45 45 45 45 44 45 45 46 46 46 46 46 47 46 46 47 47 47 47 48 48 49 49 50 50 49 49 49 49 49 49 49 49 49 49 49 49 49 50 50 50 50 51 52 52 53 53 53 53 52 52 52 52 52 53 53 53 53 53 53 53 53 53 53 53 53 53 54 54 55 55 55 55 55 55 55 55 55 56 56 56 56 56 56 56 56 56 56 56 56 56 56 56 56 56 56 57 57 57 57 57 57 57 57 57 58 58 58 58 57 57 57 57 57 57 58 58 58 58 58 56 56 56 56 56 56 57 57 57 57 57 56 56 56 56 56 56 56 56 56 56 56 56 56 57 57 57 57 57 56 56 56 56 57 57 57 57 58 58 58 58 58 58 58 58 58 58 58 58 58 59 59 59 59 58 58 58 58 58 58 58 58 58 59 59 60 60 60 60 61 61 61 61 61 61 62 63 63 63 63 63 64 64 64 64 64 64 64 64 64 64 64 64 64 64 64 64 64 64 62 62 63 63 63 63 63 63 63 63 63 62 62 63 63 63 63 62 62 62 62 62 62 62 62 62 62 62 62 62 61 62 62 62 62 62 62 62 62 62 62 62 62 62 61 61 61 61 61 61 61 61 61 63 63 63 63 63 63 63 63 63 64 64 64 64 64 64 64 64 64 65 65 65 65 65 64 64 63 63 63 63 63 63 63 63 63 63 63 63 63 62 62 62 62 62 62 62 62 62 62 62 62 62 63 63 63 63 63 63 63 63 63 63 63 63 63 62 62 62 62 62 62 62 62 62 61 61 61 61 61 61 61 61 61 62 62 61 61 60 61 61 61 61 61 61 61 61 61 60 60 61 61 61 61 60 60 60 60 60 60 60 60 60 61 61 61 61 61 61 61 61 61 60 60 60 60 60 60 59 58 58 58 58 58 58 58 58 58 56 56 56 56 56 57 57 58 58 58 58 59 59 59 59 59 59 59 59 59 59 59 59 59 59 59 59 59 59 59 59 59 59 59 59 59 59 59 58 58 58 58 58 58 58 58 58 59 59 59 59 59 58 58 58 58 56 56 56 56 56 56 56 56 56 55 55 55 55 55 54 54 54 54 54 55 55 55 55 55 55 55 55 55 55 55 55 55 56 54 54 54 54 55 55 55 55 55 55 55 55 55 54 54 54 54 55 55 55 55 56 56 57 57 57 57 57 58 57 57 57 57 57 57 57 57 57 58 58 58 58 59 59 59 59 59 59 59 59 59 58 58 58 58 59 59 59 59 59 59 59 59 59 59 59 59 59 60 60 60 60 60 60 60 60 60 59 58 58 58 58 59 59 59 59 59 59 59 59 59 59 59 59 59 59 59 60 60 60 60 60 60 60 60 60 60 60 60 60 61 61 61 61 62 62 62 62 62 62 62 62 62 63 62 62 62 62 61 61 61 61 61 62 62 61 61 60 60 60 60 60 59 59 59 59 59 59 59 59 59 58 58 58 58 58 58 58 58 58 58 58 58 58 59 59 59 59 59 60 59 59 59 59 59 58 57 57 57 57 57 57 57 57 57 59 59 59 59 59 59 59 59 59 60 60 58 58 58 57 57 57 57 57 57 57 57 57 58 58 59 59 59 59 59 59 59 59 59 60 61 61 61 61 61 59 58 58 58 58 57 58 59 59 59 59 59 59 59 59 59 60 60 60 60 60 60 60 60 60 59 59 59 59 59 58 58 58 58 58 57 57 57 57 57 55 55 55 55 55 55 55 55 55 55 55 55 55 56 56 56 56 56 56 56 56 56 56 56 56 56 55 55 55 55 54 54 54 54 53 53 53
188 519
1986 1992
218 862
1167 1882
1781 1918
95 919
802 1483
1536 1688
1414 1796
1913 1947
921 1939
1346 1940
1345 1781
1026 1189
1373 1576
1617 1884
215 965
1750 1852
1697 1802
1026 1886
628 1515
589 1259
1282 1919
421 1090
185 1922
708 1938
1455 1923
418 2000
1393 1651
1874 1907
1756 1831
391 1194
1081 1156
1708 1754
226 1708
228 856
1772 1946
1937 1978
1165 1672
1550 1674
447 1818
1528 1604
1249 1311
1634 1986
759 1390
466 1163
1521 1785
429 1572
1961 1967
1280 1491
1664 1869
212 1660
149 696
1907 1981
1234 1627
1236 1245
1209 1933
920 1672
495 1282
1663 1946
193 340
1543 1919
255 716
1700 1891
1512 1708
1973 1986
413 1259
1249 1687
439 1810
302 1775
1573 1808
444 1963
1533 1752
394 1681
1294 1945
909 1390
519 1899
81 1356
141 1041
1688 1876
745 868
1199 1492
1223 1953
1590 1784
969 1437
1377 1771
1753 1971
926 1824
851 1206
1393 1506
902 1956
1224 1253
1096 1297
378 1220
1003 1242
131 249
1527 1548
83 1362
1915 1969
1210 1673
631 1379
1802 1977
387 1171
1197 1821
1307 1835
777 1048
1298 1995
530 1725
645 1211
85 1148
580 1055
1555 1592
704 1516
516 1920
906 966
218 1172
350 1055
1980 1999
1006 1557
795 1058
131 1002
1282 1911
1035 1992
808 1152
1895 1896
31 151
551 1218
1520 1814
749 1695
990 1880
1439 1563
51 1667
1648 1766
1609 1675
1543 1667
833 914
853 1023
1757 1896
901 1138
388 1213
3 587
1154 1303
972 991
337 572
1721 1841
773 1388
1710 1964
1639 1970
1662 1977
191 1619
257 727
1311 1783
1805 1859
244 1296
816 1090
1236 1908
1471 1694
1485 1919
876 1377
117 1750
642 1498
324 838
590 1832
1220 1878
12 656
193 924
1763 1975
1001 1770
1983 1990
96 1491
48 988
1658 1875
1542 1997
1658 1769
1392 1411
295 1397
359 1125
737 1355
632 847
159 1571
821 1766
1369 1392
1823 1871
967 1226
846 1818
1567 1633
752 805
592 1130
1326 1795
1420 1591
1616 1775
1701 1861
1118 1948
931 1106
1720 1726
775 1707
1144 1311
1696 1780
976 1517
1685 1731
1456 1510
1923 1956
960 1232
1904 1984
287 558
77 1471
322 1584
1619 1639
132 1722
827 1758
1846 1874
932 1898
1509 1625
755 1382
333 1455
850 1938
224 1789
73 1391
642 1824
1241 1759
944 1521
1542 1870
1326 1439
1561 1951
1102 1911
431 1563
821 1752
693 719
1479 1594
2 1519
642 1691
44 189
83 1369
981 1746
952 1432
1013 1904
801 1564
1173 1974
207 777
862 1684
1120 1149
44 1319
1798 1911
485 1631
615 1731
1577 1649
1858 1889
1371 1532
503 1040
421 1510
1477 1544
1474 1576
627 1147
564 1838
821 1130
1538 1605
528 1727
62 704
539 972
1334 1917
1812 1905
691 1211
51 1417
1322 1550
591 1472
1298 1559
1098 1772
1934 1999
1559 1777
595 1051
907 1644
57 455
1785 1866
478 1235
1902 1929
1563 1837
1381 1416
1225 1773
1902 1969
512 1951
1943 1953
1644 1793
50 1967
1903 1967
540 784
1510 1923
422 1859
1195 1845
234 785
837 1256
1451 1629
1019 1123
1467 1572
693 844
1426 1653
809 1851
183 1890
1889 1961
1384 1847
1494 1965
857 1327
463 832
913 1176
509 948
1194 1798
73 81
533 1853
1024 1976
169 1141
195 1347
918 1024
340 405
279 1604
315 329
848 1177
1943 1989
882 1715
1142 1310
676 1663
1039 1304
1471 1687
1481 1744
203 665
271 1031
1886 1920
1797 1866
990 1312
1726 1970
664 1544
1206 1587
1113 1787
1574 1601
1223 1672
1583 1727
691 1071
363 1678
1311 1544
1310 1661
516 1320
1808 1961
823 887
1504 1702
1279 1362
629 634
708 1122
313 1723
527 1731
1216 1296
830 904
456 1032
1181 1795
1440 1762
1783 1860
342 426
396 1860
86 737
1247 1917
1293 1355
1564 1619
204 1173
1825 1954
76 1150
572 1406
1902 1909
366 1331
443 824
627 1324
540 806
1339 1614
1365 1556
1695 1827
1122 1624
918 1014
936 1388
1642 1955
343 629
39 418
1044 1880
1349 1415
1495 1924
1995 1997
155 371
764 1803
611 965
527 821
1463 1487
854 1698
979 1491
1528 1733
135 764
1512 1856
54 1296
676 1022
1852 1888
1993 1999
249 1679
223 1983
1787 1856
1637 1725
362 1130
1639 1737
892 1984
653 1649
1898 1987
751 1023
1241 1818
254 476
1518 1598
762 1926
1476 1503
909 1377
1712 1908
875 917
192 551
653 1509
1214 1359
1927 1981
491 1980
363 1938
138 398
874 1336
1376 1961
330 1856
389 1006
429 1630
170 1980
1366 1927
1058 1658
245 835
1266 1642
1396 1981
399 952
505 720
978 1669
1112 1195
1540 1730
615 1793
1842 1970
1917 1977
1842 2000
1852 1892
1726 1794
227 613
391 686
807 1227
920 1784
1752 1981
306 1971
1142 1697
583 913
1896 1965
1159 1322
889 926
1545 1639
678 1929
1856 1994
619 1415
629 1151
1700 1897
16 1491
1850 1855
1440 1547
828 1643
244 1797
1140 1934
1065 1146
977 1220
653 1276
58 1986
1399 1523
569 914
610 1954
476 1860
1083 1775
348 1470
156 1405
857 1387
636 1915
1328 1746
1424 1970
651 1020
1975 1979
879 1216
8 1410
649 1074
351 1068
1901 1975
1613 1998
1989 1998
335 573
936 1173
619 1919
1003 1346
829 1484
961 1212
1479 1963
1947 1978
1050 1336
1677 1819
376 421
606 1549
1401 1456
1110 1413
814 952
406 1525
902 1593
1 803
1200 1728
166 1651
127 1064
334 1064
928 1451
309 1094
471 1727
1915 1944
633 1121
1663 1859
439 484
1145 1324
1087 1708
1124 1528
403 986
1147 1363
1554 1943
981 1943
176 1531
885 1329
1949 1986
1200 1654
880 1056
815 1665
1102 1479
1552 1581
510 627
632 1326
277 1204
981 1447
909 1511
265 1647
1646 1833
1670 1973
786 1101
254 414
334 569
1936 1984
1972 1983
1426 1769
623 883
1905 1967
1789 1977
1162 1789
570 1285
968 1759
588 808
1669 1917
894 1927
1992 1999
1498 1828
1269 1821
473 1746
1385 1610
271 1542
679 953
921 1366
1753 1945
404 627
294 684
302 776
1505 1786
1953 1957
1848 1874
1170 1960
633 752
1632 1752
1928 1975
1004 1689
930 1080
1305 1752
975 1224
132 831
1706 1967
459 1692
1339 1716
768 1748
928 1760
1874 1930
766 1088
1763 1996
1092 1191
105 1584
1471 1510
465 1724
611 1547
1193 1705
763 1773
1688 1777
1207 1645
581 1160
1197 1734
672 1520
4 192
1475 1711
1329 1855
1489 1636
192 1817
1003 1645
155 742
87 908
216 426
379 657
1188 1260
66 677
915 1515
433 1358
1395 1540
351 583
74 1179
919 1392
1577 1972
553 1406
848 1082
1840 1942
1470 1767
377 917
1243 1761
1890 1944
1697 1716
159 935
1964 1986
574 1272
1328 1523
2 964
278 1086
328 418
1466 1867
992 1227
501 826
894 1178
950 1236
1826 1889
1923 1965
428 1824
1303 1739
387 1939
841 969
925 1990
1120 1676
887 926
946 1942
600 611
1611 1792
409 1157
163 441
1761 1913
1891 1904
1075 1799
1856 1944
2000 2000
1710 1792
428 1891
1941 1985
543 1095
1484 1914
315 777
193 1858
1480 1809
1163 1203
994 1953
500 703
1912 1917
563 771
1283 1592
1686 1905
1677 1915
368 585
681 1050
1804 1805
1062 1953
731 1946
1043 1544
1170 1922
1765 1911
1953 1965
1368 1485
1080 1718
1722 1954
1018 1700
791 1613
1761 1969
1779 1940
1612 1727
1569 1739
546 1034
1493 1772
467 1966
447 1839
1212 1731
899 1405
1571 1955
485 1225
319 1206
1178 1443
579 1709
874 1977
1305 1399
364 1421
1751 1959
530 1472
1540 1813
438 1812
723 868
646 1190
475 1745
1797 1976
11 591
1223 1924
1117 1619
590 1924
1268 1561
339 638
1170 1961
1904 1920
1578 1614
1744 1961
1743 1929
1698 1777
95 556
465 1801
64 1000
1574 1681
1013 1315
468 876
1807 1816
955 1114
1570 1794
545 1281
1617 1965
772 1157
1429 1444
59 1979
961 1550
1706 1986
1424 1656
1097 1841
1976 1978
1189 1225
1744 1972
939 958
1543 1674
1200 1922
1154 1387
1934 1976
643 1159
275 566
342 1599
835 1277
856 1983
478 1941
1532 1903
243 1170
1296 1321
722 1415
1517 1670
978 1585
722 1337
1664 1765
490 805
1959 1973
232 426
274 982
76 1368
1031 1407
1780 1810
1427 1473
112 448
1152 1281
918 1813
1687 1806
69 1452
1880 1917
1824 1880
280 584
987 1892
1326 1807
746 1715
842 1132
1153 1824
107 328
345 864
1945 1966
1111 1297
782 946
820 1593
1097 1992
55 382
319 811
1660 1676
854 1542
1577 1788
1512 1853
1329 1396
1858 1892
1573 1574
827 1469
1494 1956
1670 1672
1032 1935
282 315
246 619
1129 1624
538 932
482 1008
989 1996
1255 1600
938 1967
246 1281
763 1143
475 1703
1470 1875
1608 1742
746 1751
1664 1979
1516 1718
453 481
204 1062
1425 1576
474 955
157 1814
1689 1918
1718 1727
1252 1664
655 1594
746 1516
1440 1923
1884 1966
80 896
398 873
1617 1660
191 1887
1320 1661
454 1412
858 1239
990 1723
500 900
1479 1551
22 1682
1515 1699
1328 1788
1868 1994
1527 1930
693 1626
1055 1075
1202 1864
514 1760
1576 1770
95 1429
1377 1709
1431 1935
556 850
293 929
1932 1987
1209 1754
747 1942
994 1429
283 541
1147 1297
451 1674
232 1122
1753 1843
1411 1906
966 1716
1521 1925
939 1776
1099 1602
1759 1829
487 1306
1396 1612
531 867
1315 1441
230 1734
1299 1791
561 1238
472 930
1482 1747
1525 1682
685 1276
1037 1639
497 1148
1332 1605
1364 1459
414 477
1599 1887
314 581
1263 1833
1259 1519
1251 1873
592 670
100 425
1828 1974
55 971
385 841
974 1898
667 1343
119 411
1974 1994
1112 1197
551 1011
234 436
618 800
1229 1543
1192 1987
9 1089
784 1823
1880 1928
15 1712
1029 1067
997 1204
787 1471
323 1569
1417 1543
781 1774
1101 1185
1582 1714
1957 1958
1339 1571
1326 1529
1905 1943
1195 1857
793 1773
1824 1957
1301 1910
1125 1627
933 943
932 1045
289 645
508 544
1781 1977
1419 1564
276 1762
969 1441
153 216
285 1666
1322 1581
304 1577
126 1227
1044 1387
1539 1948
809 1864
1808 1919
548 766
1645 1919
862 1377
577 1041
358 716
536 1490
1241 1256
757 1423
1944 1963
1458 1616
1559 1995
1219 1528
1836 1881
1656 1794
244 1154
130 1768
1133 1803
193 648
1725 1903
1277 1774
301 646
1788 1861
1886 1943
821 1645
390 1210
1633 2000
439 1043
890 1605
1530 1963
1097 1124
556 804
762 1530
114 1193
1996 1997
1849 1861
231 1894
1258 1805
1287 1931
786 932
1221 1465
1308 1325
1052 1721
1209 1707
1072 1340
39 1188
607 1084
298 300
613 1906
1970 1970
930 1666
263 1225
423 698
355 1003
1797 1829
1151 1937
856 1160
250 1748
145 906
157 970
38 1712
7 300
1505 1797
1043 1863
1101 1628
410 671
912 1216
885 1883
259 259
1276 1813
127 1451
713 1805
1226 1236
1342 1723
159 1389
1087 1918
1374 1953
1979 1989
1570 1618
53 745
1118 1809
1030 1582
1122 1397
1955 1969
141 308
615 716
1060 1371
1237 1932
442 1078
1960 1989
1049 1480
1990 1996
941 1259
428 1748
193 1453
68 321
519 1085
1877 1951
1505 1661
1003 1144
1426 1633
358 1961
1765 1948
784 1249
488 1540
1267 1901
1042 1644
1617 1621
438 625
1302 1811
1454 1758
184 393
121 665
15 1839
1331 1347
1618 1946
106 569
335 1884
827 1412
1352 1830
628 1848
1746 1896
1029 1653
127 894
1678 1722
1715 1801
1851 1975
859 1266
52 243
919 1800
1028 1917
652 1413
637 1663
1579 1882
185 1730
74 1394
112 1682
1366 1532
1737 1752
407 783
1467 1897
1063 1613
1024 1677
1178 1796
1200 1606
839 916
290 1005
1569 1804
1524 1992
248 403
1055 1608
1427 1635
138 994
172 1677
254 857
1716 1759
1943 1969
969 1277
416 1495
385 1139
1021 1411
1775 1903
1564 1751
951 1046
875 1631
1993 1994
1301 1636
1988 1999
425 755
381 1511
263 696
1810 1863
108 925
1009 1056
895 1598
1033 1056
1339 1944
1171 1215
1649 1911
864 1043
176 967
500 1197
1442 1859
664 1768
1370 1992
1388 1502
1845 1845
1994 1995
742 1975
1896 2000
1791 1915
319 1325
1299 1760
1234 1513
1218 1455
402 738
1191 1500
127 971
6 233
834 1781
1543 1931
934 1585
949 989
1425 1756
922 1536
1442 1886
1851 1877
891 1687
1024 1355
817 1880
925 1037
1780 1786
1120 1349
1693 1870
413 1760
1345 1362
211 1862
1156 1301
770 1733
992 1680
1738 1992
549 1419
1229 1464
1435 1762
1741 1946
778 1673
1707 1882
906 1541
1026 1132
1408 1745
1894 1962
1976 1980
504 1111
1073 1317
1710 1836
941 1167
105 728
1523 1977
1652 1780
108 502
656 934
1620 1909
1857 1993
1742 1751
1064 1867
1613 1771
956 1914
71 542
1446 1538
1684 1891
1027 1875
985 1573
390 780
416 1716
1134 1983
1415 1615
524 1041
706 894
1212 1942
1452 1806
253 1199
445 1248
1285 1698
1858 1991
798 1851
835 1966
1384 1751
1199 1303
1702 1952
902 1988
1414 1486
997 1355
916 1507
1468 1561
1745 1889
1466 1554
366 1860
932 1542
1141 1660
1114 1857
399 1449
977 1869
748 1762
1958 1993
1706 1893
155 1880
1905 1979
1547 1679
1923 1957
1997 1999
888 1614
1241 1538
1920 1964
257 1550
1878 1908
197 1467
994 1219
1608 1723
1466 1950
149 1643
1822 1942
455 725
1746 1975
264 1343
394 738
1104 1510
778 1908
1389 1425
1082 1512
1527 1779
1133 1932
196 301
1352 1407
1425 1596
553 1987
1266 1753
586 868
1222 1327
1850 1944
1508 1772
185 282
570 746
1176 1738
1510 1705
526 561
255 543
1001 1759
739 1410
928 939
1115 1748
1470 2000
1652 1843
1582 1813
1135 1318
483 1950
345 1833
1460 1553
1978 1994
1153 1343
1458 1923
276 1075
103 1639
845 1297
1469 1976
1445 1817
158 163
704 1280
555 1836
842 1428
1675 1729
910 1075
1160 1396
664 904
1378 1547
1069 1517
1761 1786
273 1356
1805 1896
473 1665
884 1699
1483 1739
95 167
1565 1860
1762 1908
71 1162
1366 1930
806 1198
1561 1589
485 558
227 266
425 1777
109 381
816 1504
1515 1728
1273 1738
177 1412
1500 1599
543 1462
734 1012
693 723
1951 1984
264 1947
1574 1805
801 1604
699 920
359 1967
1726 1870
854 1559
1087 1339
1251 1764
1092 1758
1622 1821
1639 1924
1746 1763
1748 1867
601 1319
1221 1701
1948 1973
1201 1772
1669 1921
978 1194
1084 1940
646 1185
1292 1683
362 1295
447 562
1301 1713
1888 1967
1425 1658
35 1634
692 1230
1578 1967
1745 1844
166 276
1661 1952
620 889
508 940
1962 1992
1623 1720
739 1405
464 1213
1974 1976
1226 1940
493 1111
264 1626
953 1241
819 1990
1487 1835
1539 1594
1857 1901
138 1019
1393 1974
1394 1869
824 1189
789 1754
1526 1933
1233 1452
1599 1912
71 495
1843 1977
1781 1888
829 1160
1041 1108
555 1166
1138 1901
1074 1193
468 806
122 882
566 1147
1640 1888
563 1830
1070 1894
916 1919
1334 1565
126 1736
869 1110
1419 1889
1358 1602
1339 1979
1807 1977
1221 1595
1133 1624
1670 1802
1559 1861
1306 1996
1631 1661
877 1888
1118 1804
1308 1418
106 442
125 1047
102 1755
1021 1946
1140 1197
28 651
1946 1962
1488 1788
998 1857
484 1828
68 647
1677 1780
423 1728
1129 1522
441 1364
182 244
1459 1563
643 1110
1682 1873
936 1561
1113 1122
1913 1943
1966 1977
709 1229
1371 1717
74 580
497 1635
1268 1591
1732 1862
638 1789
1823 1929
926 1000
505 1708
1664 1713
828 1044
336 1158
1361 1371
857 1850
508 1929
338 1586
1448 1791
1339 1348
357 1278
1868 1906
466 731
142 1715
243 1801
1545 1583
875 1690
522 639
20 473
891 1548
378 1401
1446 1656
1814 1874
1724 1947
167 771
1392 1605
564 720
346 495
1015 1691
1925 1952
408 708
604 1944
1244 1495
562 834
1171 1962
1557 1898
1196 1393
123 1084
457 1248
140 1198
524 541
1255 1796
1683 1903
1006 1946
42 205
1951 1979
1532 1995
466 1275
1736 1769
1905 1993
1437 1952
175 1306
1677 1902
1538 1946
116 1624
865 1729
563 688
854 1520
1256 1467
288 1692
691 1756
111 456
974 1646
1317 1368
115 1928
1120 1254
1992 1997
1277 1801
822 825
881 1910
1981 1983
235 1592
578 1534
97 758
330 1690
421 893
1600 1964
1535 1890
1740 1970
1807 1835
420 1562
136 333
1446 1507
440 648
628 1206
1199 1757
1519 1688
883 1293
1679 1806
13 1918
356 954
1069 1944
514 1944
1355 1974
105 887
1166 1216
329 1780
1189 1548
517 1324
983 1187
1153 1846
1271 1361
654 1702
55 453
433 1773
764 1940
1468 1902
227 553
1023 1254
638 1724
1607 1632
1631 1841
781 1192
346 924
337 468
125 582
1975 1976
1743 1931
1306 1764
537 1330
1546 1819
36 1606
279 1546
1342 1468
527 1310
1816 1838
1090 1911
986 1116
322 1360
971 1817
543 1346
946 1319
1142 1558
1392 1808
1438 1852
1385 1530
724 1107
446 723
1070 1318
1576 1745
1413 1625
1241 1972
71 1047
1371 1699
1062 1608
1896 1974
1929 1992
1504 1839
160 1697
1613 1771
1181 1392
131 1606
1328 1342
1722 1788
1222 1817
1214 1458
675 1576
264 1432
482 1423
1815 1849
1054 1689
216 430
849 931
791 1248
1852 1876
1615 1998
1528 1550
1361 1415
876 876
406 468
592 990
1713 1833
503 1746
1443 1632
804 807
1239 1496
345 1056
1648 1658
973 1323
91 1125
671 1667
112 818
506 1642
746 1477
1174 1183
1577 1692
1488 1689
1086 1243
1403 1793
1464 1552
1870 1996
1331 1818
1766 1891
303 804
1556 1961
667 1612
1654 1693
882 1289
1017 1158
1616 1706
1240 1984
591 679
865 1573
1098 1132
1900 1975
162 1012
1791 1855
1819 1967
664 1761
439 611
536 1841
1940 1991
277 1616
201 1474
835 1404
268 1380
312 1112
1471 1940
983 1116
318 1271
1833 1914
825 1523
1328 1351
691 1457
1184 1738
929 1638
1207 1337
1810 1895
766 1669
1100 1258
591 1885
1843 1899
489 628
1835 1852
1270 1988
1676 1750
741 1475
1123 1240
171 1102
253 1422
167 770
1486 1796
1372 1935
632 1240
822 1349
1125 1256
1289 1528
1328 1524
1517 1592
963 1610
132 1360
1254 1425
504 1258
1028 1614
723 1280
943 1590
1492 1866
1847 1914
55 1724
1367 1536
1003 1257
1766 1977
3 556
409 1421
300 636
732 1831
28 1735
149 1847
831 1141
979 1822
471 1580
378 403
1762 1957
371 988
1692 1949
784 797
1889 1993
1192 1776
1132 1417
631 1283
564 1135
849 966
1835 1871
1550 1682
521 1340
922 972
1995 1995
5 44
269 1836
1773 1776
880 1546
539 1548
1793 1839
692 1605
1648 1846
717 1140
285 747
576 1225
1284 1553
1199 1630
209 1642
902 1628
888 1621
36 1248
896 1619
187 908
1565 1717
1601 1671
1756 1847
589 1793
578 1268
9 1001
1988 1997
668 1559
499 1447
1178 1400
1982 1993
853 1136
24 851
1394 1471
798 1689
1507 1858
443 1649
1873 1979
1094 1250
651 983
1378 1508
1207 1679
905 1515
406 574
283 790
1228 1935
1249 1463
1529 1587
1457 1737
1807 1881
1657 1739
1627 1867
743 1836
1989 1989
1219 1369
1421 1883
360 561
95 1244
1397 1780
1118 1407
1456 1532
1474 1597
416 1347
283 1977
1338 1707
389 1231
45 524
901 980
405 997
430 1677
605 1177
1504 1588
923 1589
1334 1604
1730 1751
9 1444
1398 1982
99 933
992 1822
1774 1777
1067 1600
1896 1900
866 965
1714 1889
2000 2000
1339 1952
1327 1356
381 1944
1266 1526
767 890
1332 1347
1885 1979
626 1175
657 1847
1670 1868
369 396
455 1258
1190 1600
1549 1655
258 1439
1146 1798
1418 1635
1456 1932
997 1621
1008 1194
1180 1601
869 901
187 221
563 1252
359 1260
460 1050
1789 1984
1293 1297
106 1559
547 1338
816 1209
171 352
994 1036
330 1468
449 807
733 1431
1247 1691
413 1298
348 1320
744 950
1133 1361
127 863
287 737
448 1348
694 1301
71 305
1379 1501
400 1617
1464 1666
1322 1663
742 1919
8 1279
1308 1922
1164 1194
1541 1544
1698 1702
1664 1940
446 999
249 695
329 1483
1236 1909
1891 1937
390 947
285 757
188 1662
1632 1855
1250 1944
1092 1393
751 1607
1060 1111
719 1611
256 414
1113 1287
1538 1803
1628 1978
1531 1787
1456 1825
295 1468
833 1291
1830 1904
425 1022
349 841
1937 1946
64 493
390 1546
1343 1607
1125 1453
1467 1882
688 1766
721 955
323 1752
1606 1717
159 1177
85 1127
978 996
134 840
1 1791
811 1677
1442 1493
1530 1919
663 1543
1337 1751
936 1176
180 1937
1295 1544
1579 1728
1788 1937
1368 1870
1291 1380
1416 1756
32 1499
1822 1942
577 1167
1584 2000
239 1667
580 1061
1016 1574
500 1643
1964 1971
1822 1891
816 1158
525 1554
1358 1382
1717 1838
271 1814
803 1709
1298 1836
1759 1790
1995 2000
1698 1980
1532 1938
1527 1790
823 1085
1137 1939
974 1480
49 276
556 850
1108 1519
233 1977
1625 1902
1692 1788
746 930
260 777
1289 1890
349 1893
554 608
967 1664
916 1439
1793 1881
783 1220
706 1367
1622 1659
760 1577
797 829
141 1810
1241 1577
1326 1679
584 1175
775 1603
1396 1599
363 537
88 933
1044 1221
1889 1995
1399 1561
1753 1884
1631 1667
577 1916
244 430
811 1938
1216 1294
1160 1825
1787 1923
1708 1902
1198 1835
406 790
1860 1966
1082 1547
631 1246
32 898
