21
59
39
71
68
39
70
68
71
65
71
71
71
50
71
68
40
68
66
71
71
57
71
43
71
71
71
71
71
64
67
50
47
64
71
39
68
64
71
67
71
68
62
68
65
47
69
71
59
70
68
71
34
66
71
54
71
71
60
68
13
69
35
68
69
60
57
71
71
71
67
71
68
71
71
65
71
64
42
68
39
70
71
67
69
71
68
71
50
71
71
57
61
52
54
10
67
64
66
71
64
68
47
71
71
42
71
71
51
47
42
67
71
71
39
47
42
60
71
42
41
71
71
47
59
11
51
69
71
71
70
71
65
65
68
36
41
68
47
51
23
62
39
22
68
65
68
68
68
71
35
71
67
61
42
71
70
70
64
71
70
39
71
71
28
39
68
71
59
70
41
68
69
65
68
66
47
64
39
71
71
64
66
53
71
66
38
47
71
71
66
68
71
45
60
71
62
65
71
62
70
65
54
66
22
70
71
64
71
71
64
71
69
65
70
71
71
65
71
71
71
69
69
69
71
71
71
34
70
71
71
12
64
71
69
71
71
71
38
71
45
63
68
71
71
66
64
71
42
71
70
70
47
71
47
68
71
34
40
71
67
51
69
71
70
71
71
65
67
42
71
20
67
54
65
68
69
71
66
71
64
66
71
66
38
70
71
71
38
57
70
46
70
39
71
71
71
66
71
70
63
39
48
40
71
8
71
71
47
63
41
20
71
12
48
64
71
62
71
62
70
70
30
42
65
67
62
68
71
71
71
66
71
66
42
71
71
71
63
68
37
69
64
24
46
71
71
61
36
42
71
70
67
20
71
36
71
63
66
47
67
47
68
61
63
39
63
38
71
71
67
71
41
65
68
25
20
71
69
70
56
19
71
40
39
68
71
70
68
38
69
61
41
64
57
71
71
67
64
47
64
71
71
66
41
71
20
69
71
69
64
68
35
22
71
64
65
71
71
20
63
71
71
41
71
71
71
71
39
71
71
40
35
71
50
68
71
66
66
66
64
66
24
33
53
71
68
71
71
39
66
63
35
67
71
66
69
47
68
70
61
70
71
71
71
47
52
59
71
71
39
71
71
71
70
67
65
71
71
71
41
58
51
68
42
42
66
68
59
22
47
71
63
70
51
70
63
63
67
19
71
69
68
39
71
71
38
71
71
42
42
70
43
71
65
46
68
19
63
71
71
41
64
69
71
71
63
63
71
42
71
70
66
25
63
50
70
71
71
68
68
44
20
22
65
60
71
39
66
68
71
60
71
39
68
71
58
70
71
71
71
71
40
64
68
25
33
38
69
61
64
71
37
65
65
71
42
71
52
39
68
71
71
71
71
65
42
68
50
71
69
71
71
71
71
65
71
47
71
71
12
70
71
70
71
71
36
39
20
28
57
31
71
64
71
23
48
65
69
68
42
66
70
39
71
66
60
39
61
59
71
40
42
20
71
53
39
48
54
66
65
71
71
71
39
71
71
35
71
22
66
47
20
68
63
71
66
53
66
71
64
43
70
38
71
70
50
71
34
62
38
71
68
68
23
42
61
71
71
71
71
68
62
70
71
68
71
71
68
68
65
67
42
70
71
71
71
67
69
53
50
69
71
71
66
69
68
70
68
71
39
50
71
68
23
71
71
71
71
26
71
64
66
68
68
65
22
71
41
66
63
39
65
46
67
60
68
47
67
71
71
68
71
71
58
53
68
38
68
71
65
65
47
22
71
59
71
71
69
47
63
69
69
71
63
65
38
60
20
41
64
68
65
68
20
60
71
66
70
64
66
23
71
71
71
47
71
13
39
64
61
39
71
71
19
39
62
71
67
69
65
64
62
70
70
58
71
10
25
71
39
41
71
71
71
60
47
71
70
65
71
68
69
18
42
70
40
71
68
61
71
71
71
71
66
39
39
65
71
71
68
54
71
39
70
71
69
71
66
69
71
40
71
71
67
69
71
71
39
39
65
71
71
69
22
61
71
46
68
71
71
69
71
71
67
62
71
39
69
71
71
54
39
70
69
59
71
47
71
70
19
68
23
71
71
71
30
20
67
40
39
71
63
20
61
50
41
20
38
71
71
42
71
65
71
41
50
70
71
70
71
49
66
59
71
71
65
71
71
67
71
71
36
41
27
20
68
71
71
69
9
71
71
71
53
65
69
71
68
38
68
64
42
35
70
57
69
64
70
69
71
65
66
47
71
71
27
68
71
27
67
66
71
51
68
42
71
69
46
38
71
50
55
62
71
71
71
39
70
62
71
71
63
49
42
4
71
55
71
53
34
41
67
71
47
71
39
40
71
12
69
71
71
30
51
71
2
71
70
71
53
71
65
71
71
60
66
36
71
71
66
61
11
35
64
71
42
61
70
58
57
71
70
13
42
66
69
47
71
71
68
56
71
71
71
61
25
71
70
20
30
71
61
68
22
71
68
71
71
68
71
39
61
66
66
58
12
71
71
68
71
68
71
65
71
71
63
38
71
71
71
71
71
36
41
67
69
20
71
71
41
71
39
64
64
59
70
47
68
68
67
41
71
56
71
59
37
71
34
67
39
41
71
40
71
51
68
41
40
50
71
71
71
71
59
55
71
66
68
63
71
71
70
36
71
40
12
71
69
71
40
71
71
71
64
71
64
71
41
62
64
68
71
62
71
62
71
71
68
69
70
70
68
71
68
71
47
71
66
59
45
63
68
47
35
69
66
21
39
68
66
63
71
66
71
22
70
68
71
71
38
71
71
71
42
39
71
70
50
56
71
66
71
71
71
62
68
71
69
64
71
70
68
70
71
71
71
71
70
71
71
62
68
71
66
67
65
55
71
71
65
71
64
70
51
65
71
71
67
35
68
63
36
71
71
69
71
69
71
10
68
71
71
71
39
63
66
69
9
36
71
69
20
22
71
68
36
71
71
68
67
63
71
71
70
60
63
71
42
71
61
71
70
7
60
71
69
62
42
66
39
71
71
65
64
67
71
71
70
11
68
68
47
71
50
66
21
8
71
19
71
69
71
68
69
70
41
34
63
71
67
71
39
71
68
71
63
71
71
67
68
63
68
63
71
63
71
68
50
71
49
71
61
21
71
66
71
71
53
69
68
10
68
39
40
61
65
67
51
57
71
45
71
54
71
70
67
65
41
71
71
50
71
69
70
68
21
66
68
47
45
47
71
50
38
39
47
68
71
71
71
71
71
45
71
71
71
68
71
71
66
68
71
64
71
71
69
20
42
71
71
50
27
63
70
71
71
27
65
71
71
64
9
70
45
68
71
45
65
59
53
71
23
71
71
68
71
67
41
71
62
41
47
62
71
71
71
70
60
59
64
36
71
71
67
71
26
20
71
67
70
67
68
38
71
35
21
71
65
35
71
70
39
71
69
65
42
56
50
19
71
68
71
12
62
69
59
65
66
71
62
68
69
71
71
33
71
70
71
71
20
71
63
71
57
57
71
35
71
58
71
71
37
71
39
68
69
68
67
71
13
70
27
50
71
69
61
66
71
40
71
71
71
39
51
71
71
63
49
71
64
71
20
71
71
71
22
57
71
64
68
50
39
20
23
56
68
71
63
68
71
71
70
62
67
71
46
64
71
63
63
71
71
71
71
45
35
63
67
71
71
42
71
71
66
65
70
71
66
65
71
61
65
71
70
71
69
69
67
71
20
36
56
64
68
67
69
29
19
41
68
71
70
35
70
42
62
63
47
71
39
71
70
48
66
70
55
71
70
66
71
68
38
69
71
63
61
47
65
71
32
71
47
66
41
67
68
71
24
71
64
71
70
67
64
45
71
46
58
66
71
62
70
71
71
63
67
71
57
71
65
25
64
71
64
70
54
44
69
38
70
71
54
64
57
71
71
69
71
64
69
57
71
60
71
70
65
71
71
57
68
22
69
26
71
71
71
47
71
71
18
68
41
68
35
66
71
69
60
47
39
65
67
63
39
54
8
71
62
71
71
67
71
68
47
37
53
71
71
71
71
71
56
71
39
67
65
68
71
58
41
59
71
70
66
60
47
39
70
71
70
71
66
56
41
71
71
71
22
38
71
70
68
70
67
64
68
71
56
64
71
22
55
71
68
70
70
63
71
71
54
21
40
41
71
48
69
71
71
63
70
71
39
71
62
71
60
39
68
53
71
62
71
71
39
61
66
47
71
68
19
57
71
67
69
71
71
71
71
50
71
35
8
57
57
42
68
59
71
63
51
16
40
70
39
69
71
61
63
40
64
39
36
63
62
12
71
71
70
71
71
59
71
50
64
57
68
41
34
70
71
65
40
37
71
68
71
65
71
45
71
20
60
68
68
68
70
70
61
66
41
39
64
21
71
71
70
71
71
40
71
65
48
47
40
39
71
71
69
69
71
71
48
71
71
66
68
71
64
71
71
67
47
69
71
42
71
71
58
67
47
71
63
68
71
71
71
65
57
68
69
69
42
71
70
12
39
71
71
68
65
39
38
71
71
24
71
69
68
52
64
65
71
38
71
71
71
47
71
71
21
39
52
66
71
68
64
71
20
71
61
71
68
68
71
38
66
71
55
39
