2000 2000
1 1 1 1 1 1 1 1 1 1 1 1 1 0 0 0 0 0 0 0 0 0 1 1 1 1 2 3 3 3 3 3 4 4 5 5 5 5 5 5 5 5 5 5 5 5 5 4 3 3 2 2 2 2 2 2 2 2 2 2 2 2 2 4 4 4 4 4 4 4 4 4 5 5 4 4 4 4 4 4 4 4 4 5 5 4 4 4 4 4 4 4 4 4 5 5 5 5 6 8 8 8 8 8 8 8 8 8 9 9 9 9 9 9 9 9 9 9 9 9 9 9 9 9 9 10 10 10 10 11 11 11 11 12 12 12 12 12 12 12 12 12 13 13 13 13 14 14 14 14 14 14 14 14 14 14 14 14 14 15 15 15 15 16 16 16 16 16 16 16 16 16 16 16 16 16 17 17 18 18 18 18 18 18 18 18 18 18 18 18 18 19 20 21 21 21 21 21 22 22 22 22 21 21 21 21 22 22 22 22 20 20 20 20 20 20 20 20 20 20 20 20 20 19 19 20 21 21 21 21 21 21 21 21 21 22 22 22 22 22 22 22 22 22 23 22 22 22 22 22 22 22 22 22 23 23 23 23 24 24 24 24 24 24 24 24 24 24 24 24 24 25 24 25 25 25 25 25 25 25 25 25 25 25 25 25 26 26 27 27 27 27 27 27 27 27 27 27 27 27 27 26 26 26 26 26 26 26 26 26 26 26 26 26 28 28 28 28 29 29 29 29 29 29 29 29 29 29 29 29 29 30 31 31 31 31 31 30 30 30 30 29 29 29 29 29 29 29 29 29 29 29 29 29 30 30 30 30 30 30 30 30 30 31 31 31 31 31 30 30 30 30 31 31 31 31 32 32 32 32 32 32 32 32 32 34 34 34 34 34 34 34 34 34 34 34 34 34 33 33 33 33 33 33 33 33 33 32 32 32 32 33 33 33 33 33 33 33 33 33 34 34 34 34 34 34 34 34 34 34 34 34 34 33 33 33 33 33 33 33 33 33 34 34 34 34 34 34 34 34 34 35 35 36 36 36 36 36 36 36 36 36 36 36 36 36 35 35 35 35 35 35 35 35 36 36 36 36 36 36 36 36 36 36 37 37 37 37 40 40 40 40 40 41 41 41 41 41 41 41 41 41 41 41 41 41 42 42 41 41 40 40 40 40 40 41 41 41 41 41 41 41 41 41 41 41 41 41 42 42 43 43 43 43 43 42 41 41 41 41 41 41 41 41 41 41 41 41 41 41 41 41 41 41 41 41 40 40 40 40 41 41 40 40 40 40 40 40 40 40 40 40 40 40 40 41 41 41 41 41 41 41 41 41 41 41 41 41 41 41 41 41 41 41 41 40 41 41 41 41 41 42 42 41 42 42 42 42 42 42 42 42 42 42 42 42 42 40 39 39 39 39 39 40 40 40 40 40 40 40 40 40 39 39 39 39 39 39 39 39 39 39 39 39 39 40 40 40 40 40 42 42 42 42 42 41 41 41 41 41 41 41 41 41 42 42 42 42 42 42 42 42 42 41 42 42 42 42 42 42 42 42 42 42 42 42 42 43 43 43 43 43 43 43 43 43 43 43 43 43 45 45 45 45 45 45 45 45 45 45 45 45 45 46 45 45 45 45 45 45 45 45 45 45 45 45 45 44 44 44 44 45 45 45 45 44 44 44 44 44 44 44 44 44 45 45 45 45 45 44 44 44 44 44 44 44 44 44 44 44 44 44 44 44 44 44 44 45 45 45 45 45 44 44 44 44 44 45 45 45 45 45 45 45 45 45 45 45 45 45 46 46 47 47 47 47 47 47 47 47 47 48 49 49 49 49 49 49 49 49 49 49 49 49 49 48 48 48 48 48 48 48 48 48 48 48 48 48 47 47 46 46 47 47 47 47 47 47 47 47 47 46 46 46 46 46 46 46 46 46 45 44 44 44 44 44 45 45 45 45 45 45 45 45 45 44 44 44 44 43 42 43 43 44 44 44 44 44 44 44 44 44 44 44 44 44 45 45 45 45 45 45 45 45 45 44 44 43 43 43 43 43 44 44 44 44 44 43 43 43 43 43 43 43 43 43 42 42 42 42 42 42 43 43 43 43 42 42 42 42 41 41 41 41 41 41 41 41 41 40 40 40 40 40 41 41 41 41 41 41 41 41 41 41 41 41 41 40 40 40 40 40 39 39 39 39 39 39 39 39 39 39 39 39 39 40 40 40 40 40 41 41 41 41 41 41 41 41 41 41 41 41 41 42 43 42 41 41 40 40 40 40 40 40 40 40 40 39 39 39 39 39 39 39 39 39 39 39 39 39 38 38 37 37 37 37 37 37 37 37 37 37 37 38 38 37 37 37 37 37 36 36 35 35 35 35 35 35 35 35 35 35 35 35 35 35 35 35 35 35 34 34 34 34 34 34 34 34 34 33 32 32 32 32 31 31 30 30 30 30 29 29 29 29 29 29 29 29 29 29 29 29 29 30 30 30 30 30 30 30 30 30 31 30 29 29 29 29 28 28 28 28 28 28 28 28 28 28 28 28 28 27 27 27 27 26 26 26 26 26 26 26 26 26 26 26 26 26 27 28 28 27 27 27 27 27 27 27 27 27 27 27 27 27 26 26 26 26 26 26 26 26 26 25 24 24 24 24 23 23 23 23 23 25 25 25 25 25 25 25 25 25 25 25 25 25 26 26 26 26 26 26 26 26 26 26 26 26 26 25 25 25 25 24 24 24 24 25 25 25 25 25 25 25 25 25 21 21 21 21 22 22 22 22 22 22 22 22 22 21 21 21 21 21 20 20 21 21 21 21 21 22 22 22 22 22 23 23 23 23 23 23 23 23 23 22 22 22 22 22 22 22 22 22 21 21 21 21 21 21 21 21 21 21 21 21 21 22 22 22 22 22 23 23 24 24 23 23 22 22 23 23 22 22 21 21 21 21 21 20 20 20 20 20 20 20 20 20 19 18 18 17 17 17 17 17 16 16 15 15 14 14 14 14 14 14 14 14 14 14 14 14 14 14 14 14 14 14 14 14 14 14 13 13 13 13 13 13 13 13 13 14 14 14 14 14 13 13 13 13 13 13 13 13 13 13 13 13 13 14 14 14 14 14 13 13 13 13 13 14 14 14 14 14 14 14 14 14 13 13 13 13 12 12 12 12 11 11 12 12 12 12 12 12 12 12 12 11 11 11 11 12 12 12 12 12 12 12 12 12 12 12 12 12 13 12 12 12 12 12 13 12 12 12 12 13 12 12 13 13 12 12 11 11 10 10 10 10 10 10 10 10 10 9 9 9 9 9 8 8 9 9 10 10 10 10 10 10 10 10 10 9 9 9 9 9 9 9 9 9 9 9 9 9 9 9 9 9 9 9 9 9 9 7 6 4 4 4 4 4 4 4 4 4 3 3 3 3 3 3 3 3 3 3 3 3 3 4 4 3 3 3 3 3 3 3 3 3 3 3 3 3 2 2 2 2 1 1 1 1 1 1 1 1 1 1 1 1 1 0 1 1 1 1 1 1 1 1 1 3 3 3 3 3 3 3 3 3 4 4 5 6 6 6 6 6 5 5 5 5 6 6 6 6 6 6 6 6 6 6 6 6 6 5 5 5 5 5 5 5 5 5 5 5 5 5 6 6 6 6 6 6 6 6 6 5 5 5 5 5 5 5 5 5 4 3 3 3 3 3 4 4 3 2 2 1 1 1 1 1 0 0 1 1 0 0 0 0 0 0 0 0 0 0 0 0 0 1 1 2 2 2 2 2 2 2 2 2 2 2 2 2 1 1 2 2 1 0 0 0 0 0 0 0 0 0 0 0 0 0 1 1 1 1 1 1 1 1 1 1 1 1 1 3 3 3 3 3 3 3 3 3 2 2 2 2 2 2 2 2 2 2 2 2 2 1 2 3 4 4 4 4 4 3 3 3 3 3 3 3 3 3 3 3 3 3 2 2 2 2 3 3 4 3 3 3 3 3 2 3 4 4 4 4 3 3 2 2 2 2 1 1 2 2 2 2 1 0 0 0 0 0 0 0 0 0 0 0 0 0 1 1 1 1 1 1 1 1 1 1 0 0 1 1 1 1 1 1 1 1 1 1 1 1 1 1 2 2 2 2 2 2 2 2 2 3 3 3 3 3 3 3 3 3 2 3 3 4 4 4 4 4 4 4 4 4 4 4 4 4 3 3 3 3 5 5 5 5 5 5 5 5 5 5 5 5 5 4 4 4 4 3 3 3 3 2 2 2 2 2 2 2 2 2 2 2 2 2 1 1 0 0 0 0 1 1 1 1 0 0 1 1 1 1 1 1 1 1 1 1 1 1 1 0 0 0 0 1 1 1 1 0 0 1 1 1 1 1 2 2 1 1 1 1 1 2 2 2 2 1 1 1 1 1 1 1 1 1 1 1 1 1 1 1 1 1 1 1 1 1 1 1 1 1 1 2 2 2 2 2 2 2 2 2 2 2 2 2 3 3 2 2 2 2 2 2 2 2 2 2 2 2 2 1 1 1 1 0 0 0
408 810
408 809
427 846
427 845
411 810
411 809
93 806
642 846
642 845
753 814
753 813
543 846
543 845
625 806
736 813
736 812
608 810
608 809
567 846
567 845
437 806
329 810
329 809
250 806
527 810
527 809
433 846
433 845
119 846
119 845
280 846
280 845
596 806
351 846
351 845
785 806
246 810
246 809
760 814
760 813
169 846
169 845
75 806
788 807
788 806
159 810
159 809
280 846
280 845
620 846
620 845
322 846
322 845
120 810
120 809
750 806
42 806
134 806
108 806
441 846
441 845
236 810
236 809
764 806
313 810
313 809
752 806
545 846
545 845
239 806
43 846
43 845
18 806
713 886
713 885
450 806
318 810
318 809
782 807
782 806
674 811
674 810
514 846
514 845
492 846
492 845
149 846
149 845
626 810
626 809
493 810
493 809
550 806
22 810
22 809
4 806
733 813
733 812
496 810
496 809
312 846
312 845
675 859
675 858
746 912
746 911
1 810
1 809
336 806
278 846
278 845
562 806
360 846
360 845
354 846
354 845
457 810
457 809
70 846
70 845
328 810
328 809
480 810
480 809
674 806
100 806
304 806
747 813
747 812
23 810
23 809
268 806
83 810
83 809
389 846
389 845
462 810
462 809
67 806
393 806
737 806
59 806
185 810
185 809
697 806
367 806
113 810
113 809
625 810
625 809
591 806
603 846
603 845
602 846
602 845
581 806
478 810
478 809
421 846
421 845
687 806
386 846
386 845
506 810
506 809
762 806
576 846
576 845
8 806
526 846
526 845
5 846
5 845
486 810
486 809
384 810
384 809
639 810
639 809
47 806
619 846
619 845
349 846
349 845
585 806
27 810
27 809
687 811
687 810
714 806
489 846
489 845
639 846
639 845
324 846
324 845
375 810
375 809
497 846
497 845
509 806
249 806
803 822
803 821
586 810
586 809
786 815
786 814
474 806
526 810
526 809
320 806
160 806
358 806
442 810
442 809
685 806
182 846
182 845
709 859
709 858
287 846
287 845
639 810
639 809
438 810
438 809
759 806
584 810
584 809
85 846
85 845
100 806
301 810
301 809
151 846
151 845
159 806
279 846
279 845
150 846
150 845
1 846
1 845
500 810
500 809
266 810
266 809
540 806
200 810
200 809
62 846
62 845
575 810
575 809
334 810
334 809
11 806
118 806
143 810
143 809
159 806
229 806
634 806
426 810
426 809
787 815
787 814
323 846
323 845
156 806
10 846
10 845
795 808
795 807
587 846
587 845
437 846
437 845
105 806
193 806
439 806
201 846
201 845
50 846
50 845
160 806
523 846
523 845
524 846
524 845
248 846
248 845
198 810
198 809
374 846
374 845
604 810
604 809
716 806
728 806
440 810
440 809
162 806
138 846
138 845
537 806
596 810
596 809
712 886
712 885
468 810
468 809
797 818
797 817
255 810
255 809
46 846
46 845
795 806
24 846
24 845
293 806
330 806
563 846
563 845
730 806
662 810
662 809
643 810
643 809
121 846
121 845
656 810
656 809
260 810
260 809
588 806
143 806
157 810
157 809
713 806
449 810
449 809
12 846
12 845
411 810
411 809
639 810
639 809
522 810
522 809
33 810
33 809
802 810
802 809
611 846
611 845
443 810
443 809
688 806
346 806
730 912
730 911
66 810
66 809
247 806
57 810
57 809
775 806
631 806
479 810
479 809
455 846
455 845
655 846
655 845
438 806
635 810
635 809
341 806
86 846
86 845
130 846
130 845
15 810
15 809
452 846
452 845
524 846
524 845
139 806
630 810
630 809
114 806
97 810
97 809
61 846
61 845
221 810
221 809
523 846
523 845
778 807
778 806
184 846
184 845
372 810
372 809
423 806
123 806
352 810
352 809
681 859
681 858
515 810
515 809
350 846
350 845
593 846
593 845
544 806
527 806
459 846
459 845
386 806
652 810
652 809
502 810
502 809
321 806
703 811
703 810
215 846
215 845
612 846
612 845
449 810
449 809
508 806
606 806
585 806
768 814
768 813
202 846
202 845
27 810
27 809
308 846
308 845
790 807
790 806
711 811
711 810
150 806
472 806
213 846
213 845
464 806
728 813
728 812
772 814
772 813
144 806
780 807
780 806
655 810
655 809
518 810
518 809
244 810
244 809
310 846
310 845
333 806
531 810
531 809
706 811
706 810
477 846
477 845
354 810
354 809
567 846
567 845
424 810
424 809
394 810
394 809
203 806
686 859
686 858
631 846
631 845
377 810
377 809
109 810
109 809
80 806
111 806
795 806
317 810
317 809
94 810
94 809
110 810
110 809
142 810
142 809
429 810
429 809
278 846
278 845
321 810
321 809
164 806
767 806
194 806
290 846
290 845
222 810
222 809
27 806
553 846
553 845
703 806
236 846
236 845
539 810
539 809
381 846
381 845
733 806
776 807
776 806
403 806
22 806
355 810
355 809
95 806
84 806
652 810
652 809
295 806
10 846
10 845
698 859
698 858
335 846
335 845
710 806
444 810
444 809
543 846
543 845
573 806
745 806
308 806
268 846
268 845
396 806
159 806
661 810
661 809
329 846
329 845
69 846
69 845
456 810
456 809
793 816
793 815
311 846
311 845
424 806
627 810
627 809
753 814
753 813
689 806
31 810
31 809
51 846
51 845
185 846
185 845
62 846
62 845
776 806
486 846
486 845
787 806
581 806
520 846
520 845
125 846
125 845
120 806
100 810
100 809
445 846
445 845
416 810
416 809
556 806
268 810
268 809
124 806
110 846
110 845
4 810
4 809
377 810
377 809
536 806
437 806
552 846
552 845
755 806
688 806
193 806
57 810
57 809
642 806
30 846
30 845
27 810
27 809
314 846
314 845
607 846
607 845
322 810
322 809
688 806
156 810
156 809
388 810
388 809
576 810
576 809
148 806
704 806
551 846
551 845
785 807
785 806
498 806
434 846
434 845
250 806
529 806
6 806
11 846
11 845
213 806
20 806
682 811
682 810
372 806
244 810
244 809
308 810
308 809
576 806
294 806
602 806
663 806
769 814
769 813
795 816
795 815
453 846
453 845
89 806
460 810
460 809
162 810
162 809
3 846
3 845
378 846
378 845
182 806
704 859
704 858
439 846
439 845
525 806
424 846
424 845
309 810
309 809
701 859
701 858
636 810
636 809
409 810
409 809
804 812
804 811
806 810
806 809
236 810
236 809
753 806
470 806
21 846
21 845
681 859
681 858
20 810
20 809
269 846
269 845
90 806
696 811
696 810
404 810
404 809
356 806
52 846
52 845
148 806
255 806
433 806
638 846
638 845
327 806
623 846
623 845
354 846
354 845
683 811
683 810
272 806
448 846
448 845
295 846
295 845
501 810
501 809
40 810
40 809
723 886
723 885
86 846
86 845
153 810
153 809
716 886
716 885
512 810
512 809
66 810
66 809
100 810
100 809
417 810
417 809
130 806
417 846
417 845
281 806
223 806
9 810
9 809
7 806
342 806
531 806
379 806
222 810
222 809
271 846
271 845
670 810
670 809
45 810
45 809
650 806
274 846
274 845
591 846
591 845
267 806
792 806
264 846
264 845
88 806
550 806
464 806
540 810
540 809
302 806
23 806
747 912
747 911
508 810
508 809
240 806
163 810
163 809
256 846
256 845
176 810
176 809
616 810
616 809
774 807
774 806
626 806
77 810
77 809
367 810
367 809
641 810
641 809
107 846
107 845
69 846
69 845
777 807
777 806
694 859
694 858
517 846
517 845
548 846
548 845
266 810
266 809
682 859
682 858
54 810
54 809
454 810
454 809
96 810
96 809
170 810
170 809
615 806
5 806
242 810
242 809
292 806
645 806
606 806
225 846
225 845
447 806
394 810
394 809
397 806
503 806
2 810
2 809
614 806
738 912
738 911
224 810
224 809
158 810
158 809
413 846
413 845
196 810
196 809
512 806
109 806
148 810
148 809
229 846
229 845
698 859
698 858
691 859
691 858
504 810
504 809
226 846
226 845
653 846
653 845
143 810
143 809
757 806
57 810
57 809
69 810
69 809
245 810
245 809
244 806
121 806
326 846
326 845
543 846
543 845
102 806
342 846
342 845
390 806
184 846
184 845
423 810
423 809
731 912
731 911
461 810
461 809
51 806
130 846
130 845
692 811
692 810
637 806
499 810
499 809
71 810
71 809
130 846
130 845
657 806
421 810
421 809
204 846
204 845
595 846
595 845
57 806
159 806
798 818
798 817
769 814
769 813
72 806
610 810
610 809
669 846
669 845
85 846
85 845
738 912
738 911
328 810
328 809
573 810
573 809
435 806
755 806
690 859
690 858
560 806
796 809
796 808
775 815
775 814
579 846
579 845
745 806
149 806
687 811
687 810
197 846
197 845
116 806
778 806
401 810
401 809
338 846
338 845
198 806
275 810
275 809
471 810
471 809
200 846
200 845
485 810
485 809
556 846
556 845
151 806
776 807
776 806
81 806
152 846
152 845
51 810
51 809
540 810
540 809
480 810
480 809
294 806
288 806
170 810
170 809
459 810
459 809
67 806
502 810
502 809
561 846
561 845
480 846
480 845
231 806
352 810
352 809
352 806
184 846
184 845
639 846
639 845
494 806
180 810
180 809
378 846
378 845
24 806
631 806
702 859
702 858
569 846
569 845
752 806
565 846
565 845
483 846
483 845
610 846
610 845
312 846
312 845
72 810
72 809
328 846
328 845
384 846
384 845
43 846
43 845
161 846
161 845
690 806
645 810
645 809
658 806
515 806
75 806
403 810
403 809
750 806
87 806
610 846
610 845
395 810
395 809
398 806
519 810
519 809
312 810
312 809
113 806
265 806
614 846
614 845
47 810
47 809
743 912
743 911
258 846
258 845
20 810
20 809
618 806
744 813
744 812
759 814
759 813
204 806
334 810
334 809
339 806
631 810
631 809
545 806
275 810
275 809
181 846
181 845
513 810
513 809
15 846
15 845
369 810
369 809
287 806
247 846
247 845
205 810
205 809
444 846
444 845
411 810
411 809
63 846
63 845
60 846
60 845
623 846
623 845
98 806
552 810
552 809
143 846
143 845
54 846
54 845
435 846
435 845
756 806
498 806
578 846
578 845
116 846
116 845
246 846
246 845
488 806
398 810
398 809
803 807
803 806
646 846
646 845
152 846
152 845
421 806
591 846
591 845
395 846
395 845
2 846
2 845
774 815
774 814
627 806
288 806
727 806
273 810
273 809
221 810
221 809
580 806
13 810
13 809
478 846
478 845
152 846
152 845
241 810
241 809
545 846
545 845
711 806
628 846
628 845
586 810
586 809
80 846
80 845
314 806
188 810
188 809
591 846
591 845
218 846
218 845
85 806
317 806
172 806
346 806
527 806
803 807
803 806
765 806
525 806
724 812
724 811
173 846
173 845
628 806
270 806
620 810
620 809
150 846
150 845
188 806
696 806
296 810
296 809
131 806
499 806
453 806
637 810
637 809
498 810
498 809
590 806
177 846
177 845
567 846
567 845
275 810
275 809
166 810
166 809
271 806
676 859
676 858
547 846
547 845
483 806
58 806
602 846
602 845
482 846
482 845
113 810
113 809
519 810
519 809
245 846
245 845
748 806
37 810
37 809
733 806
650 806
486 846
486 845
389 806
369 846
369 845
360 806
565 846
565 845
392 810
392 809
580 846
580 845
707 806
667 806
628 806
499 806
307 810
307 809
723 806
224 810
224 809
526 806
796 806
440 846
440 845
48 846
48 845
452 810
452 809
741 813
741 812
472 806
217 846
217 845
550 846
550 845
637 810
637 809
642 806
189 846
189 845
199 810
199 809
61 846
61 845
85 846
85 845
169 810
169 809
618 806
397 846
397 845
733 912
733 911
251 806
323 810
323 809
251 846
251 845
206 806
96 846
96 845
167 846
167 845
354 810
354 809
3 846
3 845
306 846
306 845
571 806
382 806
339 846
339 845
412 810
412 809
368 846
368 845
256 810
256 809
776 807
776 806
626 846
626 845
703 806
776 806
411 846
411 845
701 806
266 806
672 806
163 810
163 809
309 806
732 813
732 812
194 810
194 809
425 846
425 845
717 886
717 885
714 812
714 811
120 846
120 845
346 846
346 845
623 846
623 845
38 806
153 810
153 809
744 912
744 911
442 806
282 806
87 806
517 810
517 809
404 846
404 845
24 810
24 809
532 846
532 845
790 806
400 810
400 809
299 806
456 806
88 846
88 845
550 846
550 845
692 806
109 806
160 806
612 846
612 845
157 806
155 810
155 809
29 846
29 845
473 810
473 809
711 806
294 846
294 845
210 810
210 809
379 810
379 809
286 810
286 809
642 810
642 809
495 810
495 809
225 806
402 806
648 810
648 809
134 810
134 809
437 846
437 845
770 806
557 806
165 806
120 810
120 809
54 810
54 809
267 806
337 846
337 845
787 807
787 806
752 806
69 846
69 845
120 810
120 809
331 806
549 846
549 845
167 810
167 809
169 806
344 846
344 845
480 810
480 809
355 810
355 809
340 806
248 806
700 811
700 810
745 912
745 911
238 846
238 845
738 806
216 846
216 845
528 846
528 845
63 846
63 845
718 806
545 810
545 809
86 806
54 806
792 806
297 810
297 809
363 806
89 846
89 845
240 806
714 812
714 811
553 806
397 846
397 845
565 846
565 845
450 846
450 845
517 846
517 845
248 806
408 810
408 809
736 912
736 911
96 806
203 810
203 809
143 806
184 846
184 845
450 806
694 811
694 810
124 846
124 845
20 806
18 810
18 809
84 810
84 809
691 806
710 806
153 810
153 809
661 810
661 809
331 846
331 845
567 810
567 809
804 812
804 811
32 806
88 810
88 809
190 810
190 809
685 811
685 810
114 846
114 845
211 806
416 846
416 845
743 806
578 810
578 809
530 810
530 809
21 846
21 845
26 846
26 845
323 846
323 845
451 846
451 845
489 810
489 809
470 846
470 845
196 846
196 845
113 810
113 809
142 810
142 809
30 806
174 806
99 810
99 809
233 810
233 809
608 810
608 809
130 810
130 809
530 810
530 809
245 810
245 809
62 806
555 846
555 845
231 846
231 845
305 846
305 845
91 806
617 810
617 809
625 846
625 845
350 846
350 845
162 806
91 806
135 806
262 846
262 845
788 806
593 846
593 845
408 810
408 809
752 806
224 806
222 846
222 845
233 810
233 809
309 810
309 809
554 810
554 809
128 806
627 806
29 810
29 809
385 846
385 845
770 806
704 806
118 806
605 846
605 845
5 846
5 845
521 806
427 806
245 810
245 809
527 846
527 845
677 806
318 806
152 846
152 845
548 806
290 810
290 809
660 810
660 809
410 846
410 845
332 806
488 806
11 806
111 810
111 809
237 806
625 810
625 809
90 846
90 845
796 809
796 808
81 806
485 846
485 845
156 846
156 845
213 810
213 809
686 859
686 858
238 806
464 846
464 845
341 810
341 809
511 846
511 845
559 846
559 845
630 806
477 806
718 812
718 811
394 846
394 845
325 846
325 845
741 806
244 810
244 809
769 814
769 813
586 846
586 845
636 806
573 846
573 845
789 815
789 814
154 846
154 845
82 806
5 846
5 845
264 806
226 846
226 845
236 810
236 809
157 810
157 809
185 846
185 845
592 806
68 846
68 845
801 810
801 809
559 810
559 809
795 816
795 815
589 810
589 809
766 806
336 846
336 845
539 806
552 810
552 809
530 806
271 810
271 809
562 810
562 809
62 806
318 806
39 810
39 809
603 810
603 809
509 846
509 845
28 846
28 845
314 806
37 806
175 810
175 809
656 810
656 809
405 806
93 810
93 809
413 810
413 809
77 810
77 809
565 810
565 809
670 806
6 846
6 845
642 846
642 845
275 806
499 810
499 809
737 813
737 812
17 846
17 845
161 810
161 809
711 811
711 810
193 846
193 845
224 810
224 809
766 814
766 813
368 846
368 845
465 806
74 810
74 809
489 806
359 806
607 806
514 810
514 809
653 846
653 845
34 846
34 845
190 810
190 809
789 807
789 806
416 810
416 809
753 814
753 813
487 810
487 809
418 846
418 845
62 846
62 845
381 846
381 845
74 806
30 846
30 845
574 846
574 845
690 811
690 810
522 846
522 845
77 846
77 845
685 859
685 858
309 846
309 845
290 806
550 810
550 809
594 806
507 810
507 809
778 815
778 814
442 806
122 806
585 846
585 845
741 912
741 911
85 806
252 806
233 846
233 845
777 815
777 814
342 846
342 845
59 806
708 811
708 810
182 810
182 809
670 806
657 806
179 810
179 809
214 846
214 845
329 846
329 845
412 806
712 806
18 806
259 846
259 845
310 846
310 845
119 846
119 845
642 806
528 810
528 809
119 846
119 845
27 810
27 809
429 846
429 845
632 806
547 806
413 806
700 806
544 810
544 809
786 807
786 806
654 806
669 806
173 846
173 845
291 810
291 809
203 806
41 806
95 810
95 809
591 806
151 806
12 846
12 845
601 806
552 810
552 809
239 846
239 845
391 846
391 845
534 806
227 810
227 809
415 806
443 810
443 809
730 912
730 911
654 846
654 845
216 846
216 845
286 806
41 810
41 809
512 846
512 845
790 815
790 814
24 810
24 809
781 815
781 814
58 810
58 809
359 846
359 845
613 806
569 806
77 806
558 806
13 806
798 806
667 806
440 810
440 809
325 846
325 845
622 846
622 845
356 810
356 809
717 812
717 811
362 846
362 845
251 810
251 809
800 806
486 806
611 806
684 811
684 810
76 810
76 809
342 846
342 845
293 806
557 846
557 845
156 806
700 806
434 846
434 845
22 806
153 846
153 845
768 806
637 846
637 845
36 806
119 846
119 845
6 810
6 809
244 806
143 806
711 811
711 810
507 846
507 845
238 846
238 845
335 846
335 845
87 806
372 846
372 845
99 810
99 809
472 810
472 809
373 846
373 845
620 810
620 809
155 806
777 815
777 814
50 846
50 845
585 806
600 810
600 809
109 806
535 846
535 845
804 824
804 823
587 806
725 886
725 885
428 806
486 810
486 809
782 807
782 806
