2000 2000
1 1 2 3 3 3 3 3 3 3 3 3 4 4 4 3 3 3 3 3 4 4 4 4 4 4 4 4 4 4 4 4 4 4 4 4 4 4 3 3 3 3 3 0 0 0 0 0 0 0 0 0 1 1 1 1 1 1 1 1 1 1 1 1 1 0 0 0 0 0 0 0 0 0 0 0 0 0 1 1 1 1 2 2 2 2 2 2 2 2 2 3 3 3 3 4 4 4 4 4 3 3 3 3 3 2 2 2 2 2 2 2 2 2 2 2 2 2 1 1 1 1 1 1 1 1 1 1 1 1 1 1 0 0 0 0 0 1 1 0 0 0 0 0 0 0 0 0 0 0 0 0 1 1 0 0 0 0 0 2 2 2 2 2 2 2 2 2 1 1 0 0 0 0 0 0 0 0 0 1 1 1 1 2 2 2 2 2 1 1 1 1 1 1 1 1 1 1 1 1 1 2 2 2 2 1 0 1 1 1 1 1 1 1 1 1 1 1 1 1 0 0 0 0 1 1 1 1 0 0 0 0 1 1 2 2 2 2 2 1 1 1 1 1 1 1 1 1 1 1 1 1 3 3 3 3 3 3 3 3 3 3 4 5 5 5 5 5 5 5 5 5 5 5 5 5 6 6 6 6 6 6 6 6 6 6 6 6 6 7 7 7 7 7 6 6 5 5 6 7 7 7 7 7 6 6 6 6 6 5 5 5 5 5 4 4 4 4 5 5 5 5 4 4 5 5 5 5 3 3 5 5 5 5 3 3 3 3 2 2 2 2 2 2 2 2 2 2 2 2 2 3 3 4 4 4 4 3 2 2 2 2 2 3 3 3 3 1 1 1 1 1 1 1 1 1 2 2 2 2 2 2 2 2 2 1 1 1 1 0 0 2 2 2 2 2 2 2 2 2 1 1 2 3 2 2 2 2 2 1 1 1 1 1 1 1 1 1 2 1 1 1 1 1 2 2 2 2 2 3 3 3 3 3 3 3 3 3 4 4 4 4 5 5 4 4 4 4 4 4 4 4 4 4 4 4 4 2 1 1 0 1 1 0 0 0 0 1 1 1 1 1 1 1 1 1 2 2 2 2 2 2 2 2 2 1 1 0 0 0 0 1 1 1 1 1 1 1 1 1 2 2 2 2 4 4 5 5 5 5 4 4 5 5 5 5 5 5 5 5 5 5 5 5 5 6 6 5 4 5 5 5 5 6 6 6 6 6 6 6 6 6 6 6 6 6 8 8 8 8 9 9 9 9 9 8 8 9 9 9 9 8 8 8 8 9 9 8 8 8 8 8 8 8 8 8 8 8 8 8 7 7 8 8 8 8 8 8 8 8 8 8 8 8 8 7 6 6 6 6 6 6 6 6 6 6 6 6 6 4 4 3 3 3 3 4 4 4 4 3 3 3 3 3 3 3 3 3 3 3 3 3 3 3 3 3 3 3 3 3 3 4 3 3 3 3 3 3 3 3 3 2 2 1 1 1 1 1 2 2 2 2 2 2 2 2 2 2 2 2 2 3 3 2 2 2 2 2 2 2 2 2 3 3 3 3 2 2 2 2 3 3 3 3 3 3 3 3 3 3 3 3 3 4 4 4 4 5 5 5 5 5 5 5 5 5 4 4 4 4 4 3 3 3 3 3 3 3 3 3 3 3 3 3 2 2 1 1 1 1 1 2 2 3 3 3 3 3 3 3 3 3 3 3 3 3 2 2 3 3 3 3 3 3 3 3 3 3 3 3 3 2 2 1 1 1 1 1 2 2 2 2 1 1 1 1 1 0 0 0 0 1 1 2 2 2 2 3 3 3 3 3 3 3 3 3 2 2 2 2 2 3 3 3 3 3 2 2 2 2 2 2 2 2 2 2 2 2 2 3 2 2 2 2 2 2 2 2 2 2 2 2 2 1 0 0 0 0 0 0 0 0 0 1 1 1 1 1 1 1 1 1 1 1 1 1 0 0 0 0 0 0 0 0 0 1 1 1 1 1 1 1 1 1 0 0 0 0 0 1 1 1 1 1 1 1 1 1 1 1 1 1 0 0 0 0 0 0 0 0 0 1 1 1 1 0 0 1 0 0 0 0 1 1 1 1 1 1 1 1 1 1 0 0 0 0 0 0 0 0 0 1 1 0 0 0 0 0 0 0 0 0 0 0 0 0 1 1 1 1 1 2 2 2 2 2 2 2 2 2 1 0 2 2 2 2 2 2 2 2 2 1 1 1 1 1 1 1 1 1 2 2 2 2 3 3 2 2 2 2 2 2 2 2 2 2 2 2 2 1 1 1 1 1 1 1 1 1 1 1 1 1 0 1 1 1 1 1 1 1 1 1 1 1 2 2 2 2 2 0 2 2 2 2 2 2 2 2 2 2 1 1 1 1 1 1 1 1 1 1 1 1 1 0 0 1 1 0 0 0 0 0 1 0 0 1 1 1 1 1 1 2 2 2 2 2 2 2 2 2 3 3 3 3 3 3 3 3 3 3 3 3 3 2 2 2 2 1 1 1 1 1 2 2 2 2 2 1 1 1 1 1 1 1 1 1 0 1 1 1 1 0 0 1 1 1 1 1 1 1 1 1 1 1 1 1 2 1 1 1 1 2 2 2 2 2 2 2 2 2 3 2 2 2 2 2 1 1 1 1 1 1 1 1 1 1 1 1 1 2 2 2 2 2 2 2 2 2 2 2 2 2 1 1 1 1 1 2 2 2 2 2 2 2 2 2 1 1 1 1 1 1 1 1 1 2 2 2 2 2 2 2 2 2 4 4 4 4 4 3 3 3 3 2 2 2 2 2 2 2 2 2 1 1 0 0 0 0 0 0 0 0 0 0 1 1 0 0 0 0 1 0 0 0 0 1 1 0 0 1 1 1 1 1 1 1 1 1 1 1 1 1 2 2 2 2 2 1 1 1 1 1 1 1 1 1 1 1 1 1 2 2 2 2 2 2 2 2 2 1 1 0 0 1 1 1 1 1 0 0 0 0 0 0 0 0 0 0 0 0 0 1 1 2 2 1 1 1 1 2 2 2 2 2 2 2 2 2 4 4 4 4 4 4 4 4 4 5 5 5 5 5 5 5 5 5 5 5 5 5 6 6 6 6 6 6 5 5 5 5 5 5 5 5 5 6 6 6 6 6 5 5 4 4 4 4 3 3 3 3 4 4 4 4 4 4 4 4 4 4 4 4 4 3 4 4 4 4 4 3 1 1 0 0 0 0 1 2 2 2 2 2 2 2 2 2 2 2 2 2 1 2 2 2 2 2 1 1 0 0 0 0 0 1 1 1 1 1 1 1 1 1 1 1 1 1 2 2 1 1 1 1 2 2 2 2 2 1 1 1 1 1 1 1 1 1 1 1 1 1 2 2 0 1 1 2 2 2 2 2 2 2 2 2 3 3 3 3 2 2 2 2 2 4 4 4 4 4 4 3 3 3 3 4 4 4 4 4 3 3 3 3 3 3 3 3 3 3 3 3 3 2 2 2 2 2 2 2 2 2 2 2 2 2 3 3 3 3 3 3 3 3 3 2 2 2 2 2 2 2 2 2 2 2 2 2 2 1 0 1 1 1 1 1 2 2 2 2 2 2 2 2 2 3 3 3 3 2 2 2 2 2 2 2 2 2 2 2 2 2 2 2 2 2 2 1 1 1 1 1 1 1 1 1 1 1 1 1 2 2 3 3 4 2 2 1 1 1 1 1 1 1 1 1 0 0 0 0 0 0 0 0 0 0 0 0 0 1 0 0 0 0 0 0 0 0 0 1 1 1 1 1 1 1 1 1 1 1 1 1 1 1 1 1 1 0 0 0 0 1 1 1 1 1 1 1 1 1 0 0 1 1 1 1 1 0 0 0 0 1 1 1 1 1 1 0 1 1 0 0 0 0 0 0 0 0 0 0 1 1 1 1 0 0 0 0 0 0 0 0 0 0 0 0 0 1 1 1 1 1 1 1 1 1 1 1 1 1 0 1 0 0 0 0 0 0 0 0 0 1 1 1 1 1 3 3 3 3 3 3 3 3 3 4 4 4 4 4 4 4 4 4 4 4 4 4 3 3 3 3 3 4 4 4 4 4 5 5 5 5 5 4 4 5 5 5 5 5 4 5 5 5 5 5 5 5 5 5 5 5 5 5 6 6 5 5 6 6 6 6 6 6 6 6 6 6 6 6 6 5 5 5 5 6 6 6 6 6 6 6 6 6 6 6 6 6 4 4 3 3 3 3 3 3 3 3 3 3 3 4 4 3 2 2 2 2 2 2 2 2 2 1 1 0 0 0 0 0 0 0 0 0 1 1 0 0 0 0 0 0 0 0 0 1 0 0 0 0 1 2 2 2 2 2 2 2 2 2 2 2 2 2 1 1 1 1 1 1 1 1 1 1 0 1 1 1 1 1 1 1 1 1 1 1 1 1 2 4 4 4 4 4 4 4 4 4 4 4 4 4 4 4 4 4 4 3 3 4 4 4 4 3 3 3 3 3 3 3 3 3 2 1 0 0 0 0 0 0 0 0
248 1864
248 1863
259 572
259 571
343 567
555 580
555 579
535 567
142 1864
142 1863
348 567
80 1856
80 1855
146 1864
146 1863
87 567
197 1864
197 1863
485 593
485 592
41 570
41 569
75 570
75 569
372 591
372 590
418 567
263 1947
263 1946
329 589
329 588
195 1864
195 1863
79 1856
79 1855
551 567
531 599
531 598
137 1864
137 1863
466 567
195 567
292 567
558 568
558 567
463 567
417 567
357 567
543 567
414 591
414 590
321 587
321 586
172 1864
172 1863
288 578
288 577
421 591
421 590
311 587
311 586
258 1864
258 1863
468 593
468 592
411 591
411 590
365 567
193 567
273 1947
273 1946
54 1856
54 1855
547 567
269 574
269 573
406 567
511 593
511 592
441 567
366 591
366 590
227 567
401 567
456 593
456 592
17 567
367 591
367 590
453 593
453 592
162 1864
162 1863
536 567
280 576
280 575
210 567
14 567
552 892
552 891
259 567
34 567
513 567
80 1856
80 1855
100 567
562 593
562 592
97 1864
97 1863
413 591
413 590
299 567
513 593
513 592
58 1856
58 1855
203 572
203 571
109 1864
109 1863
107 567
194 1864
194 1863
112 1864
112 1863
311 567
81 1856
81 1855
464 567
340 589
340 588
49 570
49 569
443 591
443 590
455 567
141 567
140 572
140 571
200 567
11 567
234 572
234 571
240 1864
240 1863
219 567
320 587
320 586
86 567
78 567
251 572
251 571
463 593
463 592
318 587
318 586
108 567
288 567
254 1864
254 1863
12 567
293 580
293 579
248 567
262 574
262 573
239 1864
239 1863
494 567
236 567
44 1856
44 1855
420 591
420 590
215 567
169 567
312 567
184 1864
184 1863
521 595
521 594
496 593
496 592
164 572
164 571
272 567
354 567
567 570
567 569
4 567
540 607
540 606
82 570
82 569
559 567
557 1373
557 1372
193 567
443 567
30 570
30 569
416 567
29 570
29 569
342 567
372 567
6 1846
6 1845
419 591
419 590
371 591
371 590
414 567
213 1864
213 1863
108 572
108 571
297 583
297 582
423 591
423 590
345 567
91 567
105 567
70 1856
70 1855
264 567
125 1864
125 1863
147 572
147 571
164 567
184 572
184 571
389 567
81 567
196 567
19 570
19 569
433 591
433 590
492 567
462 593
462 592
142 1864
142 1863
181 572
181 571
447 567
451 593
451 592
450 567
188 567
303 567
566 567
149 567
402 591
402 590
227 1864
227 1863
326 589
326 588
41 570
41 569
119 567
254 572
254 571
256 567
29 567
284 567
411 567
483 593
483 592
401 591
401 590
537 567
79 567
511 567
356 589
356 588
300 567
73 570
73 569
209 572
209 571
135 1864
135 1863
286 578
286 577
24 570
24 569
44 567
438 567
383 591
383 590
515 567
399 591
399 590
179 567
44 570
44 569
17 567
314 567
392 567
433 567
238 567
148 572
148 571
32 570
32 569
125 572
125 571
517 567
407 567
119 1864
119 1863
348 589
348 588
453 593
453 592
48 1856
48 1855
387 567
515 567
449 593
449 592
80 567
565 570
565 569
195 572
195 571
381 591
381 590
499 567
91 567
461 567
92 567
6 567
357 589
357 588
451 593
451 592
326 567
141 1864
141 1863
165 567
257 572
257 571
71 570
71 569
459 567
505 593
505 592
418 591
418 590
506 567
355 567
537 599
537 598
471 593
471 592
456 593
456 592
536 599
536 598
343 567
263 1947
263 1946
331 589
331 588
513 567
332 589
332 588
13 568
13 567
43 1856
43 1855
361 591
361 590
412 567
413 591
413 590
475 567
266 1947
266 1946
186 572
186 571
401 567
422 591
422 590
11 1846
11 1845
117 567
45 567
474 593
474 592
524 595
524 594
350 567
138 567
263 574
263 573
323 589
323 588
20 1856
20 1855
222 572
222 571
104 567
563 593
563 592
115 572
115 571
464 593
464 592
147 572
147 571
240 1864
240 1863
366 591
366 590
510 567
514 567
436 567
192 567
327 567
242 1864
242 1863
464 567
244 567
481 567
245 572
245 571
371 591
371 590
266 567
535 599
535 598
47 570
47 569
469 593
469 592
86 567
447 567
377 567
342 567
375 567
519 595
519 594
448 567
406 591
406 590
2 568
2 567
13 1846
13 1845
330 567
537 599
537 598
59 570
59 569
451 567
232 572
232 571
516 567
487 593
487 592
293 580
293 579
376 567
563 1732
563 1731
338 589
338 588
78 1856
78 1855
427 567
353 567
463 567
103 567
560 572
560 571
461 593
461 592
362 567
107 567
136 572
136 571
379 567
184 1864
184 1863
539 567
74 570
74 569
354 567
81 570
81 569
63 1856
63 1855
2 567
198 567
486 567
458 567
12 1846
12 1845
348 589
348 588
508 567
162 1864
162 1863
425 567
89 570
89 569
21 570
21 569
180 572
180 571
85 1856
85 1855
417 591
417 590
280 567
253 572
253 571
73 567
101 567
80 567
66 567
238 567
364 567
420 567
139 1864
139 1863
88 567
149 572
149 571
22 1856
22 1855
118 572
118 571
84 1856
84 1855
411 567
75 567
42 567
466 567
156 572
156 571
54 1856
54 1855
72 567
482 593
482 592
508 567
152 567
283 567
515 595
515 594
31 1856
31 1855
449 593
449 592
250 1864
250 1863
94 1856
94 1855
39 570
39 569
195 567
294 567
309 587
309 586
429 567
87 570
87 569
151 572
151 571
559 1397
559 1396
335 589
335 588
323 567
178 1864
178 1863
63 567
437 567
154 572
154 571
531 567
471 593
471 592
461 567
331 567
142 572
142 571
169 572
169 571
231 567
306 567
233 572
233 571
40 570
40 569
376 591
376 590
23 567
358 589
358 588
297 583
297 582
203 1864
203 1863
375 567
41 567
442 567
238 567
265 574
265 573
124 567
6 568
6 567
316 567
49 570
49 569
418 591
418 590
500 593
500 592
283 576
283 575
444 567
456 593
456 592
566 1825
566 1824
404 591
404 590
385 567
260 567
128 572
128 571
145 1864
145 1863
394 591
394 590
222 572
222 571
389 567
95 570
95 569
323 567
19 1856
19 1855
159 567
415 591
415 590
99 572
99 571
203 567
56 1856
56 1855
281 576
281 575
376 591
376 590
404 567
382 567
150 567
512 593
512 592
395 591
395 590
457 593
457 592
362 567
94 570
94 569
476 593
476 592
261 574
261 573
556 567
174 567
160 572
160 571
36 570
36 569
331 567
327 567
34 1856
34 1855
340 589
340 588
79 567
565 567
25 1856
25 1855
412 567
277 567
25 570
25 569
171 1864
171 1863
402 591
402 590
7 568
7 567
5 1846
5 1845
386 567
362 591
362 590
199 1864
199 1863
97 1864
97 1863
228 572
228 571
270 1947
270 1946
426 591
426 590
123 1864
123 1863
335 589
335 588
279 567
183 567
195 572
195 571
357 589
357 588
235 1864
235 1863
353 567
176 1864
176 1863
14 568
14 567
553 1092
553 1091
150 572
150 571
337 589
337 588
16 1846
16 1845
85 1856
85 1855
376 567
290 567
388 591
388 590
485 567
445 591
445 590
92 567
544 607
544 606
55 567
420 591
420 590
481 593
481 592
85 567
58 1856
58 1855
127 567
488 567
436 591
436 590
132 1864
132 1863
421 591
421 590
206 567
481 567
324 567
460 567
234 1864
234 1863
527 567
213 1864
213 1863
244 1864
244 1863
374 591
374 590
137 567
489 567
10 567
499 593
499 592
331 567
68 570
68 569
332 567
181 567
415 591
415 590
394 567
150 572
150 571
386 567
297 583
297 582
274 1947
274 1946
501 567
445 567
287 578
287 577
384 591
384 590
3 567
408 591
408 590
312 567
10 568
10 567
194 572
194 571
236 572
236 571
408 567
528 599
528 598
240 1864
240 1863
384 567
523 567
162 572
162 571
452 567
81 1856
81 1855
210 1864
210 1863
161 572
161 571
491 567
429 567
356 589
356 588
59 567
399 591
399 590
501 567
422 567
61 1856
61 1855
343 567
40 567
127 1864
127 1863
254 572
254 571
254 567
224 572
224 571
533 567
561 591
561 590
218 1864
218 1863
393 591
393 590
116 567
16 567
542 567
99 1864
99 1863
361 591
361 590
451 593
451 592
73 570
73 569
420 591
420 590
567 570
567 569
439 591
439 590
527 595
527 594
501 567
34 567
454 567
332 567
84 567
434 567
160 567
290 578
290 577
103 1864
103 1863
118 572
118 571
69 570
69 569
441 567
441 591
441 590
171 1864
171 1863
49 1856
49 1855
417 591
417 590
276 1947
276 1946
257 572
257 571
486 567
328 589
328 588
142 1864
142 1863
230 1864
230 1863
153 1864
153 1863
462 567
427 591
427 590
272 1947
272 1946
209 567
225 567
556 583
556 582
46 567
444 591
444 590
68 567
132 567
242 572
242 571
450 593
450 592
38 570
38 569
25 1856
25 1855
491 567
92 1856
92 1855
275 574
275 573
399 567
458 593
458 592
557 1373
557 1372
325 567
343 589
343 588
344 589
344 588
190 572
190 571
510 567
362 591
362 590
496 567
137 567
442 591
442 590
262 574
262 573
356 567
329 589
329 588
131 1864
131 1863
510 567
138 572
138 571
82 567
400 567
312 567
440 591
440 590
303 567
548 568
548 567
404 591
404 590
552 567
184 572
184 571
516 595
516 594
112 1864
112 1863
152 567
5 1846
5 1845
274 1947
274 1946
266 1947
266 1946
61 1856
61 1855
88 1856
88 1855
469 567
503 567
305 567
238 572
238 571
371 591
371 590
340 589
340 588
44 567
228 1864
228 1863
180 567
566 567
147 1864
147 1863
248 567
401 591
401 590
351 589
351 588
417 567
521 567
422 567
246 1864
246 1863
28 1856
28 1855
233 572
233 571
290 578
290 577
137 572
137 571
262 574
262 573
121 567
160 567
510 567
537 599
537 598
398 567
150 1864
150 1863
282 576
282 575
254 567
165 572
165 571
425 591
425 590
562 567
103 572
103 571
100 572
100 571
446 567
458 593
458 592
378 567
426 591
426 590
357 567
274 574
274 573
217 572
217 571
530 567
507 593
507 592
538 599
538 598
394 567
13 568
13 567
55 570
55 569
183 1864
183 1863
50 1856
50 1855
30 567
64 1856
64 1855
473 567
380 567
22 570
22 569
544 567
457 593
457 592
535 599
535 598
144 567
223 572
223 571
218 572
218 571
113 572
113 571
74 567
301 583
301 582
323 567
360 567
299 567
492 593
492 592
33 570
33 569
427 567
535 599
535 598
82 570
82 569
306 567
562 576
562 575
158 1864
158 1863
36 567
496 567
89 1856
89 1855
449 567
294 567
433 567
521 567
207 572
207 571
363 591
363 590
46 570
46 569
505 567
463 567
170 567
149 572
149 571
153 572
153 571
2 568
2 567
527 567
422 591
422 590
65 567
508 593
508 592
33 570
33 569
26 570
26 569
283 576
283 575
261 567
264 1947
264 1946
471 593
471 592
34 567
222 1864
222 1863
175 567
566 568
566 567
168 572
168 571
475 567
263 1947
263 1946
121 1864
121 1863
177 572
177 571
23 570
23 569
196 1864
196 1863
410 591
410 590
217 567
274 1947
274 1946
219 1864
219 1863
394 567
551 572
551 571
355 567
385 567
32 567
39 1856
39 1855
59 570
59 569
287 578
287 577
215 1864
215 1863
337 567
114 567
446 591
446 590
232 1864
232 1863
468 593
468 592
114 567
490 567
227 572
227 571
479 567
502 593
502 592
211 1864
211 1863
271 567
287 567
189 1864
189 1863
233 572
233 571
229 1864
229 1863
404 567
204 567
345 589
345 588
351 567
129 1864
129 1863
173 1864
173 1863
450 567
444 567
509 593
509 592
151 567
250 567
78 567
244 1864
244 1863
110 572
110 571
92 1856
92 1855
387 591
387 590
161 572
161 571
204 572
204 571
172 572
172 571
458 593
458 592
367 567
324 589
324 588
373 591
373 590
74 567
328 567
250 1864
250 1863
362 567
88 570
88 569
157 1864
157 1863
77 567
188 1864
188 1863
116 1864
116 1863
433 567
560 572
560 571
9 567
233 1864
233 1863
545 607
545 606
138 572
138 571
410 567
69 1856
69 1855
487 567
525 567
54 570
54 569
498 567
438 591
438 590
486 593
486 592
142 567
560 567
294 567
357 589
357 588
562 567
200 572
200 571
456 567
1 568
1 567
205 567
236 1864
236 1863
43 567
12 567
24 1856
24 1855
165 572
165 571
115 572
115 571
317 587
317 586
528 599
528 598
427 567
527 567
133 1864
133 1863
551 572
551 571
212 567
273 1947
273 1946
57 570
57 569
34 570
34 569
290 578
290 577
280 567
96 567
433 567
35 1856
35 1855
144 1864
144 1863
314 587
314 586
247 567
229 1864
229 1863
538 599
538 598
473 567
259 572
259 571
275 1947
275 1946
377 567
497 567
294 567
547 643
547 642
60 567
90 1856
90 1855
145 572
145 571
345 589
345 588
41 570
41 569
467 593
467 592
446 591
446 590
53 570
53 569
303 585
303 584
122 567
16 1846
16 1845
349 567
510 593
510 592
523 567
331 589
331 588
281 567
26 570
26 569
275 574
275 573
567 568
567 567
52 570
52 569
276 574
276 573
109 572
109 571
542 607
542 606
558 1385
558 1384
34 570
34 569
45 567
244 572
244 571
214 1864
214 1863
280 567
366 567
260 1864
260 1863
255 567
332 589
332 588
28 567
553 1092
553 1091
472 593
472 592
399 591
399 590
179 1864
179 1863
427 567
280 567
375 591
375 590
345 567
355 589
355 588
371 591
371 590
210 572
210 571
176 1864
176 1863
226 572
226 571
360 567
343 567
17 570
17 569
16 568
16 567
453 593
453 592
523 567
225 572
225 571
64 570
64 569
57 1856
57 1855
318 587
318 586
231 572
231 571
306 567
413 567
272 1947
272 1946
373 567
297 567
230 567
195 572
195 571
339 567
544 567
216 567
313 587
313 586
543 607
543 606
192 567
354 567
367 591
367 590
302 567
80 570
80 569
70 1856
70 1855
255 1864
255 1863
373 567
34 567
424 591
424 590
342 589
342 588
535 599
535 598
7 567
308 587
308 586
492 593
492 592
531 599
531 598
176 567
383 567
9 567
137 572
137 571
19 1856
19 1855
367 567
247 567
403 591
403 590
451 567
148 567
317 567
92 570
92 569
51 1856
51 1855
561 567
30 1856
30 1855
391 591
391 590
440 567
66 567
567 568
567 567
411 567
304 585
304 584
407 591
407 590
234 572
234 571
262 567
113 1864
113 1863
442 567
362 567
559 587
559 586
532 599
532 598
550 711
550 710
14 1846
14 1845
89 570
89 569
40 570
40 569
492 593
492 592
349 567
326 589
326 588
349 567
457 593
457 592
96 570
96 569
409 567
406 591
406 590
486 593
486 592
432 567
476 567
20 1856
20 1855
239 572
239 571
18 570
18 569
488 593
488 592
229 1864
229 1863
460 567
350 567
559 587
559 586
288 578
288 577
364 567
551 572
551 571
25 1856
25 1855
503 593
503 592
275 574
275 573
249 572
249 571
37 567
47 1856
47 1855
555 580
555 579
124 572
124 571
402 591
402 590
64 570
64 569
293 567
508 593
508 592
195 1864
195 1863
186 567
232 1864
232 1863
458 593
458 592
215 1864
215 1863
361 567
354 567
266 567
220 1864
220 1863
190 567
108 572
108 571
259 567
458 567
331 567
207 567
148 1864
148 1863
336 589
336 588
189 572
189 571
567 607
567 606
302 583
302 582
294 567
147 572
147 571
71 567
255 572
255 571
556 1373
556 1372
382 567
265 574
265 573
327 567
275 1947
275 1946
509 567
247 572
247 571
551 757
551 756
556 1373
556 1372
549 570
549 569
481 593
481 592
533 567
489 567
387 591
387 590
385 567
63 567
448 593
448 592
477 567
523 595
523 594
516 595
516 594
421 591
421 590
68 567
247 567
2 1846
2 1845
138 572
138 571
482 567
549 711
549 710
566 567
233 1864
233 1863
270 567
349 589
349 588
41 1856
41 1855
56 570
56 569
269 574
269 573
108 572
108 571
470 593
470 592
123 1864
123 1863
188 572
188 571
44 570
44 569
150 572
150 571
156 1864
156 1863
251 1864
251 1863
142 1864
142 1863
344 567
205 1864
205 1863
138 567
23 1856
23 1855
365 567
117 1864
117 1863
233 1864
233 1863
288 578
288 577
145 572
145 571
100 1864
100 1863
281 576
281 575
209 567
531 567
318 587
318 586
317 567
13 568
13 567
282 567
116 1864
116 1863
9 568
9 567
106 1864
106 1863
545 607
545 606
546 607
546 606
233 572
233 571
492 593
492 592
405 567
566 580
566 579
380 567
196 572
196 571
313 567
60 570
60 569
61 1856
61 1855
184 572
184 571
43 570
43 569
171 567
380 591
380 590
234 1864
234 1863
512 593
512 592
235 567
155 567
407 567
426 591
426 590
187 567
200 572
200 571
230 1864
230 1863
522 567
288 567
360 567
212 1864
212 1863
227 1864
227 1863
383 567
464 567
355 589
355 588
186 1864
186 1863
474 593
474 592
4 568
4 567
287 578
287 577
15 568
15 567
187 567
335 567
441 591
441 590
352 567
565 578
565 577
238 567
27 570
27 569
46 1856
46 1855
101 572
101 571
526 595
526 594
431 567
513 593
513 592
377 591
377 590
559 567
76 570
76 569
501 567
433 567
337 589
337 588
381 567
107 1864
107 1863
105 567
533 567
76 567
441 567
163 1864
163 1863
148 1864
148 1863
196 572
196 571
129 567
495 593
495 592
357 589
357 588
174 572
174 571
433 567
320 587
320 586
171 1864
171 1863
21 1856
21 1855
130 1864
130 1863
102 572
102 571
423 591
423 590
286 567
470 593
470 592
521 567
363 591
363 590
167 572
167 571
434 567
187 572
187 571
365 591
365 590
536 599
536 598
540 607
540 606
44 567
79 1856
79 1855
8 568
8 567
241 572
241 571
10 567
188 567
36 567
318 587
318 586
221 572
221 571
165 567
207 1864
207 1863
442 591
442 590
242 1864
242 1863
43 570
43 569
254 572
254 571
303 567
59 1856
59 1855
181 572
181 571
327 589
327 588
218 567
31 1856
31 1855
529 567
60 1856
60 1855
522 595
522 594
198 572
198 571
269 1947
269 1946
478 593
478 592
405 567
11 567
20 567
455 567
109 567
139 567
74 570
74 569
515 595
515 594
174 567
423 591
423 590
257 1864
257 1863
12 567
409 567
216 567
556 567
415 591
415 590
137 567
152 567
166 1864
166 1863
153 567
210 572
210 571
158 1864
158 1863
534 599
534 598
296 580
296 579
114 1864
114 1863
522 595
522 594
65 567
225 567
46 1856
46 1855
252 567
564 567
463 567
243 567
104 572
104 571
465 593
465 592
