2000 2000
1 1 1 1 1 1 1 1 1 1 1 1 1 1 1 1 1 1 1 1 1 1 1 1 1 1 1 1 1 1 1 1 1 1 1 1 1 1 1 1 2 2 2 2 2 2 3 3 4 3 2 2 1 1 1 1 1 1 1 1 1 1 1 1 1 1 1 1 1 1 1 1 1 1 1 1 1 1 1 1 1 1 1 1 1 1 1 1 1 1 1 1 1 1 1 1 1 1 1 1 1 1 1 1 1 1 1 1 1 1 1 1 1 1 1 1 1 1 1 1 1 1 1 1 1 1 1 1 1 1 1 1 1 1 1 1 1 1 1 1 1 1 1 1 1 1 1 1 1 1 1 1 1 1 1 1 1 1 1 1 1 1 1 1 1 1 1 1 1 1 1 1 1 1 1 1 1 1 1 1 1 1 1 1 1 1 1 1 1 1 1 1 1 1 1 1 1 1 1 1 1 1 1 1 1 1 1 1 1 1 1 1 1 1 1 1 1 1 0 0 0 0 0 0 0 0 0 0 0 0 0 0 0 0 0 0 0 0 0 0 0 0 0 0 0 0 0 0 0 0 0 0 0 0 0 0 0 0 0 0 0 0 0 0 0 0 0 0 0 0 0 0 0 0 0 0 0 0 0 0 0 0 0 0 0 0 0 0 0 0 0 0 0 0 0 0 0 0 0 0 0 0 0 0 0 0 0 0 0 0 0 0 0 0 0 0 0 0 0 0 0 0 0 0 0 0 0 0 0 0 0 0 0 0 0 0 0 0 0 0 0 0 0 0 0 0 0 0 0 0 0 0 0 0 0 0 0 0 0 0 0 0 0 0 0 0 0 0 0 0 0 0 0 0 0 0 0 0 0 0 0 0 0 0 0 0 0 0 0 0 0 0 0 0 0 0 0 0 0 0 0 0 0 0 0 0 0 0 0 0 0 0 0 0 0 0 0 0 0 0 0 0 0 0 0 0 0 0 0 0 0 0 0 0 0 0 0 0 0 0 0 0 0 0 0 0 0 0 0 0 0 0 0 0 0 0 0 0 0 0 0 0 0 0 0 0 0 0 0 0 0 0 0 0 0 0 0 0 0 0 0 0 0 0 0 0 0 0 0 0 0 0 0 0 0 0 0 0 0 0 0 0 0 0 0 0 0 0 0 0 0 0 0 0 0 0 0 0 0 0 0 0 0 0 0 0 0 0 0 0 0 0 0 0 0 0 0 0 0 0 0 0 0 0 0 0 0 0 1 1 0 0 0 0 0 0 0 0 0 0 0 0 0 0 0 0 0 0 0 0 0 0 0 0 0 0 0 0 0 0 0 0 0 0 0 0 0 0 0 0 0 0 0 0 0 0 0 0 0 0 0 0 0 0 0 0 0 0 0 0 0 0 0 0 0 0 0 0 0 0 0 0 0 0 0 0 0 0 0 0 0 0 0 0 0 0 0 0 0 0 0 0 0 0 0 0 0 0 0 0 0 0 0 0 0 0 0 0 0 0 0 0 0 0 0 0 0 0 0 0 0 0 0 0 0 0 0 0 0 0 0 0 0 0 0 0 0 0 0 0 0 0 0 0 0 0 0 0 0 0 0 0 0 0 0 0 0 0 0 0 0 0 0 0 0 0 0 0 0 0 0 0 0 0 0 0 0 0 0 0 0 0 0 0 0 0 0 0 0 0 0 0 0 0 0 0 0 0 0 0 0 0 0 0 0 0 0 0 0 0 0 0 0 0 0 0 0 0 0 0 0 0 0 0 0 0 0 0 0 0 0 0 0 0 0 0 0 0 0 0 0 0 0 0 0 0 0 0 0 0 0 0 0 0 0 0 0 0 0 0 0 0 0 0 0 0 0 0 0 0 0 0 0 0 0 0 0 0 0 0 0 0 0 0 0 0 0 0 0 0 0 0 0 0 0 0 0 0 0 0 0 0 0 0 0 0 0 0 0 0 0 0 0 0 0 0 0 0 0 0 0 0 0 0 0 0 0 0 0 0 0 0 0 0 0 0 0 0 0 0 0 0 0 0 0 0 0 0 0 0 0 0 0 0 0 0 0 0 0 0 0 0 0 0 0 0 0 0 0 0 0 0 0 0 0 0 0 0 0 0 0 0 0 0 0 0 0 0 0 0 0 0 0 0 0 0 0 0 0 0 0 0 0 0 0 0 0 0 0 0 0 0 0 0 0 0 0 0 0 0 0 0 0 0 0 0 0 0 0 0 0 0 0 0 0 0 0 0 0 0 0 0 0 0 0 0 0 0 0 0 1 1 0 0 0 0 0 0 0 0 0 0 0 0 0 0 0 0 0 0 0 0 0 0 0 0 0 0 0 0 0 0 0 0 0 0 0 0 0 0 0 0 0 0 0 0 0 0 0 0 0 0 0 0 0 0 0 0 0 0 0 0 0 1 1 1 1 1 1 1 1 1 1 1 1 1 1 1 1 1 1 1 1 1 1 1 1 1 1 1 1 1 1 1 1 1 1 1 1 1 1 1 1 1 1 1 1 1 1 1 1 1 1 1 1 1 1 1 1 1 1 1 1 1 1 1 1 1 1 1 1 1 1 1 1 1 1 1 1 1 1 1 1 1 1 1 1 1 1 1 1 1 1 1 1 1 1 1 1 1 1 1 1 1 1 1 1 1 1 1 1 1 1 1 1 1 1 1 1 1 1 1 1 1 1 1 1 1 1 1 1 1 1 1 1 1 1 1 1 1 1 1 1 1 1 1 1 1 1 1 1 1 1 1 1 1 1 1 1 1 1 1 1 1 1 1 1 1 1 1 1 1 1 1 1 1 1 1 1 1 1 1 1 1 1 1 1 1 1 1 1 1 1 1 1 1 1 1 1 1 1 1 1 1 1 1 1 1 1 1 1 1 1 1 1 1 1 1 1 1 1 1 1 1 1 1 1 1 1 1 1 1 1 1 1 1 1 1 1 1 1 1 1 1 1 1 1 1 1 1 1 1 1 1 1 1 1 1 1 1 1 1 1 1 1 1 1 1 1 1 1 1 1 1 1 1 1 1 1 1 1 1 1 1 1 1 1 1 1 1 1 1 1 1 1 1 1 1 1 1 1 1 1 1 1 1 1 1 1 1 1 1 1 1 1 1 1 1 1 1 1 1 1 1 1 1 1 1 1 1 1 1 1 1 1 1 1 1 1 1 1 1 1 1 1 1 1 1 1 1 1 1 1 1 1 1 1 1 1 1 1 1 1 1 1 1 1 1 1 1 1 1 1 1 1 1 1 1 1 1 1 1 1 1 1 1 1 1 1 1 1 1 1 1 1 1 1 1 1 1 1 1 1 1 1 1 1 1 1 1 1 1 1 1 1 1 1 1 1 1 1 1 1 1 1 1 1 1 1 1 1 1 1 1 1 1 1 1 1 1 1 1 1 1 1 1 1 1 1 1 1 1 1 1 1 1 1 1 1 1 1 1 1 1 1 1 1 1 1 1 1 1 1 1 1 1 1 1 1 1 1 1 1 1 1 1 1 1 1 1 1 1 1 1 1 1 1 1 1 1 1 1 1 1 1 1 1 1 1 1 1 1 1 1 1 1 1 1 1 1 1 1 1 1 1 1 1 1 1 1 1 1 1 0 0 0 0 1 1 1 1 1 1 1 1 1 1 1 1 1 1 1 1 2 2 2 2 1 1 1 1 1 1 1 1 1 1 1 1 1 1 1 1 1 1 2 2 2 2 2 2 2 2 2 2 2 2 2 2 2 2 2 2 2 2 2 2 1 1 1 1 1 1 1 1 1 1 1 1 1 1 1 1 1 1 1 1 1 1 1 1 1 1 1 1 1 1 1 1 1 1 1 1 1 1 1 1 1 1 1 1 1 1 1 1 1 1 1 1 1 1 1 1 1 1 1 1 1 1 1 1 1 1 1 1 1 1 1 1 1 1 1 1 1 1 1 1 1 1 1 1 1 1 1 1 1 1 1 1 1 1 1 1 1 1 1 1 1 1 1 1 1 1 1 1 1 1 1 1 1 1 1 1 1 1 1 1 1 1 1 1 1 1 1 1 1 1 1 1 1 1 1 1 1 1 1 1 1 1 1 1 1 1 1 1 1 1 1 1 1 1 1 1 1 1 1 1 1 1 1 1 1 1 1 1 1 1 1 1 1 1 1 1 1 1 1 1 1 1 1 1 1 1 1 1 1 1 1 1 1 1 1 1 1 1 1 1 1 1 1 1 1 1 1 1 1 1 1 1 1 1 1 1 1 1 1 1 1 1 1 1 1 1 1 1 1 1 1 1 1 1 1 1 1 1 1 1 1 1 1 1 1 1 1 1 1 1 1 1 1 1 1 1 1 1 1 1 1 1 1 1 1 1 1 1 1 1 1 1 1 1 1 1 1 1 1 1 1 1 1 1 1 1 1 1 0 0 0 0 0 0 0 0 0 1 1 1 1 1 1 0 0 0 0 0 0 0 0 0 0 0 0 1 1 1 2 2 2 2 2 2 2 2 2 2 2 1 1 1 1 1 1 1 1 1 1 1 1 1 2
664 730
192 980
1970 1994
343 1544
747 851
1501 1845
303 974
809 907
1973 1974
1566 1921
144 1935
859 1074
435 1091
887 1291
1854 1998
992 1389
145 1347
1093 1527
1843 1892
543 865
1591 1628
1296 1573
809 1030
1037 1813
945 1141
1785 1933
1948 1958
1300 1563
33 775
591 1807
715 1451
1519 1698
1748 1939
48 810
934 1839
352 596
1361 1969
583 1728
398 1150
1978 1981
1064 1324
1137 1533
274 1546
1336 1749
864 1775
1635 1695
1833 1982
227 1622
1130 1908
789 1871
1828 1924
1880 1990
346 564
888 1882
1026 1781
1968 1968
955 1578
515 583
681 1547
1239 1676
513 1655
87 987
925 1345
1769 1931
385 568
846 1798
426 1163
695 1710
1252 1894
1315 1848
684 1416
420 1126
1273 1427
341 702
263 1447
475 1609
317 912
8 1670
1443 1915
1711 1914
1267 1959
570 1926
1765 1857
859 1805
1984 1994
1168 1218
1272 1969
1314 1580
896 1978
1290 1445
734 1100
1776 1864
1515 1710
196 1796
1952 1969
552 1810
1479 1966
1861 1984
731 1992
1196 1388
618 1479
1235 1613
1787 1981
1083 1927
1688 1850
495 890
1298 1487
1733 1887
1793 1968
1341 1789
346 739
842 1942
1671 1750
1409 1999
1193 1595
1426 1970
182 1663
1951 1997
278 767
838 885
1854 1921
1752 1839
952 1970
781 1163
998 1167
1032 1935
488 1645
371 1691
1896 1976
1052 1277
1479 1535
1796 1837
15 1017
471 746
1140 1312
1641 1905
1095 1312
293 1239
1802 1903
1075 1225
429 1576
138 577
1754 1850
1571 1992
436 1580
1320 1869
1714 1974
484 604
1915 1977
792 1088
525 1251
388 1055
1760 1953
746 1763
1273 1767
1944 1956
1752 1973
1009 1404
1037 1677
1034 1582
179 1333
427 1121
1199 1491
394 416
1076 1440
687 746
470 1016
217 1473
599 1734
920 1663
1291 1925
489 1819
674 678
1616 1881
999 1135
716 1971
483 798
418 1035
666 1782
1733 1971
1290 1919
1093 1601
1350 1509
703 1293
1041 1236
1189 1873
1100 1596
695 717
434 1735
204 1783
1479 1809
865 1366
1169 1582
455 1699
169 1900
1588 1719
564 1153
733 963
1497 1856
1458 1502
980 1686
548 952
1229 1728
449 611
369 442
118 1302
849 1000
11 1666
1957 1971
1605 1844
115 1300
1619 1937
1713 1781
834 1830
1466 1535
1851 1896
1244 1869
1474 1557
549 1358
434 1388
1450 1565
500 953
72 668
374 663
137 756
511 1622
1201 1373
1835 1987
1961 1965
1957 1997
1968 1971
1137 1580
1984 1988
1086 1847
1893 1948
1323 1451
1430 1634
108 1758
1331 1589
1772 1944
371 1112
445 1552
935 1270
1659 1718
205 1711
1246 1751
327 449
264 1472
1941 1967
1147 1955
1772 1939
30 944
1756 1826
304 1933
978 1219
473 1543
201 293
1783 1969
1906 1937
863 1325
955 1645
1993 1993
83 755
1687 1994
481 1522
1666 1817
319 1976
1725 1727
1065 1126
788 1413
1969 1984
1212 1929
1738 1856
1282 1957
1627 1972
1242 1834
55 280
826 1174
1121 1287
108 1306
1120 1642
1107 1671
1538 1642
1554 1556
781 1729
1749 1885
153 662
1465 1524
15 1142
1594 1867
158 945
1623 1636
1878 1953
905 1064
416 828
454 1550
1238 1759
1197 1874
1964 1977
1511 1946
1300 1800
57 817
1843 1998
1508 1618
377 677
1976 2000
1662 1770
1241 1402
286 845
439 934
66 1190
1935 1951
417 1889
87 700
1304 1604
1076 1135
407 1877
657 1789
270 1545
698 1324
652 1451
103 1700
447 532
257 1581
1010 1399
759 845
1499 1985
1556 1708
372 1711
424 1377
140 529
1499 1820
1036 1228
1107 1432
728 1624
1155 1194
1621 1964
558 943
609 1767
1237 1798
16 88
737 1882
640 1710
1798 1895
1762 1851
697 1414
266 1310
1796 1960
246 1508
1083 1981
394 1077
1607 1808
1608 1823
953 1975
1536 1913
1111 1841
1968 1981
989 1181
1436 1542
1735 1972
913 1604
562 737
1796 1849
1123 1127
344 1713
577 1390
720 1868
1854 1982
951 1923
744 1998
857 1028
1184 1786
1733 1919
1932 1940
213 249
1808 1895
1344 1548
602 1010
1261 1753
1199 1547
1059 1922
1306 1756
882 1977
992 1534
758 1279
1125 1463
1253 1296
166 657
753 1787
892 1420
860 1220
1322 1753
3 362
1011 1864
50 131
1380 1973
1962 1971
1124 1492
1692 1867
694 1802
1348 1953
792 898
1982 2000
1344 1399
608 1478
523 676
423 728
1325 1359
1059 1427
301 1042
1614 1930
696 702
1770 1967
1164 1931
1880 1948
1563 1861
1197 1938
1770 1884
973 1163
784 1444
323 1079
1528 1982
1732 1829
1876 1905
939 969
1348 1601
627 1552
1458 1626
1276 1690
709 1682
1476 1992
1600 1773
621 1305
1448 1631
1874 1969
318 536
103 856
744 1429
509 1598
907 1690
1948 1999
1566 1787
1195 1497
254 1651
936 1635
1324 1447
1230 1627
891 1168
1846 1981
112 555
1315 1880
1510 1736
1534 1807
997 1876
1602 1845
910 1818
166 1198
1718 1920
951 1077
1539 1601
1926 1952
742 748
470 638
1670 1852
1822 1896
1012 1545
1746 1767
1730 1846
437 1838
1735 1956
425 1179
204 1503
1320 1424
102 422
1416 1763
1780 1813
1565 1687
1570 1812
638 1718
178 759
1005 2000
1507 1790
1001 1907
932 1001
140 269
1920 1977
140 1222
1511 1850
994 1975
1963 1986
28 240
1684 1903
975 1874
1852 1887
399 1564
1761 1826
1246 1344
167 1116
426 1930
1158 1158
1529 1629
625 882
242 928
1449 1958
1408 1553
555 697
729 1100
1441 1688
707 1727
350 682
437 1837
1629 1910
1111 1886
754 872
1607 1660
690 1056
1924 1934
569 1910
871 1703
479 1913
1202 1891
1802 1870
837 1055
1862 1966
1943 1946
912 1535
1173 1357
572 1165
1650 1946
1369 1823
1176 1574
1314 1322
720 1775
727 817
596 1224
1683 1749
1606 1680
824 838
1556 1560
1869 1953
1448 1598
997 1814
129 208
423 1555
496 1048
499 1716
1968 1988
625 1550
1667 1891
908 1114
242 575
1363 1521
1132 1156
359 1336
798 1484
1350 1870
1066 1575
1815 1815
1242 1970
25 374
1245 1798
238 1400
1262 1436
732 1006
943 1378
1843 1985
789 1585
1498 1749
1468 1787
510 1737
537 1371
19 1946
862 1353
139 1535
1697 1828
1799 1860
681 1323
1704 1969
975 1422
1942 1983
1482 1656
1015 1094
1221 1803
717 1280
1556 1765
66 1417
1579 1854
484 1030
863 1938
1310 1423
936 1999
1260 1266
572 1840
1904 1906
1389 1673
885 1414
1307 1893
738 1346
888 903
1386 1521
728 1483
1814 1861
1417 1808
200 1827
1032 1154
1651 1679
1801 1851
316 1805
854 1682
992 1521
61 714
1952 1968
1326 1724
891 1761
1555 1848
1957 1960
358 1581
237 542
1028 1120
1651 1960
277 477
1143 1583
335 1412
15 236
776 1616
575 863
430 579
1009 1853
1052 1452
1964 1986
1176 1598
1139 1569
1413 1420
1343 1427
1071 1975
1294 1918
1604 1646
1840 1907
1847 1977
1641 1732
214 592
1033 1195
1315 1748
159 959
1218 1859
555 582
688 709
700 982
651 1310
380 1478
1447 1631
1735 1780
493 1886
280 638
827 973
459 668
1063 1758
1006 1765
1774 1903
1828 1959
370 1790
536 1150
1043 1130
1529 2000
1184 1236
952 1833
1251 1579
1427 1524
214 908
1089 1393
1689 1820
772 870
542 979
348 637
474 1737
1868 1984
1728 1947
1228 1632
588 1496
885 1826
1190 1428
852 1158
882 1632
1113 1853
571 1765
407 1092
1883 1949
504 1379
1883 1973
1833 1979
274 1386
290 1035
548 1978
1104 1419
731 1552
947 1354
290 1857
1386 1531
219 1765
1902 1995
1116 1267
1653 1928
1585 1697
1600 1793
1650 1726
1184 1403
392 598
1246 1578
718 732
1597 1669
1217 1219
18 1142
258 988
1644 1676
701 1798
1107 1854
1938 1958
50 1149
1265 1919
480 485
172 477
1393 1651
45 1656
1749 1917
1936 1957
731 1533
1419 1425
33 496
1219 1856
169 324
1403 1844
234 294
1054 1137
1000 1825
882 1263
379 583
1096 1934
1873 1896
79 918
320 1237
367 1145
1242 1836
1392 1791
527 1027
1461 1494
670 821
740 1622
1882 1948
279 977
416 1510
1632 1921
471 1512
375 1231
905 1877
1206 1523
28 1682
1021 1738
1110 1622
1616 1882
372 1151
862 1625
633 816
1858 1879
80 1811
757 1291
1040 1334
757 1282
811 1456
295 1769
508 1261
1306 1990
820 1203
1289 1559
1970 1985
1263 1315
31 558
273 1165
1025 1056
1697 1984
1951 1969
1360 1670
1376 1520
1762 1878
5 1095
942 1527
654 1753
614 964
24 822
565 638
1176 1652
951 1784
1553 1984
1907 1950
1700 1826
721 798
860 1926
1125 1409
1211 1588
1861 1980
217 1407
869 1416
427 572
1938 1939
415 1666
231 908
428 1564
1335 1824
945 1751
588 1320
1957 1970
202 593
1937 1991
376 1932
167 1975
1765 1903
275 1004
695 1134
158 690
1994 2000
1835 1926
494 1251
235 859
1939 1969
1985 1988
1046 1469
1743 1998
1371 1732
862 1293
1385 1851
208 1152
1913 1943
1622 1628
987 1978
1062 1854
795 1332
83 868
358 488
1827 1879
338 1383
1236 1996
406 534
1427 1941
1291 1801
1810 1877
1785 1926
942 954
1214 1396
1819 1865
1736 1875
808 1261
137 888
1313 1681
874 1205
1509 1512
196 734
164 1602
1326 1527
1408 1512
898 1786
1213 1574
885 1782
653 655
1684 1710
412 1974
527 1551
1160 1816
1160 1192
1221 1238
1337 1895
77 1884
1357 1561
1024 1418
502 1503
543 1184
656 1605
872 1095
1912 1963
1168 1545
640 1463
733 777
354 637
1474 1740
306 1222
562 1496
1623 1838
1827 1853
1876 1880
578 1581
898 1498
1782 1979
923 1206
1258 1583
1244 1899
98 1214
1125 1534
418 1071
1294 1337
1724 1922
661 1098
1181 1424
1626 1924
823 1146
23 1056
804 1815
1683 1834
1077 1399
767 1690
1185 1653
775 999
631 1165
537 613
1611 1946
1930 1981
247 579
1399 1752
1773 1893
248 518
648 1796
1724 1874
199 1324
1682 1737
1133 1859
909 1154
1656 1801
1265 1908
1723 1870
1560 1867
1868 1952
938 1875
1074 1462
361 762
1365 1562
1969 1995
123 700
802 816
1582 1913
864 1589
929 1330
1670 1950
1111 1601
1562 1667
1068 1216
244 573
1892 1917
1452 1570
882 1577
1964 1990
881 1924
854 1582
595 1480
721 1457
636 1382
483 1860
776 1525
1420 1736
1042 1823
577 733
1059 1844
522 1420
650 1676
136 974
214 446
207 1575
1253 1569
902 1120
636 1689
833 1947
513 1256
318 839
755 909
1667 1996
1169 1683
45 1993
1711 1876
993 1406
776 931
914 1866
433 724
948 1908
1818 1873
175 951
316 851
1853 1928
736 1746
1826 1931
1863 1975
131 506
1258 1675
880 1345
1943 1968
1749 1777
1209 1537
567 767
967 1236
72 568
749 1756
1224 1749
1572 1643
603 1005
1342 1617
1311 1362
721 1929
806 1526
1816 1965
674 1775
1145 1283
1505 1752
1388 1810
914 1426
1371 1496
762 1702
1182 1535
409 422
451 1199
113 1786
324 1062
1039 1121
1178 1641
1541 1957
1521 1655
531 908
415 883
1513 1657
1893 1931
141 1618
103 1473
121 552
622 1814
1381 1437
1285 1472
101 1409
419 1778
1974 1998
1066 1744
1655 1948
1026 1726
345 1833
1314 1942
1541 1754
1689 1707
1498 1645
1441 1847
1014 1708
1229 1394
1838 1870
600 1480
588 701
113 303
1879 1967
661 1671
221 1032
896 1525
799 1362
670 801
459 1043
159 1980
332 1309
620 1893
337 964
1762 1820
1525 1795
992 1821
338 1852
1817 1959
758 791
841 925
1156 1993
1937 1954
356 816
1377 1494
549 1697
2000 2000
119 273
277 1048
1323 1759
1074 1263
848 1949
147 1727
491 720
1933 1990
339 1444
1972 1987
87 1205
1758 1950
401 1047
452 554
706 1015
1282 1723
1236 1467
1282 1582
1033 1448
966 1349
629 876
1538 1641
1283 1649
349 565
1210 1332
1982 1989
1532 1989
1455 1720
543 958
539 774
1716 1913
926 1232
452 1148
1627 1892
829 1052
1423 1807
1245 1537
1304 1843
1316 1555
1107 1113
1382 1588
1151 1572
518 1254
1793 1936
1897 1897
469 1975
1048 1280
1784 1921
1361 1684
1590 1976
1360 1913
1142 1465
271 321
1897 1954
1716 1772
334 824
160 1142
690 1203
1303 1673
805 1893
1149 1372
487 935
1107 1416
268 1819
1054 1897
1883 1898
937 1892
1477 1577
140 1138
692 1379
580 1663
464 608
591 1308
1628 1674
1098 1226
583 936
475 1838
995 1651
960 1565
1879 1891
1432 1689
102 260
1025 1154
672 1107
1721 1910
782 980
1978 1992
608 1407
1395 1403
6 1795
1411 1797
201 429
247 1992
411 1615
749 1809
1636 1738
354 1604
1682 1878
1078 1325
1534 1727
1735 1955
1206 1760
969 1904
1368 1941
1582 1780
1521 1632
282 1704
1139 1596
1267 1788
1007 1880
963 1436
882 997
1053 1250
843 1339
170 1317
810 994
591 1402
1193 1200
843 913
1049 1178
498 1428
907 1976
1076 1412
1239 1676
550 914
1583 1681
716 762
339 709
1329 1352
314 1045
302 812
64 1817
1520 1905
1340 1722
341 1731
1791 1872
175 756
1082 1496
147 1979
422 1968
360 1765
279 886
964 1528
711 1477
1383 1734
1998 2000
1254 1779
1784 1925
1943 1953
136 252
1636 1998
1576 1722
488 999
396 808
1687 1759
88 1252
946 1482
1313 1370
1947 1983
1712 1926
1196 1222
319 733
399 1640
960 1875
944 1649
1907 2000
749 1269
1199 1765
445 1643
527 900
1216 1505
415 654
1155 1714
135 1382
1425 1549
1570 1998
234 1187
1897 1940
739 1588
1888 1979
914 1363
74 426
661 900
384 1353
427 815
519 1803
347 920
1840 1879
1128 1628
1374 1680
1899 1946
525 1511
1516 1852
307 759
1412 1961
1634 1849
703 1285
562 1975
153 1118
1840 1847
1017 1777
1632 1847
1085 1842
873 1374
808 1150
355 799
1122 1857
1301 1633
1142 1383
383 784
1660 1986
80 315
193 1665
854 1591
1809 1920
1215 1833
1496 1859
720 1847
1608 1827
1495 1881
1190 1695
724 815
1 77
175 1147
1868 1982
1621 1741
571 1032
356 812
1351 1867
218 1341
1348 1826
1819 1914
954 1674
1788 1933
959 1317
730 1853
321 1418
1940 1946
984 988
1376 1443
1483 1578
1397 1479
1059 1180
666 1211
356 1328
815 1310
1082 1323
740 1325
1163 1348
1746 1903
692 1365
527 1176
1776 1976
1417 1996
1135 1775
304 1926
273 530
283 1918
1892 1901
1492 1865
1940 1998
782 1025
1639 1667
1483 1803
1338 1538
836 1586
1357 1699
1913 2000
227 1422
1529 1939
450 1017
1016 1026
1621 1642
1879 1923
1926 1962
315 365
1192 1835
173 1979
1834 1952
1948 1952
544 1473
1738 1813
891 1213
789 1533
1679 1995
80 1903
927 1285
275 890
1838 1921
249 473
52 340
764 1861
300 616
333 1404
1298 1714
1744 1751
670 1978
1801 1913
1775 1801
1952 1971
1232 1752
1605 1833
467 1785
2 1579
1552 1801
1781 1859
1239 1755
1654 1903
173 656
1868 1933
101 1643
560 1546
1049 1903
488 1282
720 1048
1609 1654
1543 1625
1909 1924
393 1801
991 1400
420 1700
770 1123
667 1905
1602 1748
585 639
380 1444
1233 1542
793 803
1331 1754
1981 2000
1172 1814
318 1764
430 1294
1771 1774
1240 1619
337 397
762 1103
172 1806
1430 1708
1949 1965
1945 1998
1872 1877
1471 1761
226 1631
1387 1827
1654 1950
897 912
1674 1988
1528 1942
1358 1786
1500 1601
156 876
1983 1984
1368 1808
1070 1139
707 1934
266 1787
348 1742
832 1616
1381 1930
1718 1997
399 477
753 1571
461 894
1258 1577
783 1570
662 806
1941 1990
1252 1778
293 1316
7 806
407 1420
965 1032
1983 1990
631 648
1027 1819
12 1554
1829 1982
895 1448
755 1716
652 1406
478 1431
1723 1903
184 1815
1726 1769
549 878
1314 1444
1656 1743
1916 1950
1326 1864
1325 1707
717 871
1603 1757
1915 1997
988 1755
327 865
50 624
590 1540
131 271
1269 1738
252 476
1154 1965
1456 1643
723 1125
638 1419
525 1591
1656 1990
1911 1954
984 1420
963 1706
258 1173
38 1681
1396 1991
1981 1992
87 1600
1068 1840
1205 1269
212 1558
1073 1968
1862 1923
477 587
987 1093
1552 1812
1284 1792
251 1166
1197 1404
1206 1953
983 1110
921 1436
819 1223
1816 1826
560 1169
815 1452
492 1020
1850 1985
142 399
1526 1978
1024 1499
880 1674
1775 2000
332 1424
289 461
928 1417
1939 1995
1946 1947
1221 1403
1002 1674
136 787
1236 1540
1340 1486
1322 1715
350 1142
750 1390
535 750
443 588
1053 1570
715 1409
1323 1908
1530 1696
856 1828
647 1812
194 1415
1147 1673
440 1566
187 1396
1787 1802
1868 1871
990 1935
16 1711
1360 1799
1475 1564
1034 1856
1403 1829
904 1100
701 1580
1632 1748
2 1852
578 1541
1402 1884
548 1655
1313 1340
1657 1791
1200 1302
1525 1938
633 1090
808 1243
597 1236
24 1968
88 249
91 775
1478 1575
1958 1991
293 1114
598 638
1149 1509
456 729
1920 1924
728 911
546 1471
1589 1893
1074 1225
1641 1909
1174 1283
778 915
1791 1869
750 1281
1903 1970
1989 1989
1877 1910
1911 1927
1396 1636
1031 1162
1514 1854
394 1409
1652 1749
1821 1891
199 706
711 1042
236 998
369 1471
1365 1587
425 1050
1846 1887
1402 1869
922 1711
1593 1920
1531 1561
1626 1916
1439 1524
512 1954
1585 1936
545 1293
1114 1562
1119 1227
800 1113
1156 1848
685 845
679 1124
1772 1880
649 1293
368 1416
1407 1531
443 1717
1519 1875
1967 1986
1590 1878
1231 1917
639 930
1380 1406
793 1551
283 872
436 1913
1089 1669
1675 1916
725 925
1405 1423
1677 1778
1141 1464
615 902
960 1913
943 1211
519 1967
1950 1982
247 1096
1388 1759
1576 1783
38 1021
1698 1828
323 658
508 649
1579 1796
1168 1337
286 583
1799 1996
1205 1439
1670 1796
915 1170
1195 1691
1547 1553
295 814
1730 1994
558 1922
259 652
1360 1893
1620 1833
309 615
1275 1544
362 975
1281 1415
1221 1705
1758 1925
1658 1911
787 1611
547 1916
28 963
391 821
1629 1937
979 1841
1277 1721
521 1275
133 1473
497 1683
1834 1857
1013 1988
1677 1924
1492 1581
567 1076
1626 1872
701 1107
1 542
612 1560
717 725
345 1890
1962 1993
1833 1896
225 1884
1313 1776
843 1004
1163 1501
357 1033
229 699
443 1507
1605 1654
1 1530
1296 1478
276 1486
1375 1937
1837 1901
1290 1874
1693 1703
1904 1938
1480 1545
1086 1870
286 1441
1713 1963
302 1236
869 1293
327 1653
761 1301
1684 1973
620 1091
249 1011
1537 1922
80 226
1770 1835
170 722
1247 1590
1409 1829
1965 1968
1364 1956
1703 1782
832 1958
444 968
1488 1820
1824 1835
924 1971
908 1344
1760 1998
1458 1780
631 724
507 1563
1769 1776
1885 1977
1656 1874
240 1470
1790 1921
108 1857
1906 1936
1737 1812
149 1575
884 1793
1712 1891
356 1423
1421 1809
866 1663
40 1624
1807 1923
268 1011
1606 1951
1202 1658
153 672
636 1016
342 396
1858 1876
644 1775
1691 1824
1471 1857
1965 1978
263 1465
1432 1439
449 674
955 2000
860 1652
626 1122
187 1780
713 1191
321 1907
1244 1506
921 925
722 1430
996 1195
389 1273
1537 1697
1600 1785
1712 1866
1775 1860
386 940
393 1298
498 564
1746 1832
163 659
67 613
283 491
652 1115
789 1464
644 756
300 1735
1849 1957
592 1192
772 1397
1108 1490
82 1587
800 1907
1779 1849
972 1886
600 1921
791 1362
982 1533
694 790
157 1276
690 1342
1925 1925
255 1185
1264 1642
1291 1421
44 1535
159 1240
1889 1926
1082 1421
1775 1818
657 885
19 1054
409 993
1502 1503
1126 1485
225 1072
1459 1880
1178 1917
386 513
817 1314
1360 1633
1614 1634
867 1421
1966 1982
230 347
1609 1819
863 908
1319 1599
1443 1811
1309 1891
671 858
849 1460
1890 1957
1444 1539
1984 1991
637 1710
402 913
1565 1637
624 1980
1169 1822
604 993
964 1616
557 950
1165 1817
1434 1891
1968 1975
230 270
1805 1870
1755 1784
1922 1959
1509 1643
1931 1999
137 727
1887 1945
155 900
360 558
325 1723
50 577
217 1336
1870 1958
282 1411
1874 1927
1542 1798
834 1512
922 1809
1115 1171
426 1022
875 1050
1688 1950
1879 1888
1129 1686
1739 1902
1837 1863
1701 1795
1525 1750
171 1177
1558 1910
1395 1622
76 828
1800 1821
369 463
149 1868
679 1711
144 314
608 902
930 1075
598 1650
1376 1652
910 1711
1880 1896
1198 1941
46 1821
620 1304
90 219
102 882
492 1103
984 2000
1873 1984
1146 1607
1088 1602
1700 1959
779 995
802 1335
826 1420
1316 1801
422 2000
1268 1371
2 409
470 1544
278 1331
773 1257
1158 1201
1938 1970
869 1226
490 1979
117 230
1254 1396
1356 1842
1770 1864
564 994
206 1139
1238 1656
1940 1985
1988 1989
573 759
1676 1952
830 911
1979 1997
1853 1940
721 891
113 1931
314 1884
1965 2000
163 1136
7 1221
1200 1511
1084 1886
1642 1706
1039 1060
1711 1906
860 1815
807 1289
1038 1952
95 381
1080 1713
968 1310
863 1366
347 1429
1603 1890
1550 1973
736 1454
1601 1728
564 1693
1649 1906
70 1351
1301 1589
1599 1917
1008 1286
277 1463
220 1204
653 1195
755 1004
73 237
1907 1947
1389 1796
1802 1857
1891 2000
1555 1710
230 1551
410 936
602 1426
1828 1882
595 1432
63 1937
1237 1583
653 1232
1977 1998
162 709
1620 1712
1292 1767
1309 1641
835 844
265 408
1008 1109
922 1439
841 936
69 892
1533 1995
152 1324
503 805
256 1351
1053 1359
1937 1939
916 1827
258 1212
1718 1843
1411 1761
934 1728
