2000 2000
1 1 1 1 1 1 1 1 1 1 1 1 1 1 1 1 1 1 1 1 1 1 1 1 2 2 2 2 2 2 2 2 2 2 2 2 2 2 2 2 2 2 2 2 2 2 2 2 2 2 2 2 2 2 2 2 2 2 2 2 2 2 2 2 2 2 2 2 2 2 2 2 2 2 2 2 2 2 2 2 2 2 2 2 2 2 2 2 2 2 2 2 2 2 2 2 2 2 2 2 2 2 2 2 2 2 2 2 2 2 2 2 2 2 2 2 2 2 2 2 2 2 2 2 2 2 2 2 2 2 2 2 2 2 2 2 2 2 2 2 2 2 2 2 2 2 2 2 2 2 2 2 2 2 2 2 2 2 2 2 2 2 2 2 2 2 2 2 2 2 2 2 2 2 2 2 2 2 2 2 2 2 2 2 2 2 2 2 2 2 2 2 2 2 2 2 2 2 2 2 2 2 2 2 2 2 2 2 2 2 2 2 2 2 2 2 2 2 2 2 2 2 2 2 2 2 2 2 2 2 2 2 2 2 2 2 2 2 2 2 2 2 2 2 2 2 2 2 2 2 2 2 2 2 2 2 2 2 2 2 2 2 2 2 2 2 2 2 2 2 2 2 2 2 2 2 2 2 2 2 2 2 2 2 2 2 2 2 2 2 2 2 2 2 2 2 2 2 2 2 2 2 2 2 2 2 2 2 2 2 2 2 2 2 2 2 2 2 2 2 2 2 2 1 1 1 1 1 1 1 1 1 1 1 1 1 1 1 1 1 1 1 1 1 1 1 1 1 1 1 1 1 1 1 1 1 1 1 1 1 1 1 1 1 1 1 1 1 1 0 0 0 0 0 0 0 0 0 0 0 0 0 0 0 0 0 0 0 0 0 0 0 0 0 0 0 0 0 0 0 0 0 0 0 0 0 0 0 0 0 0 0 0 0 0 0 0 0 0 0 0 0 0 0 0 0 0 0 0 0 0 0 1 1 1 1 1 1 1 1 1 1 1 1 1 1 0 0 0 0 0 0 0 0 0 0 0 0 0 0 0 0 0 0 0 0 0 0 0 0 0 0 0 0 0 0 0 0 0 0 0 0 0 0 0 0 0 0 0 0 0 0 0 0 0 0 0 0 0 0 0 0 0 0 0 1 1 1 1 1 1 1 1 1 1 1 1 1 1 1 1 1 1 1 1 1 1 1 1 1 1 1 1 1 1 1 1 1 1 1 1 1 1 1 1 1 1 1 1 1 1 1 1 1 1 1 1 1 1 1 1 1 1 1 1 1 1 1 1 1 1 1 1 1 1 1 1 1 1 1 1 1 1 1 1 1 1 1 1 1 1 1 1 1 1 1 1 1 1 1 1 1 1 1 1 1 1 1 1 1 1 1 1 1 1 1 1 1 1 1 1 1 1 1 1 1 1 1 1 1 1 1 1 1 1 1 1 1 1 1 1 1 1 1 1 1 1 1 1 1 1 1 1 1 1 1 1 1 1 1 1 1 1 1 1 1 1 1 1 1 1 1 1 1 1 1 1 1 1 1 1 1 1 1 1 1 1 1 1 1 1 1 1 1 1 1 1 1 1 1 1 1 1 1 1 1 1 1 1 1 1 1 1 1 1 1 1 1 1 1 1 1 1 1 1 1 1 1 1 1 1 1 1 1 1 1 1 1 1 1 1 1 1 1 1 1 1 1 1 1 1 1 1 1 1 1 1 1 1 1 1 1 1 1 1 1 1 1 1 1 1 1 1 1 1 1 1 1 1 1 1 1 1 1 1 1 1 1 1 1 1 1 1 1 1 1 1 1 1 1 1 1 1 1 1 1 1 1 1 1 1 1 1 0 0 0 0 0 0 0 0 0 0 0 0 0 0 0 0 0 0 0 0 0 0 0 0 0 0 0 0 0 0 0 0 0 0 0 0 0 0 0 0 0 0 0 0 0 0 0 0 0 0 0 0 0 0 0 0 0 0 0 0 0 0 0 0 0 0 0 0 0 0 0 0 0 0 0 0 0 0 0 0 0 0 0 0 0 0 0 0 0 0 0 0 0 0 0 0 0 0 0 0 0 0 0 0 0 0 0 1 1 1 1 1 1 1 1 1 1 1 1 1 1 1 1 1 1 1 1 1 1 1 1 1 1 1 1 1 1 1 1 1 1 1 1 1 1 1 1 1 1 1 1 1 1 1 1 1 1 1 1 1 1 1 1 1 1 1 1 1 1 1 1 1 1 1 1 1 1 1 1 1 1 1 1 1 1 1 1 1 1 1 1 1 1 1 1 1 1 1 1 1 1 1 1 1 1 1 2 2 2 2 2 2 2 2 2 2 2 2 2 2 2 2 2 2 2 2 3 3 3 3 3 3 3 3 3 3 3 3 3 3 3 3 3 3 3 3 3 3 3 3 3 3 3 3 3 3 3 3 3 3 3 3 3 3 3 3 3 3 3 3 3 3 3 3 3 3 3 3 3 3 3 3 3 3 3 3 3 3 3 3 3 3 3 3 3 3 3 3 3 3 3 3 3 3 3 3 3 3 3 3 3 3 3 3 3 3 3 3 3 3 3 3 3 3 3 2 2 3 3 3 3 3 3 3 3 3 3 3 3 3 3 3 3 3 3 3 3 3 3 3 3 3 3 3 3 3 3 3 3 3 3 3 3 3 3 3 3 3 3 3 3 3 3 3 3 3 3 3 3 3 3 3 3 3 3 3 2 2 2 2 2 2 2 2 2 2 2 2 2 2 2 2 2 2 2 2 2 2 2 2 2 2 2 2 2 2 2 2 2 2 2 2 2 2 2 2 2 2 2 2 2 2 2 2 2 2 2 2 2 2 2 2 2 2 2 2 2 2 2 3 3 2 1 0 0 0 0 0 0 0 0 0 0 0 0 0 0 0 0 0 0 0 0 0 0 0 0 0 0 0 0 0 0 0 0 0 0 0 0 0 0 0 0 0 0 0 0 0 0 0 0 0 0 0 0 0 0 0 0 0 0 0 0 0 0 0 0 0 0 0 0 0 0 0 0 0 0 0 1 1 1 1 1 1 1 1 1 1 1 1 1 1 1 1 1 1 1 1 1 1 1 1 1 1 1 1 1 1 1 1 1 1 1 1 1 1 1 1 1 1 1 1 1 1 1 1 1 1 1 1 1 1 1 1 1 1 1 1 1 1 1 1 1 1 1 1 1 1 1 1 1 1 1 1 1 1 1 1 1 1 1 1 1 1 1 1 1 1 1 1 1 1 1 1 1 1 1 1 1 1 1 1 1 1 1 1 1 1 1 1 1 1 1 1 1 1 1 1 1 2 2 2 2 2 2 2 2 2 2 2 2 2 2 2 2 2 2 2 2 2 2 2 2 2 2 2 2 1 1 1 1 1 1 1 1 1 1 1 1 1 1 1 1 1 1 1 1 1 1 1 1 1 1 1 1 1 1 1 1 1 1 1 1 1 1 1 1 1 1 1 1 1 1 1 1 1 1 1 1 1 1 1 1 1 1 1 1 1 1 1 1 1 1 1 1 1 1 1 1 1 1 1 1 1 1 1 1 1 1 1 1 1 1 1 1 1 1 1 1 1 1 1 1 1 1 1 1 1 1 1 1 1 1 1 1 1 1 1 1 1 1 1 1 1 1 1 1 1 1 1 1 1 1 1 1 1 1 1 1 1 1 1 1 1 1 1 1 1 1 1 1 1 1 1 1 1 1 1 1 1 1 1 1 1 1 1 1 1 1 1 1 1 1 1 1 1 1 1 1 1 1 1 1 1 1 1 1 1 1 1 1 1 1 1 1 1 1 1 1 1 1 1 1 1 1 1 1 1 1 1 1 1 1 1 1 1 1 1 1 1 1 1 1 1 1 1 1 1 1 1 1 1 1 1 1 1 1 1 1 1 1 1 1 1 1 1 1 1 1 1 1 1 1 1 1 1 1 1 1 1 1 1 1 1 1 1 1 1 1 1 1 1 1 1 1 1 1 1 1 1 1 1 1 1 1 1 1 1 1 1 1 1 1 1 1 1 1 1 1 1 1 1 1 1 1 1 1 1 1 1 1 1 1 1 1 1 1 1 1 1 1 1 1 1 1 1 1 1 1 1 1 1 1 1 1 1 1 1 1 1 1 1 1 1 1 1 1 1 1 1 1 1 1 1 1 1 1 1 1 1 1 1 1 1 1 1 1 1 1 1 1 1 1 1 1 1 1 1 1 1 1 1 1 1 1 1 1 1 1 1 1 1 1 1 1 1 1 1 1 1 1 1 1 1 1 1 1 1 1 1 1 1 1 1 1 1 1 1 1 1 1 1 1 1 1 1 1 1 1 1 1 1 1 1 1 1 1 1 1 1 1 1 1 1 1 1 1 1 1 1 1 1 1 1 1 1 1 1 1 1 1 1 1 1 1 1 1 1 1 1 1 1 1 1 1 1 1 1 1 1 1 1 1 1 1 1 1 1 0 1 1 1 1 1 0 1 0 0 1 1 1 0 0 0 1 1 1 2 2 2 2 2 2 2 2 1 0
599 1124
569 1187
569 1186
85 1124
40 1385
40 1384
886 1124
816 1124
770 1124
690 1124
884 1128
884 1127
404 1157
404 1156
787 1325
787 1324
56 1417
56 1416
446 1164
446 1163
159 1124
81 1464
81 1463
65 1124
88 1472
88 1471
950 1124
15 1345
15 1344
647 1124
561 1124
919 1413
919 1412
744 1262
744 1261
45 1393
45 1392
307 1889
307 1888
790 1124
964 1124
1033 1124
645 1212
645 1211
184 1645
184 1644
82 1466
82 1465
1005 1480
1005 1479
349 1124
724 1124
495 1170
495 1169
558 1124
115 1505
115 1504
783 1124
228 1733
228 1732
911 1132
911 1131
974 1464
974 1463
681 1230
681 1229
608 1124
1088 1153
1088 1152
282 1124
263 1124
981 1124
1022 1490
1022 1489
1065 1129
1065 1128
669 1124
1068 1637
1068 1636
872 1124
836 1369
836 1368
175 1625
175 1624
584 1191
584 1190
888 1129
888 1128
897 1401
897 1400
988 1124
544 1181
544 1180
724 1124
484 1124
328 1142
328 1141
339 1145
339 1144
738 1124
942 1433
942 1432
751 1124
613 1124
1056 1124
803 1124
397 1124
1018 1486
1018 1485
1004 1480
1004 1479
443 1163
443 1162
1018 1158
1018 1157
829 1365
829 1364
1035 1166
1035 1165
87 1470
87 1469
507 1172
507 1171
329 1929
329 1928
357 1124
173 1621
173 1620
601 1195
601 1194
906 1405
906 1404
583 1124
870 1126
870 1125
121 1124
683 1232
683 1231
361 1124
885 1124
821 1124
43 1124
14 1124
504 1171
504 1170
407 1124
726 1252
726 1251
109 1493
109 1492
593 1124
489 1169
489 1168
549 1124
619 1124
1067 1124
1036 1517
1036 1516
648 1214
648 1213
494 1124
715 1124
9 1124
337 1144
337 1143
133 1541
133 1540
704 1124
83 1124
532 1124
571 1124
930 1135
930 1134
681 1124
605 1124
706 1124
91 1474
91 1473
202 1124
117 1124
60 1425
60 1424
194 1665
194 1664
619 1124
1057 1593
1057 1592
761 1124
278 1833
278 1832
1005 1480
1005 1479
482 1168
482 1167
645 1212
645 1211
540 1124
736 1124
630 1204
630 1203
913 1124
1013 1157
1013 1156
922 1133
922 1132
74 1124
710 1244
710 1243
354 1148
354 1147
124 1525
124 1524
783 1317
783 1316
598 1124
1069 1133
1069 1132
316 1136
316 1135
615 1124
1023 1160
1023 1159
957 1143
957 1142
774 1293
774 1292
722 1124
335 1124
790 1325
790 1324
416 1158
416 1157
649 1214
649 1213
409 1124
53 1409
53 1408
762 1124
652 1216
652 1215
651 1216
651 1215
957 1143
957 1142
505 1124
1024 1493
1024 1492
638 1124
160 1124
1033 1509
1033 1508
946 1139
946 1138
360 1961
360 1960
62 1124
94 1478
94 1477
76 1457
76 1456
215 1705
215 1704
1006 1155
1006 1154
747 1263
747 1262
967 1457
967 1456
441 1162
441 1161
294 1125
294 1124
350 1124
548 1124
637 1208
637 1207
594 1124
82 1124
984 1470
984 1469
665 1222
665 1221
417 1124
1104 1264
1104 1263
911 1409
911 1408
1104 1264
1104 1263
529 1177
529 1176
745 1262
745 1261
762 1269
762 1268
940 1124
826 1124
915 1132
915 1131
380 1124
1050 1565
1050 1564
357 1124
225 1725
225 1724
1109 1174
1109 1173
1111 1124
999 1153
999 1152
820 1124
262 1124
400 1124
274 1124
667 1124
464 1166
464 1165
703 1242
703 1241
28 1361
28 1360
1018 1158
1018 1157
1113 1146
1113 1145
1106 1269
1106 1268
661 1220
661 1219
1120 1136
1120 1135
585 1191
585 1190
1063 1192
1063 1191
564 1186
564 1185
556 1184
556 1183
654 1124
548 1182
548 1181
311 1897
311 1896
141 1124
338 1144
338 1143
918 1132
918 1131
311 1897
311 1896
341 1145
341 1144
950 1141
950 1140
1065 1194
1065 1193
1119 1841
1119 1840
486 1169
486 1168
1052 1124
949 1441
949 1440
544 1181
544 1180
569 1187
569 1186
498 1170
498 1169
231 1737
231 1736
58 1124
810 1124
600 1195
600 1194
404 1124
157 1124
1066 1629
1066 1628
921 1124
380 1977
380 1976
980 1468
980 1467
90 1124
207 1124
1097 1753
1097 1752
348 1949
348 1948
559 1185
559 1184
249 1773
249 1772
716 1248
716 1247
974 1147
974 1146
774 1293
774 1292
408 1124
883 1128
883 1127
379 1124
691 1124
12 1124
1039 1521
1039 1520
181 1637
181 1636
621 1124
194 1665
194 1664
190 1124
784 1124
530 1124
824 1124
406 1991
406 1990
367 1152
367 1151
1039 1124
405 1991
405 1990
29 1361
29 1360
386 1977
386 1976
814 1357
814 1356
518 1124
601 1195
601 1194
746 1262
746 1261
902 1401
902 1400
681 1230
681 1229
264 1124
1048 1177
1048 1176
703 1242
703 1241
737 1124
497 1124
943 1124
443 1124
239 1124
506 1124
970 1146
970 1145
519 1124
349 1124
424 1995
424 1994
283 1841
283 1840
582 1124
1018 1124
643 1212
643 1211
475 1167
475 1166
457 1165
457 1164
333 1124
195 1124
651 1124
313 1901
313 1900
366 1151
366 1150
710 1124
426 1995
426 1994
1099 1256
1099 1255
727 1124
118 1124
121 1517
121 1516
1124 1861
1124 1860
479 1168
479 1167
454 1124
960 1144
960 1143
14 1341
14 1340
637 1124
461 1124
1057 1593
1057 1592
260 1797
260 1796
864 1126
864 1125
433 1997
433 1996
566 1124
929 1124
1075 1208
1075 1207
79 1124
838 1369
838 1368
1049 1124
1073 1657
1073 1656
157 1589
157 1588
417 1993
417 1992
258 1793
258 1792
217 1709
217 1708
227 1729
227 1728
144 1124
627 1124
232 1741
232 1740
746 1262
746 1261
816 1124
205 1124
236 1749
236 1748
956 1124
913 1124
1068 1124
277 1829
277 1828
575 1189
575 1188
264 1124
205 1124
978 1148
978 1147
1059 1188
1059 1187
1022 1160
1022 1159
629 1204
629 1203
408 1124
817 1361
817 1360
911 1124
376 1153
376 1152
832 1124
930 1135
930 1134
506 1171
506 1170
712 1124
938 1137
938 1136
962 1453
962 1452
827 1365
827 1364
268 1124
910 1405
910 1404
408 1157
408 1156
465 1166
465 1165
321 1124
790 1124
225 1725
225 1724
719 1250
719 1249
839 1124
320 1917
320 1916
374 1153
374 1152
395 1124
926 1417
926 1416
716 1248
716 1247
650 1124
922 1133
922 1132
955 1142
955 1141
454 1165
454 1164
844 1373
844 1372
929 1135
929 1134
1085 1705
1085 1704
763 1277
763 1276
594 1124
1000 1124
987 1150
987 1149
399 1987
399 1986
83 1466
83 1465
283 1841
283 1840
492 1124
275 1825
275 1824
355 1957
355 1956
923 1124
1112 1128
1112 1127
814 1124
960 1453
960 1452
399 1987
399 1986
1100 1765
1100 1764
846 1124
505 1171
505 1170
423 1159
423 1158
614 1124
983 1149
983 1148
449 1164
449 1163
990 1151
990 1150
754 1124
369 1152
369 1151
620 1124
480 1168
480 1167
672 1124
446 1164
446 1163
498 1124
810 1124
752 1124
94 1124
263 1124
1001 1478
1001 1477
809 1353
809 1352
25 1124
1076 1124
121 1124
970 1146
970 1145
1101 1124
460 1166
460 1165
902 1401
902 1400
260 1797
260 1796
605 1124
852 1377
852 1376
565 1186
565 1185
1103 1263
1103 1262
1093 1125
1093 1124
642 1124
38 1381
38 1380
762 1269
762 1268
708 1124
838 1369
838 1368
292 1861
292 1860
458 1165
458 1164
480 1124
859 1381
859 1380
747 1124
68 1124
445 1163
445 1162
1053 1577
1053 1576
177 1629
177 1628
903 1124
140 1124
123 1124
991 1124
881 1124
1124 1125
1124 1124
762 1269
762 1268
1011 1482
1011 1481
936 1429
936 1428
892 1129
892 1128
719 1250
719 1249
1009 1156
1009 1155
854 1124
174 1625
174 1624
571 1124
577 1124
630 1124
287 1849
287 1848
494 1170
494 1169
347 1949
347 1948
681 1124
228 1733
228 1732
155 1124
857 1124
708 1124
778 1301
778 1300
297 1126
297 1125
811 1357
811 1356
233 1124
245 1124
681 1124
947 1124
280 1124
389 1982
389 1981
989 1124
909 1405
909 1404
180 1124
6 1124
892 1124
563 1124
468 1124
967 1457
967 1456
459 1165
459 1164
782 1124
826 1124
710 1124
351 1124
978 1148
978 1147
784 1124
599 1195
599 1194
920 1124
713 1246
713 1245
835 1124
154 1124
818 1361
818 1360
39 1381
39 1380
27 1124
846 1124
489 1124
525 1124
496 1124
475 1167
475 1166
539 1124
325 1124
880 1124
521 1175
521 1174
336 1937
336 1936
774 1124
596 1124
747 1124
641 1210
641 1209
211 1697
211 1696
347 1147
347 1146
1018 1158
1018 1157
80 1124
622 1200
622 1199
610 1197
610 1196
888 1124
657 1124
689 1124
1016 1124
987 1124
96 1480
96 1479
684 1232
684 1231
69 1124
246 1769
246 1768
679 1230
679 1229
277 1124
736 1124
393 1155
393 1154
768 1124
262 1801
262 1800
968 1124
924 1417
924 1416
495 1170
495 1169
536 1179
536 1178
491 1169
491 1168
173 1621
173 1620
380 1977
380 1976
387 1155
387 1154
993 1124
960 1453
960 1452
180 1124
502 1124
580 1190
580 1189
254 1124
657 1218
657 1217
647 1124
25 1353
25 1352
1113 1178
1113 1177
809 1124
957 1449
957 1448
444 1163
444 1162
39 1124
988 1151
988 1150
714 1246
714 1245
825 1124
809 1353
809 1352
995 1152
995 1151
638 1124
216 1124
556 1184
556 1183
95 1478
95 1477
756 1265
756 1264
1110 1126
1110 1125
907 1131
907 1130
996 1476
996 1475
262 1801
262 1800
940 1138
940 1137
1038 1168
1038 1167
1038 1168
1038 1167
639 1124
685 1232
685 1231
518 1124
166 1124
579 1124
19 1349
19 1348
272 1821
272 1820
426 1995
426 1994
383 1154
383 1153
1000 1124
918 1132
918 1131
707 1244
707 1243
929 1124
596 1124
1045 1545
1045 1544
934 1136
934 1135
44 1124
26 1124
1070 1645
1070 1644
199 1124
931 1135
931 1134
773 1293
773 1292
96 1480
96 1479
809 1353
809 1352
53 1409
53 1408
405 1157
405 1156
557 1184
557 1183
135 1124
594 1193
594 1192
874 1124
482 1168
482 1167
107 1124
758 1265
758 1264
972 1124
154 1124
611 1198
611 1197
642 1210
642 1209
543 1181
543 1180
367 1969
367 1968
1114 1333
1114 1332
676 1124
578 1189
578 1188
701 1240
701 1239
107 1490
107 1489
538 1124
1124 1124
788 1124
670 1124
796 1341
796 1340
349 1124
1081 1146
1081 1145
901 1124
149 1573
149 1572
290 1124
1040 1525
1040 1524
352 1953
352 1952
858 1125
858 1124
389 1982
389 1981
998 1153
998 1152
108 1493
108 1492
747 1263
747 1262
51 1124
602 1195
602 1194
336 1144
336 1143
877 1124
389 1155
389 1154
544 1124
1094 1246
1094 1245
256 1789
256 1788
921 1133
921 1132
1051 1180
1051 1179
63 1429
63 1428
136 1124
509 1172
509 1171
649 1124
273 1124
1038 1521
1038 1520
626 1202
626 1201
490 1124
81 1124
268 1124
861 1125
861 1124
103 1124
494 1170
494 1169
628 1124
839 1373
839 1372
64 1433
64 1432
159 1124
209 1693
209 1692
373 1973
373 1972
293 1861
293 1860
651 1124
535 1124
1047 1176
1047 1175
230 1737
230 1736
238 1124
576 1189
576 1188
900 1130
900 1129
313 1124
541 1124
588 1124
270 1124
291 1857
291 1856
912 1409
912 1408
305 1130
305 1129
123 1521
123 1520
451 1164
451 1163
954 1124
964 1145
964 1144
481 1168
481 1167
261 1124
1004 1155
1004 1154
366 1151
366 1150
72 1124
1102 1124
177 1124
946 1437
946 1436
506 1171
506 1170
1116 1345
1116 1344
911 1124
121 1124
424 1124
199 1673
199 1672
490 1169
490 1168
533 1124
947 1139
947 1138
498 1124
775 1124
394 1124
205 1685
205 1684
63 1429
63 1428
842 1373
842 1372
873 1389
873 1388
875 1127
875 1126
832 1369
832 1368
620 1124
133 1124
476 1168
476 1167
366 1124
495 1170
495 1169
352 1953
352 1952
251 1124
289 1853
289 1852
508 1172
508 1171
243 1761
243 1760
692 1236
692 1235
911 1124
709 1124
365 1124
31 1365
31 1364
183 1124
790 1325
790 1324
390 1155
390 1154
93 1124
217 1124
395 1124
29 1361
29 1360
692 1124
249 1773
249 1772
961 1124
732 1124
970 1146
970 1145
489 1169
489 1168
706 1242
706 1241
370 1152
370 1151
578 1189
578 1188
675 1228
675 1227
1091 1729
1091 1728
552 1183
552 1182
363 1124
557 1124
252 1124
1109 1124
1123 1139
1123 1138
1050 1565
1050 1564
123 1124
948 1124
561 1185
561 1184
16 1345
16 1344
717 1124
333 1124
885 1128
885 1127
1118 1124
788 1325
788 1324
491 1169
491 1168
458 1165
458 1164
1052 1181
1052 1180
652 1216
652 1215
498 1170
498 1169
229 1733
229 1732
129 1124
487 1124
794 1333
794 1332
685 1124
1121 1125
1121 1124
860 1124
778 1124
299 1124
262 1124
1076 1669
1076 1668
463 1166
463 1165
98 1124
961 1453
961 1452
1044 1541
1044 1540
290 1124
269 1124
708 1124
426 1159
426 1158
85 1468
85 1467
268 1813
268 1812
617 1124
229 1124
234 1124
586 1191
586 1190
659 1124
131 1124
137 1124
385 1977
385 1976
871 1127
871 1126
688 1234
688 1233
1011 1156
1011 1155
777 1301
777 1300
96 1480
96 1479
220 1717
220 1716
80 1464
80 1463
527 1124
257 1124
676 1228
676 1227
263 1801
263 1800
1079 1681
1079 1680
480 1124
719 1250
719 1249
132 1541
132 1540
1109 1293
1109 1292
387 1124
622 1200
622 1199
831 1369
831 1368
144 1124
60 1124
681 1124
313 1901
313 1900
616 1124
1039 1521
1039 1520
169 1124
642 1124
1033 1509
1033 1508
837 1124
119 1513
119 1512
543 1124
799 1124
929 1421
929 1420
40 1385
40 1384
326 1925
326 1924
1014 1484
1014 1483
155 1124
601 1124
774 1124
774 1293
774 1292
48 1401
48 1400
860 1124
1063 1127
1063 1126
136 1124
1007 1124
903 1124
661 1124
294 1865
294 1864
512 1173
512 1172
249 1773
249 1772
973 1147
973 1146
612 1198
612 1197
134 1124
239 1124
500 1171
500 1170
847 1377
847 1376
958 1143
958 1142
303 1129
303 1128
574 1124
341 1145
341 1144
1056 1185
1056 1184
407 1124
387 1155
387 1154
940 1138
940 1137
203 1124
172 1124
1096 1128
1096 1127
31 1124
1102 1262
1102 1261
511 1173
511 1172
613 1124
1091 1156
1091 1155
1063 1617
1063 1616
944 1124
846 1124
709 1244
709 1243
512 1173
512 1172
225 1124
585 1124
152 1124
45 1393
45 1392
1124 1132
1124 1131
362 1124
571 1124
39 1124
69 1441
69 1440
748 1124
265 1805
265 1804
532 1178
532 1177
540 1180
540 1179
397 1156
397 1155
710 1124
268 1813
268 1812
170 1124
885 1128
885 1127
372 1153
372 1152
924 1134
924 1133
37 1377
37 1376
417 1993
417 1992
391 1124
1081 1220
1081 1219
1115 1124
991 1472
991 1471
594 1124
721 1250
721 1249
1082 1222
1082 1221
423 1124
736 1124
996 1124
1067 1196
1067 1195
797 1341
797 1340
337 1937
337 1936
963 1124
390 1155
390 1154
717 1124
51 1405
51 1404
84 1468
84 1467
210 1124
935 1425
935 1424
589 1124
949 1124
783 1317
783 1316
668 1224
668 1223
1026 1497
1026 1496
43 1124
842 1124
550 1124
935 1425
935 1424
359 1961
359 1960
231 1124
898 1124
652 1216
652 1215
723 1124
809 1124
1018 1158
1018 1157
248 1773
248 1772
605 1124
347 1124
901 1401
901 1400
483 1168
483 1167
637 1208
637 1207
571 1124
1031 1505
1031 1504
255 1785
255 1784
858 1381
858 1380
716 1124
930 1124
750 1124
73 1124
44 1393
44 1392
940 1138
940 1137
973 1464
973 1463
205 1124
908 1405
908 1404
782 1309
782 1308
305 1885
305 1884
1088 1124
4 1124
813 1357
813 1356
1055 1184
1055 1183
225 1124
1010 1156
1010 1155
49 1401
49 1400
209 1124
659 1220
659 1219
345 1124
438 1124
462 1166
462 1165
122 1521
122 1520
465 1166
465 1165
148 1573
148 1572
432 1124
61 1124
816 1124
877 1124
617 1124
975 1464
975 1463
156 1124
114 1124
1119 1124
291 1124
1086 1230
1086 1229
54 1124
253 1781
253 1780
904 1131
904 1130
205 1124
980 1149
980 1148
599 1195
599 1194
1113 1124
15 1124
301 1877
301 1876
807 1124
723 1252
723 1251
50 1124
532 1124
1035 1166
1035 1165
1032 1509
1032 1508
300 1124
597 1194
597 1193
869 1124
804 1349
804 1348
743 1124
361 1150
361 1149
911 1409
911 1408
702 1124
648 1124
504 1124
565 1186
565 1185
998 1476
998 1475
1076 1669
1076 1668
277 1124
1000 1124
292 1124
1107 1172
1107 1171
818 1361
818 1360
106 1124
485 1124
637 1208
637 1207
774 1293
774 1292
162 1601
162 1600
920 1124
453 1124
63 1124
924 1124
200 1124
757 1124
677 1124
487 1169
487 1168
890 1397
890 1396
41 1124
207 1689
207 1688
78 1124
492 1170
492 1169
1041 1170
1041 1169
595 1124
1009 1156
1009 1155
72 1124
906 1405
906 1404
273 1124
565 1186
565 1185
335 1937
335 1936
907 1131
907 1130
218 1124
815 1124
71 1445
71 1444
607 1124
1074 1124
657 1124
731 1256
731 1255
98 1124
988 1124
586 1191
586 1190
35 1124
116 1124
698 1124
747 1263
747 1262
208 1124
542 1180
542 1179
669 1224
669 1223
881 1128
881 1127
32 1369
32 1368
752 1124
105 1124
387 1124
817 1361
817 1360
781 1309
781 1308
711 1246
711 1245
501 1171
501 1170
47 1397
47 1396
1061 1190
1061 1189
503 1124
494 1170
494 1169
1121 1849
1121 1848
866 1124
809 1353
809 1352
798 1124
1040 1525
1040 1524
506 1171
506 1170
924 1134
924 1133
19 1349
19 1348
922 1413
922 1412
674 1124
406 1124
654 1124
676 1124
412 1993
412 1992
95 1124
1079 1681
1079 1680
210 1697
210 1696
1024 1493
1024 1492
163 1601
163 1600
384 1977
384 1976
414 1993
414 1992
1083 1224
1083 1223
1071 1124
663 1222
663 1221
598 1194
598 1193
414 1124
1045 1174
1045 1173
30 1365
30 1364
339 1145
339 1144
807 1353
807 1352
377 1973
377 1972
105 1124
643 1212
643 1211
288 1124
751 1124
890 1124
1068 1132
1068 1131
1037 1517
1037 1516
290 1857
290 1856
560 1185
560 1184
258 1124
913 1124
443 1124
326 1124
377 1973
377 1972
927 1417
927 1416
685 1232
685 1231
481 1168
481 1167
681 1124
273 1124
869 1385
869 1384
363 1151
363 1150
324 1141
324 1140
549 1182
549 1181
838 1124
129 1533
129 1532
570 1124
442 1163
442 1162
644 1212
644 1211
128 1124
497 1170
497 1169
131 1537
131 1536
884 1393
884 1392
934 1425
934 1424
564 1186
564 1185
784 1317
784 1316
761 1269
761 1268
528 1124
865 1126
865 1125
870 1126
870 1125
83 1124
1020 1159
1020 1158
453 1165
453 1164
1074 1661
1074 1660
86 1470
86 1469
306 1124
617 1199
617 1198
257 1124
531 1178
531 1177
802 1124
443 1124
467 1166
467 1165
481 1168
481 1167
1047 1176
1047 1175
213 1701
213 1700
259 1793
259 1792
421 1995
421 1994
1068 1637
1068 1636
310 1897
310 1896
95 1124
226 1124
1118 1837
1118 1836
122 1521
122 1520
826 1124
6 1124
1051 1124
204 1124
1109 1293
1109 1292
595 1124
266 1124
298 1127
298 1126
578 1124
954 1142
954 1141
783 1124
1039 1168
1039 1167
1010 1482
1010 1481
885 1393
885 1392
871 1127
871 1126
809 1353
809 1352
403 1157
403 1156
369 1969
369 1968
368 1969
368 1968
81 1124
1091 1124
1003 1154
1003 1153
262 1801
262 1800
530 1124
199 1124
1067 1131
1067 1130
259 1793
259 1792
908 1124
1086 1124
255 1785
255 1784
44 1393
44 1392
929 1124
353 1148
353 1147
646 1212
646 1211
793 1124
773 1293
773 1292
911 1409
911 1408
142 1124
999 1124
870 1385
870 1384
266 1124
1058 1124
801 1345
801 1344
431 1124
916 1409
916 1408
1012 1124
185 1645
185 1644
606 1196
606 1195
274 1124
84 1468
84 1467
725 1252
725 1251
594 1193
594 1192
567 1187
567 1186
780 1124
230 1737
230 1736
1087 1152
1087 1151
982 1124
992 1124
560 1124
864 1385
864 1384
71 1124
950 1141
950 1140
830 1365
830 1364
198 1673
198 1672
213 1701
213 1700
468 1167
468 1166
916 1124
284 1845
284 1844
337 1937
337 1936
291 1124
1080 1685
1080 1684
256 1124
921 1124
880 1128
880 1127
92 1476
92 1475
91 1124
981 1468
981 1467
1024 1161
1024 1160
763 1124
235 1124
146 1124
14 1124
953 1142
953 1141
674 1124
934 1124
855 1124
40 1124
1003 1478
1003 1477
821 1124
1016 1124
892 1124
1023 1490
1023 1489
823 1365
823 1364
441 1124
871 1124
284 1845
284 1844
555 1184
555 1183
656 1218
656 1217
410 1124
128 1533
128 1532
96 1480
96 1479
135 1124
1103 1777
1103 1776
538 1124
605 1124
829 1365
829 1364
652 1216
652 1215
670 1224
670 1223
199 1673
199 1672
763 1277
763 1276
668 1124
15 1345
15 1344
899 1401
899 1400
88 1472
88 1471
847 1377
847 1376
106 1124
432 1160
432 1159
