7
100 4500 4500
45
20 37 9 33 24 11 15 39 7 27 31 30 35 5 38 32 44 0 13 43 42 25 2 3 21 1 4 34 28 23 14 6 8 10 41 12 19 36 22 29 17 18 26 16 40
45
14 32 3 29 35 7 28 21 31 37 8 19 15 34 41 27 0 24 20 5 4 9 40 43 30 44 23 10 6 16 18 38 13 33 12 39 25 36 42 17 1 22 2 26 11
45
35 22 2 24 15 44 39 5 23 11 17 6 12 7 26 28 21 43 36 33 0 32 16 30 4 25 37 1 40 8 10 9 3 31 13 29 42 14 18 20 27 41 19 38 34
44
12 15 23 43 39 13 19 5 20 6 3 7 0 30 36 10 41 16 38 1 21 22 2 33 18 17 24 31 35 40 14 26 42 34 29 9 4 11 32 25 27 8 37 28
47
13 22 33 35 23 15 29 9 18 30 12 32 27 3 36 16 37 0 40 4 26 25 34 8 24 11 45 19 38 31 5 6 39 17 46 10 43 41 21 2 44 7 42 28 14 1 20
46
30 0 42 45 21 41 29 33 10 9 7 23 27 25 6 43 31 19 5 18 38 1 26 13 20 35 8 4 37 16 14 40 2 11 39 44 3 24 17 12 28 36 34 32 22 15
48
32 47 40 16 46 10 7 25 14 35 6 21 26 36 33 44 31 23 28 18 41 12 8 20 27 45 13 2 11 34 22 29 39 3 9 38 43 15 5 1 37 19 0 4 17 30 24 42
43
4 1 39 33 34 12 23 16 27 17 10 21 0 30 29 22 20 40 15 41 25 13 7 19 42 2 32 5 3 36 14 35 6 24 18 26 11 9 37 8 31 38 28
49
43 42 25 10 45 13 0 24 39 17 30 11 37 32 19 6 7 2 31 5 46 47 44 16 15 23 12 28 21 35 48 20 34 29 4 36 22 8 40 41 9 27 38 18 14 33 1 26 3
45
36 34 30 0 13 28 25 22 39 37 11 19 23 21 32 24 18 42 33 20 5 14 12 43 27 10 35 3 9 6 8 40 29 2 17 4 1 15 7 38 41 16 26 31 44
44
19 12 39 36 16 21 17 35 32 7 28 33 8 0 25 5 2 1 9 14 43 40 23 20 13 41 6 11 18 24 27 15 38 34 22 10 30 37 3 26 29 31 42 4
48
40 15 20 1 18 25 4 38 0 39 32 43 11 17 44 37 14 13 36 35 3 10 8 46 45 2 31 30 5 19 24 34 33 41 28 42 23 7 16 6 21 26 9 27 29 22 47 12
49
39 6 10 29 46 33 20 31 13 7 22 18 44 30 37 38 14 43 4 12 16 45 48 3 9 24 36 8 32 27 17 5 34 21 26 2 23 25 15 19 28 11 1 0 41 47 40 35 42
45
36 8 43 40 6 31 25 37 26 44 28 14 11 7 16 22 17 3 29 1 33 30 39 5 19 42 4 38 0 24 21 20 12 9 27 41 23 34 18 13 35 15 32 2 10
47
24 13 22 28 17 44 0 42 20 2 31 32 41 15 27 30 11 39 3 21 12 29 35 14 46 40 5 7 34 6 37 25 33 43 16 36 10 8 1 38 9 26 45 18 4 19 23
42
16 1 10 25 28 29 30 20 9 7 21 12 41 8 6 36 38 18 40 31 17 27 39 22 35 5 26 14 32 11 34 15 33 19 0 2 37 24 13 4 23 3
45
25 9 3 41 29 39 27 11 24 23 16 20 17 21 32 37 42 22 30 18 34 19 1 4 5 0 33 7 38 28 10 8 36 12 26 44 43 13 40 31 15 35 2 6 14
40
10 36 28 12 4 37 16 27 7 30 17 29 19 24 6 13 20 14 0 34 26 38 35 18 1 32 39 22 31 9 8 23 11 2 21 33 3 25 15 5
44
15 9 7 19 5 35 37 22 27 20 39 21 4 34 29 36 32 23 25 3 38 10 24 26 33 8 17 18 12 1 31 28 30 16 6 41 13 43 40 2 42 11 14 0
43
39 5 24 14 32 20 0 13 41 21 10 30 3 15 40 19 8 38 29 37 23 34 6 7 31 22 1 2 36 26 18 17 12 42 28 27 9 4 33 16 11 35 25
44
30 21 18 26 27 15 13 17 35 25 9 20 39 19 43 11 34 28 10 24 5 41 2 22 12 29 14 4 6 16 7 40 33 37 8 3 42 38 0 23 1 32 36 31
46
22 35 2 30 6 45 5 38 25 39 0 40 28 43 36 14 44 4 34 32 20 8 41 24 16 11 23 18 17 27 13 29 15 19 26 7 10 9 21 31 1 42 33 12 3 37
41
22 30 33 35 26 36 25 4 40 27 7 20 6 31 15 37 8 19 16 23 12 34 38 2 5 24 11 28 14 13 39 10 32 29 1 21 0 18 3 9 17
50
12 21 5 11 36 31 46 14 45 43 19 48 30 16 41 17 18 33 2 13 39 20 44 0 6 29 23 32 49 15 4 8 10 22 1 3 27 26 40 34 25 47 35 7 38 37 24 42 9 28
44
31 26 14 11 22 36 34 39 25 0 19 38 10 13 24 27 2 12 4 30 35 16 3 8 37 20 29 15 23 41 6 33 17 1 9 42 18 32 21 40 7 43 5 28
48
1 23 5 26 30 2 36 3 16 39 17 43 27 20 41 40 37 6 25 29 33 15 18 32 7 0 19 8 31 46 13 34 10 21 14 44 11 24 35 45 9 28 4 47 38 22 12 42
50
44 28 49 34 43 6 16 48 29 14 37 47 26 9 39 22 30 27 35 20 19 8 25 41 18 31 13 46 36 11 33 3 24 4 12 45 17 32 21 42 15 38 5 7 2 1 10 0 40 23
47
44 19 18 22 2 39 4 41 7 17 37 43 10 46 11 23 5 6 14 16 32 1 38 3 35 8 24 9 29 30 33 34 0 26 31 28 25 15 13 20 42 36 40 45 27 12 21
48
27 31 22 35 25 7 20 21 12 2 45 38 4 43 8 18 23 36 46 37 28 40 29 13 19 44 39 1 17 34 30 16 33 14 24 6 42 10 3 32 11 47 26 41 15 5 0 9
42
12 25 8 21 23 32 41 6 4 40 17 30 19 29 7 10 24 3 0 39 22 2 27 14 20 1 13 34 31 38 5 16 9 26 11 33 18 15 35 28 36 37
46
26 25 2 12 10 21 7 27 37 3 30 8 36 29 41 40 4 20 16 43 31 44 39 22 23 38 6 19 0 15 5 14 13 32 45 33 28 17 18 34 24 35 1 42 11 9
47
17 6 21 13 19 39 2 15 33 22 3 9 32 16 38 24 25 23 29 43 14 26 34 4 30 12 10 0 27 7 31 8 1 5 42 18 44 41 35 40 36 45 37 20 28 46 11
40
37 12 13 23 15 9 6 1 39 18 3 22 19 20 11 2 35 8 36 33 29 4 32 28 31 10 17 7 21 30 5 38 14 26 16 27 34 24 25 0
40
11 29 9 17 24 31 12 39 33 7 32 0 22 13 35 27 25 36 16 30 21 10 34 8 14 3 4 18 23 2 19 28 1 38 37 6 5 26 20 15
43
3 8 30 29 13 32 40 19 15 12 39 26 17 42 7 38 6 33 18 41 25 11 10 14 22 36 35 2 34 5 24 0 16 37 20 31 27 1 23 4 9 28 21
47
46 39 15 6 24 9 42 26 11 14 44 0 40 20 12 5 41 43 3 31 35 30 28 17 21 25 34 16 13 22 19 33 8 37 2 27 45 23 7 36 10 32 29 38 18 4 1
44
27 0 23 13 16 8 19 11 2 28 31 20 36 41 38 3 24 30 18 10 6 26 4 25 17 39 29 12 9 1 43 7 42 33 5 22 15 21 32 40 37 14 34 35
43
37 14 29 19 13 9 33 24 38 25 23 30 42 22 21 39 17 2 8 3 35 18 7 26 32 40 6 20 36 15 5 41 34 31 16 11 4 28 0 27 1 12 10
49
1 16 30 40 6 23 36 0 5 39 18 25 14 19 11 4 38 46 43 45 29 34 24 7 31 37 27 20 13 22 32 15 48 44 17 2 26 12 9 3 33 35 42 8 21 28 41 47 10
47
30 21 17 31 46 37 22 8 25 45 12 34 26 16 35 28 23 2 6 7 38 33 40 42 20 10 5 14 9 39 41 36 4 32 43 3 24 29 19 13 18 11 27 15 1 44 0
40
5 34 32 23 21 20 1 36 29 33 8 3 39 13 12 18 19 22 24 6 2 26 14 30 7 37 0 11 15 38 17 27 31 28 10 4 25 16 9 35
49
36 37 24 25 3 0 12 8 46 48 1 29 23 20 13 6 40 28 14 15 34 17 41 7 18 9 31 22 39 26 5 4 32 47 43 38 35 21 27 16 45 33 10 30 19 44 2 11 42
50
3 34 2 22 44 31 41 35 40 6 42 16 43 33 21 9 39 27 46 23 7 5 8 24 45 29 32 10 0 11 48 47 15 14 26 28 19 17 37 18 20 25 30 49 4 12 13 38 1 36
49
6 3 35 2 31 34 9 4 24 48 22 43 36 8 37 25 38 23 42 32 29 0 19 10 16 5 47 14 15 28 18 40 26 46 27 44 7 41 45 33 13 21 30 39 12 11 17 20 1
49
13 18 31 39 30 48 22 1 38 41 6 8 40 37 35 34 27 25 17 3 2 11 43 33 29 23 14 16 21 36 4 0 15 44 46 19 10 45 9 32 5 7 47 28 20 12 42 26 24
49
30 33 24 2 15 18 14 0 11 1 40 32 28 45 10 20 22 44 47 41 34 35 46 39 38 3 9 29 6 25 36 13 48 21 7 17 37 27 5 42 4 23 12 19 8 26 31 16 43
47
38 24 32 31 23 39 21 16 34 41 37 18 28 2 4 43 10 44 30 25 46 29 15 13 8 36 0 20 17 1 19 14 12 26 33 40 6 35 7 3 11 27 5 45 22 42 9
44
39 17 29 19 5 25 37 14 9 6 16 43 2 42 30 10 38 3 7 28 40 34 22 27 33 13 24 15 36 21 23 0 41 4 26 18 20 31 8 12 11 32 1 35
47
0 34 17 5 29 11 16 14 3 28 23 39 21 13 9 41 20 36 8 15 6 33 2 35 38 37 24 26 31 46 25 42 45 44 32 19 27 7 30 4 12 18 10 40 22 1 43
49
35 43 39 24 22 14 30 19 25 40 23 21 3 4 38 16 11 48 28 45 36 31 10 12 18 47 0 44 6 29 32 1 46 15 8 7 34 20 33 5 13 27 17 2 37 26 41 42 9
41
32 18 40 24 11 38 16 5 30 33 27 36 23 15 12 26 9 28 19 17 39 25 29 2 31 8 37 34 6 1 14 20 7 10 3 0 22 13 21 4 35
44
8 20 32 25 1 14 30 2 13 4 38 6 43 15 11 16 34 33 29 39 36 31 35 7 37 9 12 26 5 28 21 42 23 19 18 41 17 3 27 10 40 24 0 22
42
8 29 5 39 19 0 18 31 22 41 26 25 16 28 33 20 36 34 30 23 7 40 10 27 3 13 35 37 21 15 9 2 14 32 38 17 24 6 12 4 1 11
41
14 30 38 39 29 16 37 12 36 21 22 33 18 32 23 20 5 26 19 34 7 4 0 6 28 9 1 2 27 40 15 24 35 11 17 3 25 10 8 31 13
41
20 9 23 11 18 8 40 31 14 3 27 2 16 15 37 22 10 19 1 32 21 0 33 30 4 25 7 26 6 5 35 12 39 28 36 38 24 34 13 29 17
48
12 20 16 14 6 39 2 32 10 15 22 0 29 18 4 34 11 7 19 5 23 41 3 9 46 31 27 44 17 33 37 42 43 28 21 36 8 13 1 26 30 35 45 24 38 25 47 40
48
33 31 28 12 6 27 47 42 8 30 22 35 38 14 32 16 7 34 36 4 43 41 18 26 44 24 2 46 5 25 37 21 3 19 39 20 9 15 0 45 40 11 13 1 23 29 17 10
48
9 8 43 0 44 21 12 42 11 33 18 28 38 10 14 39 3 25 5 23 19 27 24 34 2 36 16 31 15 30 17 6 26 47 20 45 4 46 13 1 7 29 41 37 40 32 35 22
50
45 6 20 0 29 26 44 37 28 4 3 38 24 33 39 14 2 18 8 13 41 48 17 40 10 16 15 12 5 7 46 27 32 34 36 35 1 47 49 21 9 11 19 22 42 43 25 31 23 30
48
47 44 37 2 12 9 38 19 15 8 30 1 31 24 7 18 28 6 22 11 5 13 32 23 39 34 27 16 20 45 40 29 36 3 14 4 46 10 26 42 33 43 0 35 41 25 21 17
46
37 19 9 29 8 40 27 43 2 22 5 44 16 39 26 3 20 45 15 41 4 10 28 0 32 34 25 11 38 1 35 18 33 42 31 13 12 14 30 24 17 21 23 7 36 6
48
3 33 43 4 25 35 31 29 40 13 24 34 44 26 28 23 46 22 30 10 1 42 18 11 8 2 9 20 15 19 7 37 36 17 5 32 16 12 38 41 27 6 47 45 39 0 14 21
44
35 36 20 6 31 4 2 34 19 9 43 42 23 33 27 28 40 39 22 41 8 26 16 24 1 0 17 29 37 11 15 13 18 38 32 25 10 5 7 3 21 12 14 30
46
8 19 20 21 28 35 31 7 43 33 37 18 42 44 32 4 23 27 2 9 13 30 0 25 41 24 1 26 15 6 39 10 5 36 12 29 16 34 45 11 14 3 22 38 17 40
41
13 18 33 28 10 2 20 21 32 26 1 6 40 23 35 3 29 12 25 8 4 30 17 37 39 38 31 34 0 36 11 16 19 7 14 22 15 24 5 27 9
49
40 30 11 32 27 37 34 24 18 15 20 46 17 42 38 47 6 25 7 21 33 48 9 0 8 29 3 39 45 44 5 22 16 19 1 31 13 12 35 10 28 2 36 14 4 23 26 43 41
44
30 42 38 40 14 4 6 5 28 37 9 32 23 1 25 7 43 22 13 15 0 10 39 16 2 20 3 11 12 26 8 29 21 17 19 27 18 31 33 24 35 34 41 36
42
7 2 8 28 30 39 32 16 41 26 1 35 17 14 13 38 25 10 37 18 11 24 6 22 29 21 5 19 36 40 34 3 15 12 27 0 9 20 33 23 4 31
48
26 34 11 5 40 22 37 46 39 0 10 28 6 9 38 20 7 1 15 18 16 23 29 3 4 8 21 35 2 17 12 14 25 45 24 44 47 19 32 27 13 41 33 42 43 30 31 36
44
13 7 25 0 23 38 9 27 34 37 42 41 12 32 29 14 17 26 5 36 20 35 30 8 39 18 22 31 2 1 10 11 21 40 15 3 6 16 19 24 28 43 33 4
44
16 24 36 10 31 23 28 27 8 9 38 26 34 7 6 13 4 19 21 2 32 39 29 12 11 14 15 0 30 18 41 37 3 20 1 25 43 5 33 42 40 17 22 35
46
8 14 35 41 5 18 1 2 19 21 4 0 44 33 38 36 29 10 13 34 20 30 24 45 25 9 37 23 22 7 32 3 6 17 31 42 11 27 15 26 40 39 12 43 16 28
49
19 39 14 32 25 23 45 48 22 26 47 35 31 13 28 7 46 18 12 36 24 27 15 4 20 41 9 0 1 6 34 8 17 38 5 40 21 37 11 3 44 30 43 42 33 29 2 10 16
48
6 7 0 29 20 26 22 46 8 28 31 34 11 37 2 3 1 12 40 15 18 23 44 25 24 47 13 27 41 43 45 16 9 42 19 10 35 33 4 14 38 32 5 21 30 39 36 17
44
23 22 33 40 0 38 41 30 35 27 15 43 39 8 42 7 9 5 2 16 34 26 36 1 25 4 31 28 18 24 29 20 17 3 12 13 10 14 11 6 37 19 21 32
47
33 36 37 19 32 5 6 26 38 14 15 9 31 40 29 39 24 13 41 16 8 22 10 34 12 4 7 11 35 25 17 0 1 3 43 27 30 44 2 45 18 20 28 23 42 21 46
42
37 11 26 13 24 34 18 27 10 14 16 36 6 2 29 31 35 41 12 21 20 15 32 9 33 19 30 38 22 5 4 40 17 7 23 28 25 3 8 39 0 1
50
6 9 32 2 5 15 48 24 13 22 38 7 28 37 49 3 20 29 43 31 23 41 34 30 17 46 47 18 14 33 36 19 21 16 40 35 0 45 4 44 8 1 10 39 25 42 12 27 11 26
48
21 22 33 34 16 17 28 0 18 14 3 24 40 38 29 19 36 46 45 4 2 11 42 32 10 25 26 37 7 12 9 39 20 41 1 27 47 44 30 5 23 43 13 35 31 15 8 6
41
18 20 8 13 12 2 14 9 31 37 17 38 28 36 10 11 23 34 25 29 5 27 1 4 35 32 22 21 15 33 7 24 40 26 19 6 39 16 0 30 3
48
15 25 1 3 2 28 32 42 47 5 44 41 40 26 11 33 34 45 6 9 14 24 22 30 36 20 7 19 39 17 21 29 46 10 37 12 43 23 27 31 38 18 4 16 0 13 8 35
42
38 1 21 24 13 9 33 30 29 22 19 37 17 41 40 26 8 34 36 15 7 14 5 18 39 3 6 27 10 23 25 28 11 31 20 32 0 12 35 4 16 2
49
10 31 21 32 47 14 22 46 17 9 37 26 18 48 33 23 8 30 28 2 42 27 43 0 36 45 19 41 13 35 16 5 24 6 40 1 25 39 34 12 4 7 29 15 11 38 44 3 20
43
19 5 1 42 18 36 11 41 32 14 20 33 39 3 10 35 31 30 13 0 2 38 6 7 34 24 8 40 15 28 21 4 27 37 26 12 23 16 9 22 29 25 17
41
19 9 26 20 30 1 37 36 4 24 10 27 2 3 28 39 18 15 12 6 21 34 22 33 31 14 32 7 11 38 0 35 25 8 23 13 5 29 17 16 40
50
9 6 43 41 38 14 29 21 0 8 24 47 22 48 26 10 11 20 46 39 45 40 35 18 25 32 31 37 5 30 4 36 13 42 44 23 15 33 17 12 2 7 49 27 28 34 1 3 19 16
47
15 21 11 12 37 42 28 9 0 5 38 23 35 7 41 2 43 27 36 17 14 8 31 32 6 46 44 45 22 18 19 26 33 3 16 20 34 40 10 29 1 25 4 39 24 30 13
44
18 41 1 32 29 33 4 13 17 22 31 8 7 24 21 43 37 23 38 15 11 27 30 20 14 19 28 16 0 39 2 9 5 3 34 6 25 40 12 42 36 26 10 35
42
6 37 36 5 2 22 31 11 16 0 26 29 23 4 20 30 38 39 25 18 7 24 12 35 41 34 40 33 15 10 9 17 13 1 21 8 19 27 28 14 3 32
44
26 42 15 21 16 8 28 24 40 29 20 35 36 22 18 39 13 7 10 2 41 38 1 0 33 43 5 12 3 32 23 34 27 30 14 37 4 11 6 17 9 19 25 31
45
32 29 11 22 0 17 25 12 37 23 27 21 30 19 9 15 7 40 20 8 33 36 41 35 24 5 2 34 43 26 6 18 3 31 4 14 42 28 38 16 13 44 10 39 1
45
31 38 14 42 40 32 35 19 4 5 11 20 29 18 1 0 28 17 13 43 34 9 25 3 37 39 36 33 27 21 7 23 12 30 26 41 6 16 2 22 8 15 44 24 10
47
37 15 6 46 8 31 22 32 38 18 5 26 1 27 44 21 33 28 13 14 2 11 29 4 43 36 25 9 42 10 24 39 30 0 16 20 23 45 7 12 35 17 19 40 34 3 41
46
38 19 3 2 28 10 5 44 0 14 1 22 15 16 29 21 24 18 43 26 6 34 42 11 17 4 30 39 40 37 25 32 33 23 7 45 41 36 13 9 31 8 12 27 35 20
40
39 34 36 33 21 31 19 20 24 12 10 37 7 25 15 30 26 23 17 35 29 38 8 2 14 16 11 22 4 32 27 13 5 9 18 3 6 0 28 1
41
27 14 17 40 21 3 6 22 13 11 1 2 36 32 34 15 39 4 26 16 7 25 19 18 12 20 23 5 10 29 0 9 35 37 31 38 28 24 8 33 30
41
32 39 7 22 2 14 38 21 18 31 15 29 37 34 4 6 11 1 19 26 40 35 36 23 27 0 8 12 5 9 13 17 33 16 30 25 10 3 20 24 28
50
12 38 19 30 36 24 0 5 37 34 4 41 32 7 3 9 44 31 28 16 6 22 17 13 43 35 2 47 18 27 49 8 39 1 42 26 40 25 21 33 23 14 29 45 46 48 11 15 10 20
47
8 16 26 37 7 9 38 43 29 23 44 4 14 45 46 13 24 12 18 36 2 39 34 27 0 11 19 22 28 25 35 40 3 20 6 42 1 15 21 5 41 30 31 33 32 10 17
47
12 7 14 8 28 35 39 26 3 40 24 11 22 29 46 23 37 38 41 1 34 27 13 2 25 30 32 6 19 16 21 31 0 42 5 18 43 45 36 20 10 17 4 44 9 33 15
