200
1 2 2 2 3 3 4 4 5 5 5 5 6 6 7 8 9 9 9 9 9 10 10 11 12 13 14 14 15 15 15 16 17 17 18 19 19 20 21 22 22 22 23 24 25 25 25 26 27 28 28 28 28 28 29 30 30 30 31 32 33 34 35 35 35 35 36 37 38 38 39 40 41 41 42 43 43 43 43 44 45 45 45 45 46 47 48 49 50 50 51 52 53 54 55 55 56 57 57 57 58 59 60 61 62 63 64 65 66 67 68 69 70 71 72 73 74 75 75 76 77 77 78 79 80 81 81 81 81 82 82 83 84 84 84 84 85 86 86 87 87 88 89 89 89 89 90 90 91 92 93 93 94 95 95 95 96 97 97 98 99 100 101 102 103 103 104 104 105 105 106 107 108 108 108 109 110 111 112 113 114 114 115 115 116 117 118 119 119 120 120 121 122 122 123 124 124 125 125 125
1 1 2 2 3 4 4 5 5 5 5 6 6 7 8 9 9 9 9 9 9 10 11 12 13 14 14 15 15 15 16 17 17 18 19 19 20 21 22 22 22 23 24 25 25 25 26 27 28 28 28 28 28 29 30 30 30 31 32 33 34 35 35 35 35 36 37 38 38 39 40 41 41 42 43 43 43 43 44 45 45 45 45 46 47 48 49 50 50 51 52 53 54 55 55 56 57 57 57 58 59 60 61 62 63 64 65 66 67 68 69 70 71 72 73 74 75 75 76 77 77 78 79 80 81 81 81 81 82 82 83 84 84 84 84 85 86 86 87 87 88 89 89 89 89 90 90 91 92 93 93 94 95 95 95 96 97 97 98 99 100 101 102 103 103 104 104 105 105 106 107 108 108 108 109 110 111 112 113 114 114 115 115 116 117 118 119 119 120 120 121 122 122 123 124 124 125 125 125
1 2 2 3 4 4 5 5 5 5 6 6 7 8 9 9 9 9 9 9 10 11 12 13 14 14 15 15 15 16 17 17 18 19 19 20 21 22 22 22 23 24 25 25 25 26 27 28 28 28 28 28 29 30 30 30 31 32 33 34 35 35 35 35 36 37 38 38 39 40 41 41 42 43 43 43 43 44 45 45 45 45 46 47 48 49 50 50 51 52 53 54 55 55 56 57 57 57 58 59 60 61 62 63 64 65 66 67 68 69 70 71 72 73 74 75 75 76 77 77 78 79 80 81 81 81 81 82 82 83 84 84 84 84 85 86 86 87 87 88 89 89 89 89 90 90 91 92 93 93 94 95 95 95 96 97 97 98 99 100 101 102 103 103 104 104 105 105 106 107 108 108 108 109 110 111 112 113 114 114 115 115 116 117 118 119 119 120 120 121 122 122 123 124 124 125 125 125
1 1 2 3 3 4 4 4 4 5 5 6 7 8 8 8 8 8 8 9 10 11 12 13 13 14 14 14 15 16 16 17 18 18 19 20 21 21 21 22 23 24 24 24 25 26 27 27 27 27 27 28 29 29 29 30 31 32 33 34 34 34 34 35 36 37 37 38 39 40 40 41 42 42 42 42 43 44 44 44 44 45 46 47 48 49 49 50 51 52 53 54 54 55 56 56 56 57 58 59 60 61 62 63 64 65 66 67 68 69 70 71 72 73 74 74 75 76 76 77 78 79 80 80 80 80 81 81 82 83 83 83 83 84 85 85 86 86 87 88 88 88 88 89 89 90 91 92 92 93 94 94 94 95 96 96 97 98 99 100 101 102 102 103 103 104 104 105 106 107 107 107 108 109 110 111 112 113 113 114 114 115 116 117 118 118 119 119 120 121 121 122 123 123 124 124 124
1 1 2 2 3 3 3 3 4 4 5 6 7 7 7 7 7 8 8 9 10 11 12 12 13 13 13 14 15 15 16 17 17 18 19 20 20 20 21 22 23 23 23 24 25 26 26 26 26 26 27 28 28 28 29 30 31 32 33 33 33 33 34 35 36 36 37 38 39 39 40 41 41 41 41 42 43 43 43 43 44 45 46 47 48 48 49 50 51 52 53 53 54 55 55 55 56 57 58 59 60 61 62 63 64 65 66 67 68 69 70 71 72 73 73 74 75 75 76 77 78 79 79 79 79 80 80 81 82 82 82 82 83 84 84 85 85 86 87 87 87 87 88 88 89 90 91 91 92 93 93 93 94 95 95 96 97 98 99 100 101 101 102 102 103 103 104 105 106 106 106 107 108 109 110 111 112 112 113 113 114 115 116 117 117 118 118 119 120 120 121 122 122 123 123 123
1 2 2 3 3 3 3 4 4 5 6 7 7 7 7 7 7 8 9 10 11 12 12 13 13 13 14 15 15 16 17 17 18 19 20 20 20 21 22 23 23 23 24 25 26 26 26 26 26 27 28 28 28 29 30 31 32 33 33 33 33 34 35 36 36 37 38 39 39 40 41 41 41 41 42 43 43 43 43 44 45 46 47 48 48 49 50 51 52 53 53 54 55 55 55 56 57 58 59 60 61 62 63 64 65 66 67 68 69 70 71 72 73 73 74 75 75 76 77 78 79 79 79 79 80 80 81 82 82 82 82 83 84 84 85 85 86 87 87 87 87 88 88 89 90 91 91 92 93 93 93 94 95 95 96 97 98 99 100 101 101 102 102 103 103 104 105 106 106 106 107 108 109 110 111 112 112 113 113 114 115 116 117 117 118 118 119 120 120 121 122 122 123 123 123
1 1 2 2 2 2 3 3 4 5 6 6 6 6 6 7 7 8 9 10 11 11 12 12 12 13 14 14 15 16 16 17 18 19 19 19 20 21 22 22 22 23 24 25 25 25 25 25 26 27 27 27 28 29 30 31 32 32 32 32 33 34 35 35 36 37 38 38 39 40 40 40 40 41 42 42 42 42 43 44 45 46 47 47 48 49 50 51 52 52 53 54 54 54 55 56 57 58 59 60 61 62 63 64 65 66 67 68 69 70 71 72 72 73 74 74 75 76 77 78 78 78 78 79 79 80 81 81 81 81 82 83 83 84 84 85 86 86 86 86 87 87 88 89 90 90 91 92 92 92 93 94 94 95 96 97 98 99 100 100 101 101 102 102 103 104 105 105 105 106 107 108 109 110 111 111 112 112 113 114 115 116 116 117 117 118 119 119 120 121 121 122 122 122
1 1 1 2 2 2 3 3 4 5 5 5 6 6 7 7 7 8 9 10 10 11 11 11 12 13 13 14 15 15 16 17 18 18 18 19 20 21 21 21 22 23 24 24 24 24 24 25 26 26 26 27 28 29 30 31 31 31 31 32 33 34 34 35 36 37 37 38 39 39 39 39 40 41 41 41 41 42 43 44 45 46 46 47 48 49 50 51 51 52 53 53 53 54 55 56 57 58 59 60 61 62 63 64 65 66 67 68 69 70 71 71 72 73 73 74 75 76 77 77 77 77 78 78 79 80 80 80 80 81 82 82 83 83 84 85 85 85 85 86 86 87 88 89 89 90 91 91 91 92 93 93 94 95 96 97 98 99 99 100 100 101 101 102 103 104 104 104 105 106 107 108 109 110 110 111 111 112 113 114 115 115 116 116 117 118 118 119 120 120 121 121 121
1 1 1 2 2 2 3 4 5 5 5 5 5 6 6 7 8 9 10 10 11 11 11 12 13 13 14 15 15 16 17 18 18 18 19 20 21 21 21 22 23 24 24 24 24 24 25 26 26 26 27 28 29 30 31 31 31 31 32 33 34 34 35 36 37 37 38 39 39 39 39 40 41 41 41 41 42 43 44 45 46 46 47 48 49 50 51 51 52 53 53 53 54 55 56 57 58 59 60 61 62 63 64 65 66 67 68 69 70 71 71 72 73 73 74 75 76 77 77 77 77 78 78 79 80 80 80 80 81 82 82 83 83 84 85 85 85 85 86 86 87 88 89 89 90 91 91 91 92 93 93 94 95 96 97 98 99 99 100 100 101 101 102 103 104 104 104 105 106 107 108 109 110 110 111 111 112 113 114 115 115 116 116 117 118 118 119 120 120 121 121 121
1 1 2 2 2 2 3 4 4 4 5 5 6 6 6 7 8 9 9 10 10 10 11 12 12 13 14 14 15 16 17 17 17 18 19 20 20 20 21 22 23 23 23 23 23 24 25 25 25 26 27 28 29 30 30 30 30 31 32 33 33 34 35 36 36 37 38 38 38 38 39 40 40 40 40 41 42 43 44 45 45 46 47 48 49 50 50 51 52 52 52 53 54 55 56 57 58 59 60 61 62 63 64 65 66 67 68 69 70 70 71 72 72 73 74 75 76 76 76 76 77 77 78 79 79 79 79 80 81 81 82 82 83 84 84 84 84 85 85 86 87 88 88 89 90 90 90 91 92 92 93 94 95 96 97 98 98 99 99 100 100 101 102 103 103 103 104 105 106 107 108 109 109 110 110 111 112 113 114 114 115 115 116 117 117 118 119 119 120 120 120
1 1 1 2 2 3 4 4 4 5 5 6 6 6 7 8 9 9 10 10 10 11 12 12 13 14 14 15 16 17 17 17 18 19 20 20 20 21 22 23 23 23 23 23 24 25 25 25 26 27 28 29 30 30 30 30 31 32 33 33 34 35 36 36 37 38 38 38 38 39 40 40 40 40 41 42 43 44 45 45 46 47 48 49 50 50 51 52 52 52 53 54 55 56 57 58 59 60 61 62 63 64 65 66 67 68 69 70 70 71 72 72 73 74 75 76 76 76 76 77 77 78 79 79 79 79 80 81 81 82 82 83 84 84 84 84 85 85 86 87 88 88 89 90 90 90 91 92 92 93 94 95 96 97 98 98 99 99 100 100 101 102 103 103 103 104 105 106 107 108 109 109 110 110 111 112 113 114 114 115 115 116 117 117 118 119 119 120 120 120
1 1 1 2 3 4 4 4 4 4 5 5 6 7 8 9 9 10 10 10 11 12 12 13 14 14 15 16 17 17 17 18 19 20 20 20 21 22 23 23 23 23 23 24 25 25 25 26 27 28 29 30 30 30 30 31 32 33 33 34 35 36 36 37 38 38 38 38 39 40 40 40 40 41 42 43 44 45 45 46 47 48 49 50 50 51 52 52 52 53 54 55 56 57 58 59 60 61 62 63 64 65 66 67 68 69 70 70 71 72 72 73 74 75 76 76 76 76 77 77 78 79 79 79 79 80 81 81 82 82 83 84 84 84 84 85 85 86 87 88 88 89 90 90 90 91 92 92 93 94 95 96 97 98 98 99 99 100 100 101 102 103 103 103 104 105 106 107 108 109 109 110 110 111 112 113 114 114 115 115 116 117 117 118 119 119 120 120 120
1 1 2 3 4 4 4 4 4 5 5 6 7 8 9 9 10 10 10 11 12 12 13 14 14 15 16 17 17 17 18 19 20 20 20 21 22 23 23 23 23 23 24 25 25 25 26 27 28 29 30 30 30 30 31 32 33 33 34 35 36 36 37 38 38 38 38 39 40 40 40 40 41 42 43 44 45 45 46 47 48 49 50 50 51 52 52 52 53 54 55 56 57 58 59 60 61 62 63 64 65 66 67 68 69 70 70 71 72 72 73 74 75 76 76 76 76 77 77 78 79 79 79 79 80 81 81 82 82 83 84 84 84 84 85 85 86 87 88 88 89 90 90 90 91 92 92 93 94 95 96 97 98 98 99 99 100 100 101 102 103 103 103 104 105 106 107 108 109 109 110 110 111 112 113 114 114 115 115 116 117 117 118 119 119 120 120 120
1 1 2 3 3 3 4 4 5 5 5 6 7 8 8 9 9 9 10 11 11 12 13 13 14 15 16 16 16 17 18 19 19 19 20 21 22 22 22 22 22 23 24 24 24 25 26 27 28 29 29 29 29 30 31 32 32 33 34 35 35 36 37 37 37 37 38 39 39 39 39 40 41 42 43 44 44 45 46 47 48 49 49 50 51 51 51 52 53 54 55 56 57 58 59 60 61 62 63 64 65 66 67 68 69 69 70 71 71 72 73 74 75 75 75 75 76 76 77 78 78 78 78 79 80 80 81 81 82 83 83 83 83 84 84 85 86 87 87 88 89 89 89 90 91 91 92 93 94 95 96 97 97 98 98 99 99 100 101 102 102 102 103 104 105 106 107 108 108 109 109 110 111 112 113 113 114 114 115 116 116 117 118 118 119 119 119
1 2 3 3 3 3 3 4 4 5 6 7 8 8 9 9 9 10 11 11 12 13 13 14 15 16 16 16 17 18 19 19 19 20 21 22 22 22 22 22 23 24 24 24 25 26 27 28 29 29 29 29 30 31 32 32 33 34 35 35 36 37 37 37 37 38 39 39 39 39 40 41 42 43 44 44 45 46 47 48 49 49 50 51 51 51 52 53 54 55 56 57 58 59 60 61 62 63 64 65 66 67 68 69 69 70 71 71 72 73 74 75 75 75 75 76 76 77 78 78 78 78 79 80 80 81 81 82 83 83 83 83 84 84 85 86 87 87 88 89 89 89 90 91 91 92 93 94 95 96 97 97 98 98 99 99 100 101 102 102 102 103 104 105 106 107 108 108 109 109 110 111 112 113 113 114 114 115 116 116 117 118 118 119 119 119
1 2 2 2 3 3 4 4 4 5 6 7 7 8 8 8 9 10 10 11 12 12 13 14 15 15 15 16 17 18 18 18 19 20 21 21 21 21 21 22 23 23 23 24 25 26 27 28 28 28 28 29 30 31 31 32 33 34 34 35 36 36 36 36 37 38 38 38 38 39 40 41 42 43 43 44 45 46 47 48 48 49 50 50 50 51 52 53 54 55 56 57 58 59 60 61 62 63 64 65 66 67 68 68 69 70 70 71 72 73 74 74 74 74 75 75 76 77 77 77 77 78 79 79 80 80 81 82 82 82 82 83 83 84 85 86 86 87 88 88 88 89 90 90 91 92 93 94 95 96 96 97 97 98 98 99 100 101 101 101 102 103 104 105 106 107 107 108 108 109 110 111 112 112 113 113 114 115 115 116 117 117 118 118 118
1 1 2 3 3 4 4 4 4 5 6 6 7 7 7 8 9 9 10 11 11 12 13 14 14 14 15 16 17 17 17 18 19 20 20 20 20 20 21 22 22 22 23 24 25 26 27 27 27 27 28 29 30 30 31 32 33 33 34 35 35 35 35 36 37 37 37 37 38 39 40 41 42 42 43 44 45 46 47 47 48 49 49 49 50 51 52 53 54 55 56 57 58 59 60 61 62 63 64 65 66 67 67 68 69 69 70 71 72 73 73 73 73 74 74 75 76 76 76 76 77 78 78 79 79 80 81 81 81 81 82 82 83 84 85 85 86 87 87 87 88 89 89 90 91 92 93 94 95 95 96 96 97 97 98 99 100 100 100 101 102 103 104 105 106 106 107 107 108 109 110 111 111 112 112 113 114 114 115 116 116 117 117 117
1 2 3 3 4 4 4 4 4 5 5 6 6 6 7 8 8 9 10 10 11 12 13 13 13 14 15 16 16 16 17 18 19 19 19 19 19 20 21 21 21 22 23 24 25 26 26 26 26 27 28 29 29 30 31 32 32 33 34 34 34 34 35 36 36 36 36 37 38 39 40 41 41 42 43 44 45 46 46 47 48 48 48 49 50 51 52 53 54 55 56 57 58 59 60 61 62 63 64 65 66 66 67 68 68 69 70 71 72 72 72 72 73 73 74 75 75 75 75 76 77 77 78 78 79 80 80 80 80 81 81 82 83 84 84 85 86 86 86 87 88 88 89 90 91 92 93 94 94 95 95 96 96 97 98 99 99 99 100 101 102 103 104 105 105 106 106 107 108 109 110 110 111 111 112 113 113 114 115 115 116 116 116
1 2 2 3 3 3 3 4 5 5 6 6 6 7 8 8 9 10 10 11 12 13 13 13 14 15 16 16 16 17 18 19 19 19 19 19 20 21 21 21 22 23 24 25 26 26 26 26 27 28 29 29 30 31 32 32 33 34 34 34 34 35 36 36 36 36 37 38 39 40 41 41 42 43 44 45 46 46 47 48 48 48 49 50 51 52 53 54 55 56 57 58 59 60 61 62 63 64 65 66 66 67 68 68 69 70 71 72 72 72 72 73 73 74 75 75 75 75 76 77 77 78 78 79 80 80 80 80 81 81 82 83 84 84 85 86 86 86 87 88 88 89 90 91 92 93 94 94 95 95 96 96 97 98 99 99 99 100 101 102 103 104 105 105 106 106 107 108 109 110 110 111 111 112 113 113 114 115 115 116 116 116
1 1 2 2 2 3 4 5 5 6 6 6 7 8 8 9 10 10 11 12 13 13 13 14 15 16 16 16 17 18 19 19 19 19 19 20 21 21 21 22 23 24 25 26 26 26 26 27 28 29 29 30 31 32 32 33 34 34 34 34 35 36 36 36 36 37 38 39 40 41 41 42 43 44 45 46 46 47 48 48 48 49 50 51 52 53 54 55 56 57 58 59 60 61 62 63 64 65 66 66 67 68 68 69 70 71 72 72 72 72 73 73 74 75 75 75 75 76 77 77 78 78 79 80 80 80 80 81 81 82 83 84 84 85 86 86 86 87 88 88 89 90 91 92 93 94 94 95 95 96 96 97 98 99 99 99 100 101 102 103 104 105 105 106 106 107 108 109 110 110 111 111 112 113 113 114 115 115 116 116 116
1 1 1 2 3 4 5 5 6 6 6 7 8 8 9 10 10 11 12 13 13 13 14 15 16 16 16 17 18 19 19 19 19 19 20 21 21 21 22 23 24 25 26 26 26 26 27 28 29 29 30 31 32 32 33 34 34 34 34 35 36 36 36 36 37 38 39 40 41 41 42 43 44 45 46 46 47 48 48 48 49 50 51 52 53 54 55 56 57 58 59 60 61 62 63 64 65 66 66 67 68 68 69 70 71 72 72 72 72 73 73 74 75 75 75 75 76 77 77 78 78 79 80 80 80 80 81 81 82 83 84 84 85 86 86 86 87 88 88 89 90 91 92 93 94 94 95 95 96 96 97 98 99 99 99 100 101 102 103 104 105 105 106 106 107 108 109 110 110 111 111 112 113 113 114 115 115 116 116 116
1 1 2 3 4 5 5 6 6 6 7 8 8 9 10 10 11 12 13 13 13 14 15 16 16 16 17 18 19 19 19 19 19 20 21 21 21 22 23 24 25 26 26 26 26 27 28 29 29 30 31 32 32 33 34 34 34 34 35 36 36 36 36 37 38 39 40 41 41 42 43 44 45 46 46 47 48 48 48 49 50 51 52 53 54 55 56 57 58 59 60 61 62 63 64 65 66 66 67 68 68 69 70 71 72 72 72 72 73 73 74 75 75 75 75 76 77 77 78 78 79 80 80 80 80 81 81 82 83 84 84 85 86 86 86 87 88 88 89 90 91 92 93 94 94 95 95 96 96 97 98 99 99 99 100 101 102 103 104 105 105 106 106 107 108 109 110 110 111 111 112 113 113 114 115 115 116 116 116
1 2 3 4 5 5 6 6 6 7 8 8 9 10 10 11 12 13 13 13 14 15 16 16 16 17 18 19 19 19 19 19 20 21 21 21 22 23 24 25 26 26 26 26 27 28 29 29 30 31 32 32 33 34 34 34 34 35 36 36 36 36 37 38 39 40 41 41 42 43 44 45 46 46 47 48 48 48 49 50 51 52 53 54 55 56 57 58 59 60 61 62 63 64 65 66 66 67 68 68 69 70 71 72 72 72 72 73 73 74 75 75 75 75 76 77 77 78 78 79 80 80 80 80 81 81 82 83 84 84 85 86 86 86 87 88 88 89 90 91 92 93 94 94 95 95 96 96 97 98 99 99 99 100 101 102 103 104 105 105 106 106 107 108 109 110 110 111 111 112 113 113 114 115 115 116 116 116
1 2 3 4 4 5 5 5 6 7 7 8 9 9 10 11 12 12 12 13 14 15 15 15 16 17 18 18 18 18 18 19 20 20 20 21 22 23 24 25 25 25 25 26 27 28 28 29 30 31 31 32 33 33 33 33 34 35 35 35 35 36 37 38 39 40 40 41 42 43 44 45 45 46 47 47 47 48 49 50 51 52 53 54 55 56 57 58 59 60 61 62 63 64 65 65 66 67 67 68 69 70 71 71 71 71 72 72 73 74 74 74 74 75 76 76 77 77 78 79 79 79 79 80 80 81 82 83 83 84 85 85 85 86 87 87 88 89 90 91 92 93 93 94 94 95 95 96 97 98 98 98 99 100 101 102 103 104 104 105 105 106 107 108 109 109 110 110 111 112 112 113 114 114 115 115 115
1 2 3 3 4 4 4 5 6 6 7 8 8 9 10 11 11 11 12 13 14 14 14 15 16 17 17 17 17 17 18 19 19 19 20 21 22 23 24 24 24 24 25 26 27 27 28 29 30 30 31 32 32 32 32 33 34 34 34 34 35 36 37 38 39 39 40 41 42 43 44 44 45 46 46 46 47 48 49 50 51 52 53 54 55 56 57 58 59 60 61 62 63 64 64 65 66 66 67 68 69 70 70 70 70 71 71 72 73 73 73 73 74 75 75 76 76 77 78 78 78 78 79 79 80 81 82 82 83 84 84 84 85 86 86 87 88 89 90 91 92 92 93 93 94 94 95 96 97 97 97 98 99 100 101 102 103 103 104 104 105 106 107 108 108 109 109 110 111 111 112 113 113 114 114 114
1 2 2 3 3 3 4 5 5 6 7 7 8 9 10 10 10 11 12 13 13 13 14 15 16 16 16 16 16 17 18 18 18 19 20 21 22 23 23 23 23 24 25 26 26 27 28 29 29 30 31 31 31 31 32 33 33 33 33 34 35 36 37 38 38 39 40 41 42 43 43 44 45 45 45 46 47 48 49 50 51 52 53 54 55 56 57 58 59 60 61 62 63 63 64 65 65 66 67 68 69 69 69 69 70 70 71 72 72 72 72 73 74 74 75 75 76 77 77 77 77 78 78 79 80 81 81 82 83 83 83 84 85 85 86 87 88 89 90 91 91 92 92 93 93 94 95 96 96 96 97 98 99 100 101 102 102 103 103 104 105 106 107 107 108 108 109 110 110 111 112 112 113 113 113
1 1 2 2 2 3 4 4 5 6 6 7 8 9 9 9 10 11 12 12 12 13 14 15 15 15 15 15 16 17 17 17 18 19 20 21 22 22 22 22 23 24 25 25 26 27 28 28 29 30 30 30 30 31 32 32 32 32 33 34 35 36 37 37 38 39 40 41 42 42 43 44 44 44 45 46 47 48 49 50 51 52 53 54 55 56 57 58 59 60 61 62 62 63 64 64 65 66 67 68 68 68 68 69 69 70 71 71 71 71 72 73 73 74 74 75 76 76 76 76 77 77 78 79 80 80 81 82 82 82 83 84 84 85 86 87 88 89 90 90 91 91 92 92 93 94 95 95 95 96 97 98 99 100 101 101 102 102 103 104 105 106 106 107 107 108 109 109 110 111 111 112 112 112
1 1 1 2 2 3 3 4 5 5 6 7 8 8 8 9 10 11 11 11 12 13 14 14 14 14 14 15 16 16 16 17 18 19 20 21 21 21 21 22 23 24 24 25 26 27 27 28 29 29 29 29 30 31 31 31 31 32 33 34 35 36 36 37 38 39 40 41 41 42 43 43 43 44 45 46 47 48 49 50 51 52 53 54 55 56 57 58 59 60 61 61 62 63 63 64 65 66 67 67 67 67 68 68 69 70 70 70 70 71 72 72 73 73 74 75 75 75 75 76 76 77 78 79 79 80 81 81 81 82 83 83 84 85 86 87 88 89 89 90 90 91 91 92 93 94 94 94 95 96 97 98 99 100 100 101 101 102 103 104 105 105 106 106 107 108 108 109 110 110 111 111 111
1 1 2 2 3 3 4 5 5 6 7 8 8 8 9 10 11 11 11 12 13 14 14 14 14 14 15 16 16 16 17 18 19 20 21 21 21 21 22 23 24 24 25 26 27 27 28 29 29 29 29 30 31 31 31 31 32 33 34 35 36 36 37 38 39 40 41 41 42 43 43 43 44 45 46 47 48 49 50 51 52 53 54 55 56 57 58 59 60 61 61 62 63 63 64 65 66 67 67 67 67 68 68 69 70 70 70 70 71 72 72 73 73 74 75 75 75 75 76 76 77 78 79 79 80 81 81 81 82 83 83 84 85 86 87 88 89 89 90 90 91 91 92 93 94 94 94 95 96 97 98 99 100 100 101 101 102 103 104 105 105 106 106 107 108 108 109 110 110 111 111 111
1 2 2 2 3 3 4 4 5 6 7 7 7 8 9 10 10 10 11 12 13 13 13 13 13 14 15 15 15 16 17 18 19 20 20 20 20 21 22 23 23 24 25 26 26 27 28 28 28 28 29 30 30 30 30 31 32 33 34 35 35 36 37 38 39 40 40 41 42 42 42 43 44 45 46 47 48 49 50 51 52 53 54 55 56 57 58 59 60 60 61 62 62 63 64 65 66 66 66 66 67 67 68 69 69 69 69 70 71 71 72 72 73 74 74 74 74 75 75 76 77 78 78 79 80 80 80 81 82 82 83 84 85 86 87 88 88 89 89 90 90 91 92 93 93 93 94 95 96 97 98 99 99 100 100 101 102 103 104 104 105 105 106 107 107 108 109 109 110 110 110
1 1 2 2 3 4 4 5 6 7 7 7 8 9 10 10 10 11 12 13 13 13 13 13 14 15 15 15 16 17 18 19 20 20 20 20 21 22 23 23 24 25 26 26 27 28 28 28 28 29 30 30 30 30 31 32 33 34 35 35 36 37 38 39 40 40 41 42 42 42 43 44 45 46 47 48 49 50 51 52 53 54 55 56 57 58 59 60 60 61 62 62 63 64 65 66 66 66 66 67 67 68 69 69 69 69 70 71 71 72 72 73 74 74 74 74 75 75 76 77 78 78 79 80 80 80 81 82 82 83 84 85 86 87 88 88 89 89 90 90 91 92 93 93 93 94 95 96 97 98 99 99 100 100 101 102 103 104 104 105 105 106 107 107 108 109 109 110 110 110
1 2 2 3 4 4 5 6 7 7 7 8 9 10 10 10 11 12 13 13 13 13 13 14 15 15 15 16 17 18 19 20 20 20 20 21 22 23 23 24 25 26 26 27 28 28 28 28 29 30 30 30 30 31 32 33 34 35 35 36 37 38 39 40 40 41 42 42 42 43 44 45 46 47 48 49 50 51 52 53 54 55 56 57 58 59 60 60 61 62 62 63 64 65 66 66 66 66 67 67 68 69 69 69 69 70 71 71 72 72 73 74 74 74 74 75 75 76 77 78 78 79 80 80 80 81 82 82 83 84 85 86 87 88 88 89 89 90 90 91 92 93 93 93 94 95 96 97 98 99 99 100 100 101 102 103 104 104 105 105 106 107 107 108 109 109 110 110 110
1 1 2 3 3 4 5 6 6 6 7 8 9 9 9 10 11 12 12 12 12 12 13 14 14 14 15 16 17 18 19 19 19 19 20 21 22 22 23 24 25 25 26 27 27 27 27 28 29 29 29 29 30 31 32 33 34 34 35 36 37 38 39 39 40 41 41 41 42 43 44 45 46 47 48 49 50 51 52 53 54 55 56 57 58 59 59 60 61 61 62 63 64 65 65 65 65 66 66 67 68 68 68 68 69 70 70 71 71 72 73 73 73 73 74 74 75 76 77 77 78 79 79 79 80 81 81 82 83 84 85 86 87 87 88 88 89 89 90 91 92 92 92 93 94 95 96 97 98 98 99 99 100 101 102 103 103 104 104 105 106 106 107 108 108 109 109 109
1 1 2 2 3 4 5 5 5 6 7 8 8 8 9 10 11 11 11 11 11 12 13 13 13 14 15 16 17 18 18 18 18 19 20 21 21 22 23 24 24 25 26 26 26 26 27 28 28 28 28 29 30 31 32 33 33 34 35 36 37 38 38 39 40 40 40 41 42 43 44 45 46 47 48 49 50 51 52 53 54 55 56 57 58 58 59 60 60 61 62 63 64 64 64 64 65 65 66 67 67 67 67 68 69 69 70 70 71 72 72 72 72 73 73 74 75 76 76 77 78 78 78 79 80 80 81 82 83 84 85 86 86 87 87 88 88 89 90 91 91 91 92 93 94 95 96 97 97 98 98 99 100 101 102 102 103 103 104 105 105 106 107 107 108 108 108
1 2 2 3 4 5 5 5 6 7 8 8 8 9 10 11 11 11 11 11 12 13 13 13 14 15 16 17 18 18 18 18 19 20 21 21 22 23 24 24 25 26 26 26 26 27 28 28 28 28 29 30 31 32 33 33 34 35 36 37 38 38 39 40 40 40 41 42 43 44 45 46 47 48 49 50 51 52 53 54 55 56 57 58 58 59 60 60 61 62 63 64 64 64 64 65 65 66 67 67 67 67 68 69 69 70 70 71 72 72 72 72 73 73 74 75 76 76 77 78 78 78 79 80 80 81 82 83 84 85 86 86 87 87 88 88 89 90 91 91 91 92 93 94 95 96 97 97 98 98 99 100 101 102 102 103 103 104 105 105 106 107 107 108 108 108
1 1 2 3 4 4 4 5 6 7 7 7 8 9 10 10 10 10 10 11 12 12 12 13 14 15 16 17 17 17 17 18 19 20 20 21 22 23 23 24 25 25 25 25 26 27 27 27 27 28 29 30 31 32 32 33 34 35 36 37 37 38 39 39 39 40 41 42 43 44 45 46 47 48 49 50 51 52 53 54 55 56 57 57 58 59 59 60 61 62 63 63 63 63 64 64 65 66 66 66 66 67 68 68 69 69 70 71 71 71 71 72 72 73 74 75 75 76 77 77 77 78 79 79 80 81 82 83 84 85 85 86 86 87 87 88 89 90 90 90 91 92 93 94 95 96 96 97 97 98 99 100 101 101 102 102 103 104 104 105 106 106 107 107 107
1 1 2 3 3 3 4 5 6 6 6 7 8 9 9 9 9 9 10 11 11 11 12 13 14 15 16 16 16 16 17 18 19 19 20 21 22 22 23 24 24 24 24 25 26 26 26 26 27 28 29 30 31 31 32 33 34 35 36 36 37 38 38 38 39 40 41 42 43 44 45 46 47 48 49 50 51 52 53 54 55 56 56 57 58 58 59 60 61 62 62 62 62 63 63 64 65 65 65 65 66 67 67 68 68 69 70 70 70 70 71 71 72 73 74 74 75 76 76 76 77 78 78 79 80 81 82 83 84 84 85 85 86 86 87 88 89 89 89 90 91 92 93 94 95 95 96 96 97 98 99 100 100 101 101 102 103 103 104 105 105 106 106 106
1 2 3 3 3 4 5 6 6 6 7 8 9 9 9 9 9 10 11 11 11 12 13 14 15 16 16 16 16 17 18 19 19 20 21 22 22 23 24 24 24 24 25 26 26 26 26 27 28 29 30 31 31 32 33 34 35 36 36 37 38 38 38 39 40 41 42 43 44 45 46 47 48 49 50 51 52 53 54 55 56 56 57 58 58 59 60 61 62 62 62 62 63 63 64 65 65 65 65 66 67 67 68 68 69 70 70 70 70 71 71 72 73 74 74 75 76 76 76 77 78 78 79 80 81 82 83 84 84 85 85 86 86 87 88 89 89 89 90 91 92 93 94 95 95 96 96 97 98 99 100 100 101 101 102 103 103 104 105 105 106 106 106
1 2 2 2 3 4 5 5 5 6 7 8 8 8 8 8 9 10 10 10 11 12 13 14 15 15 15 15 16 17 18 18 19 20 21 21 22 23 23 23 23 24 25 25 25 25 26 27 28 29 30 30 31 32 33 34 35 35 36 37 37 37 38 39 40 41 42 43 44 45 46 47 48 49 50 51 52 53 54 55 55 56 57 57 58 59 60 61 61 61 61 62 62 63 64 64 64 64 65 66 66 67 67 68 69 69 69 69 70 70 71 72 73 73 74 75 75 75 76 77 77 78 79 80 81 82 83 83 84 84 85 85 86 87 88 88 88 89 90 91 92 93 94 94 95 95 96 97 98 99 99 100 100 101 102 102 103 104 104 105 105 105
1 1 2 2 3 4 4 4 5 6 7 7 7 7 7 8 9 9 9 10 11 12 13 14 14 14 14 15 16 17 17 18 19 20 20 21 22 22 22 22 23 24 24 24 24 25 26 27 28 29 29 30 31 32 33 34 34 35 36 36 36 37 38 39 40 41 42 43 44 45 46 47 48 49 50 51 52 53 54 54 55 56 56 57 58 59 60 60 60 60 61 61 62 63 63 63 63 64 65 65 66 66 67 68 68 68 68 69 69 70 71 72 72 73 74 74 74 75 76 76 77 78 79 80 81 82 82 83 83 84 84 85 86 87 87 87 88 89 90 91 92 93 93 94 94 95 96 97 98 98 99 99 100 101 101 102 103 103 104 104 104
1 2 2 2 3 3 4 4 5 6 6 6 6 6 7 8 8 8 9 10 11 12 13 13 13 13 14 15 16 16 17 18 19 19 20 21 21 21 21 22 23 23 23 23 24 25 26 27 28 28 29 30 31 32 33 33 34 35 35 35 36 37 38 39 40 41 42 43 44 45 46 47 48 49 50 51 52 53 53 54 55 55 56 57 58 59 59 59 59 60 60 61 62 62 62 62 63 64 64 65 65 66 67 67 67 67 68 68 69 70 71 71 72 73 73 73 74 75 75 76 77 78 79 80 81 81 82 82 83 83 84 85 86 86 86 87 88 89 90 91 92 92 93 93 94 95 96 97 97 98 98 99 100 100 101 102 102 103 103 103
1 1 2 3 3 3 4 5 6 6 6 6 6 7 8 8 8 9 10 11 12 13 13 13 13 14 15 16 16 17 18 19 19 20 21 21 21 21 22 23 23 23 23 24 25 26 27 28 28 29 30 31 32 33 33 34 35 35 35 36 37 38 39 40 41 42 43 44 45 46 47 48 49 50 51 52 53 53 54 55 55 56 57 58 59 59 59 59 60 60 61 62 62 62 62 63 64 64 65 65 66 67 67 67 67 68 68 69 70 71 71 72 73 73 73 74 75 75 76 77 78 79 80 81 81 82 82 83 83 84 85 86 86 86 87 88 89 90 91 92 92 93 93 94 95 96 97 97 98 98 99 100 100 101 102 102 103 103 103
1 2 3 3 3 4 5 6 6 6 6 6 7 8 8 8 9 10 11 12 13 13 13 13 14 15 16 16 17 18 19 19 20 21 21 21 21 22 23 23 23 23 24 25 26 27 28 28 29 30 31 32 33 33 34 35 35 35 36 37 38 39 40 41 42 43 44 45 46 47 48 49 50 51 52 53 53 54 55 55 56 57 58 59 59 59 59 60 60 61 62 62 62 62 63 64 64 65 65 66 67 67 67 67 68 68 69 70 71 71 72 73 73 73 74 75 75 76 77 78 79 80 81 81 82 82 83 83 84 85 86 86 86 87 88 89 90 91 92 92 93 93 94 95 96 97 97 98 98 99 100 100 101 102 102 103 103 103
1 2 2 2 3 4 5 5 5 5 5 6 7 7 7 8 9 10 11 12 12 12 12 13 14 15 15 16 17 18 18 19 20 20 20 20 21 22 22 22 22 23 24 25 26 27 27 28 29 30 31 32 32 33 34 34 34 35 36 37 38 39 40 41 42 43 44 45 46 47 48 49 50 51 52 52 53 54 54 55 56 57 58 58 58 58 59 59 60 61 61 61 61 62 63 63 64 64 65 66 66 66 66 67 67 68 69 70 70 71 72 72 72 73 74 74 75 76 77 78 79 80 80 81 81 82 82 83 84 85 85 85 86 87 88 89 90 91 91 92 92 93 94 95 96 96 97 97 98 99 99 100 101 101 102 102 102
1 1 2 2 3 4 4 4 4 4 5 6 6 6 7 8 9 10 11 11 11 11 12 13 14 14 15 16 17 17 18 19 19 19 19 20 21 21 21 21 22 23 24 25 26 26 27 28 29 30 31 31 32 33 33 33 34 35 36 37 38 39 40 41 42 43 44 45 46 47 48 49 50 51 51 52 53 53 54 55 56 57 57 57 57 58 58 59 60 60 60 60 61 62 62 63 63 64 65 65 65 65 66 66 67 68 69 69 70 71 71 71 72 73 73 74 75 76 77 78 79 79 80 80 81 81 82 83 84 84 84 85 86 87 88 89 90 90 91 91 92 93 94 95 95 96 96 97 98 98 99 100 100 101 101 101
1 2 2 2 3 3 3 3 4 4 5 5 6 6 7 8 9 10 10 10 10 11 12 13 13 14 15 16 16 17 18 18 18 18 19 20 20 20 20 21 22 23 24 25 25 26 27 28 29 30 30 31 32 32 32 33 34 35 36 37 38 39 40 41 42 43 44 45 46 47 48 49 50 50 51 52 52 53 54 55 56 56 56 56 57 57 58 59 59 59 59 60 61 61 62 62 63 64 64 64 64 65 65 66 67 68 68 69 70 70 70 71 72 72 73 74 75 76 77 78 78 79 79 80 80 81 82 83 83 83 84 85 86 87 88 89 89 90 90 91 92 93 94 94 95 95 96 97 97 98 99 99 100 100 100
1 1 2 3 3 3 3 3 4 5 5 5 6 7 8 9 10 10 10 10 11 12 13 13 14 15 16 16 17 18 18 18 18 19 20 20 20 20 21 22 23 24 25 25 26 27 28 29 30 30 31 32 32 32 33 34 35 36 37 38 39 40 41 42 43 44 45 46 47 48 49 50 50 51 52 52 53 54 55 56 56 56 56 57 57 58 59 59 59 59 60 61 61 62 62 63 64 64 64 64 65 65 66 67 68 68 69 70 70 70 71 72 72 73 74 75 76 77 78 78 79 79 80 80 81 82 83 83 83 84 85 86 87 88 89 89 90 90 91 92 93 94 94 95 95 96 97 97 98 99 99 100 100 100
1 2 3 3 3 3 3 4 5 5 5 6 7 8 9 10 10 10 10 11 12 13 13 14 15 16 16 17 18 18 18 18 19 20 20 20 20 21 22 23 24 25 25 26 27 28 29 30 30 31 32 32 32 33 34 35 36 37 38 39 40 41 42 43 44 45 46 47 48 49 50 50 51 52 52 53 54 55 56 56 56 56 57 57 58 59 59 59 59 60 61 61 62 62 63 64 64 64 64 65 65 66 67 68 68 69 70 70 70 71 72 72 73 74 75 76 77 78 78 79 79 80 80 81 82 83 83 83 84 85 86 87 88 89 89 90 90 91 92 93 94 94 95 95 96 97 97 98 99 99 100 100 100
1 2 2 2 2 2 3 4 4 4 5 6 7 8 9 9 9 9 10 11 12 12 13 14 15 15 16 17 17 17 17 18 19 19 19 19 20 21 22 23 24 24 25 26 27 28 29 29 30 31 31 31 32 33 34 35 36 37 38 39 40 41 42 43 44 45 46 47 48 49 49 50 51 51 52 53 54 55 55 55 55 56 56 57 58 58 58 58 59 60 60 61 61 62 63 63 63 63 64 64 65 66 67 67 68 69 69 69 70 71 71 72 73 74 75 76 77 77 78 78 79 79 80 81 82 82 82 83 84 85 86 87 88 88 89 89 90 91 92 93 93 94 94 95 96 96 97 98 98 99 99 99
1 1 1 2 2 2 3 3 4 4 5 6 7 8 8 8 8 9 10 11 11 12 13 14 14 15 16 16 16 16 17 18 18 18 18 19 20 21 22 23 23 24 25 26 27 28 28 29 30 30 30 31 32 33 34 35 36 37 38 39 40 41 42 43 44 45 46 47 48 48 49 50 50 51 52 53 54 54 54 54 55 55 56 57 57 57 57 58 59 59 60 60 61 62 62 62 62 63 63 64 65 66 66 67 68 68 68 69 70 70 71 72 73 74 75 76 76 77 77 78 78 79 80 81 81 81 82 83 84 85 86 87 87 88 88 89 90 91 92 92 93 93 94 95 95 96 97 97 98 98 98
1 1 2 2 2 2 3 4 4 4 5 6 7 7 7 7 8 9 10 10 11 12 13 13 14 15 15 15 15 16 17 17 17 17 18 19 20 21 22 22 23 24 25 26 27 27 28 29 29 29 30 31 32 33 34 35 36 37 38 39 40 41 42 43 44 45 46 47 47 48 49 49 50 51 52 53 53 53 53 54 54 55 56 56 56 56 57 58 58 59 59 60 61 61 61 61 62 62 63 64 65 65 66 67 67 67 68 69 69 70 71 72 73 74 75 75 76 76 77 77 78 79 80 80 80 81 82 83 84 85 86 86 87 87 88 89 90 91 91 92 92 93 94 94 95 96 96 97 97 97
1 1 2 2 2 3 4 4 4 5 6 7 7 7 7 8 9 10 10 11 12 13 13 14 15 15 15 15 16 17 17 17 17 18 19 20 21 22 22 23 24 25 26 27 27 28 29 29 29 30 31 32 33 34 35 36 37 38 39 40 41 42 43 44 45 46 47 47 48 49 49 50 51 52 53 53 53 53 54 54 55 56 56 56 56 57 58 58 59 59 60 61 61 61 61 62 62 63 64 65 65 66 67 67 67 68 69 69 70 71 72 73 74 75 75 76 76 77 77 78 79 80 80 80 81 82 83 84 85 86 86 87 87 88 89 90 91 91 92 92 93 94 94 95 96 96 97 97 97
1 1 1 2 2 3 3 4 5 6 7 7 7 7 8 9 10 10 11 12 13 13 14 15 15 15 15 16 17 17 17 17 18 19 20 21 22 22 23 24 25 26 27 27 28 29 29 29 30 31 32 33 34 35 36 37 38 39 40 41 42 43 44 45 46 47 47 48 49 49 50 51 52 53 53 53 53 54 54 55 56 56 56 56 57 58 58 59 59 60 61 61 61 61 62 62 63 64 65 65 66 67 67 67 68 69 69 70 71 72 73 74 75 75 76 76 77 77 78 79 80 80 80 81 82 83 84 85 86 86 87 87 88 89 90 91 91 92 92 93 94 94 95 96 96 97 97 97
1 1 2 2 3 3 4 5 6 7 7 7 7 8 9 10 10 11 12 13 13 14 15 15 15 15 16 17 17 17 17 18 19 20 21 22 22 23 24 25 26 27 27 28 29 29 29 30 31 32 33 34 35 36 37 38 39 40 41 42 43 44 45 46 47 47 48 49 49 50 51 52 53 53 53 53 54 54 55 56 56 56 56 57 58 58 59 59 60 61 61 61 61 62 62 63 64 65 65 66 67 67 67 68 69 69 70 71 72 73 74 75 75 76 76 77 77 78 79 80 80 80 81 82 83 84 85 86 86 87 87 88 89 90 91 91 92 92 93 94 94 95 96 96 97 97 97
1 2 2 2 3 4 5 6 7 7 7 7 8 9 10 10 11 12 13 13 14 15 15 15 15 16 17 17 17 17 18 19 20 21 22 22 23 24 25 26 27 27 28 29 29 29 30 31 32 33 34 35 36 37 38 39 40 41 42 43 44 45 46 47 47 48 49 49 50 51 52 53 53 53 53 54 54 55 56 56 56 56 57 58 58 59 59 60 61 61 61 61 62 62 63 64 65 65 66 67 67 67 68 69 69 70 71 72 73 74 75 75 76 76 77 77 78 79 80 80 80 81 82 83 84 85 86 86 87 87 88 89 90 91 91 92 92 93 94 94 95 96 96 97 97 97
1 1 2 2 3 4 5 6 6 6 6 7 8 9 9 10 11 12 12 13 14 14 14 14 15 16 16 16 16 17 18 19 20 21 21 22 23 24 25 26 26 27 28 28 28 29 30 31 32 33 34 35 36 37 38 39 40 41 42 43 44 45 46 46 47 48 48 49 50 51 52 52 52 52 53 53 54 55 55 55 55 56 57 57 58 58 59 60 60 60 60 61 61 62 63 64 64 65 66 66 66 67 68 68 69 70 71 72 73 74 74 75 75 76 76 77 78 79 79 79 80 81 82 83 84 85 85 86 86 87 88 89 90 90 91 91 92 93 93 94 95 95 96 96 96
1 2 2 2 3 4 5 5 5 5 6 7 8 8 9 10 11 11 12 13 13 13 13 14 15 15 15 15 16 17 18 19 20 20 21 22 23 24 25 25 26 27 27 27 28 29 30 31 32 33 34 35 36 37 38 39 40 41 42 43 44 45 45 46 47 47 48 49 50 51 51 51 51 52 52 53 54 54 54 54 55 56 56 57 57 58 59 59 59 59 60 60 61 62 63 63 64 65 65 65 66 67 67 68 69 70 71 72 73 73 74 74 75 75 76 77 78 78 78 79 80 81 82 83 84 84 85 85 86 87 88 89 89 90 90 91 92 92 93 94 94 95 95 95
1 1 2 3 4 5 5 5 5 6 7 8 8 9 10 11 11 12 13 13 13 13 14 15 15 15 15 16 17 18 19 20 20 21 22 23 24 25 25 26 27 27 27 28 29 30 31 32 33 34 35 36 37 38 39 40 41 42 43 44 45 45 46 47 47 48 49 50 51 51 51 51 52 52 53 54 54 54 54 55 56 56 57 57 58 59 59 59 59 60 60 61 62 63 63 64 65 65 65 66 67 67 68 69 70 71 72 73 73 74 74 75 75 76 77 78 78 78 79 80 81 82 83 84 84 85 85 86 87 88 89 89 90 90 91 92 92 93 94 94 95 95 95
1 2 3 4 5 5 5 5 6 7 8 8 9 10 11 11 12 13 13 13 13 14 15 15 15 15 16 17 18 19 20 20 21 22 23 24 25 25 26 27 27 27 28 29 30 31 32 33 34 35 36 37 38 39 40 41 42 43 44 45 45 46 47 47 48 49 50 51 51 51 51 52 52 53 54 54 54 54 55 56 56 57 57 58 59 59 59 59 60 60 61 62 63 63 64 65 65 65 66 67 67 68 69 70 71 72 73 73 74 74 75 75 76 77 78 78 78 79 80 81 82 83 84 84 85 85 86 87 88 89 89 90 90 91 92 92 93 94 94 95 95 95
1 2 3 4 4 4 4 5 6 7 7 8 9 10 10 11 12 12 12 12 13 14 14 14 14 15 16 17 18 19 19 20 21 22 23 24 24 25 26 26 26 27 28 29 30 31 32 33 34 35 36 37 38 39 40 41 42 43 44 44 45 46 46 47 48 49 50 50 50 50 51 51 52 53 53 53 53 54 55 55 56 56 57 58 58 58 58 59 59 60 61 62 62 63 64 64 64 65 66 66 67 68 69 70 71 72 72 73 73 74 74 75 76 77 77 77 78 79 80 81 82 83 83 84 84 85 86 87 88 88 89 89 90 91 91 92 93 93 94 94 94
1 2 3 3 3 3 4 5 6 6 7 8 9 9 10 11 11 11 11 12 13 13 13 13 14 15 16 17 18 18 19 20 21 22 23 23 24 25 25 25 26 27 28 29 30 31 32 33 34 35 36 37 38 39 40 41 42 43 43 44 45 45 46 47 48 49 49 49 49 50 50 51 52 52 52 52 53 54 54 55 55 56 57 57 57 57 58 58 59 60 61 61 62 63 63 63 64 65 65 66 67 68 69 70 71 71 72 72 73 73 74 75 76 76 76 77 78 79 80 81 82 82 83 83 84 85 86 87 87 88 88 89 90 90 91 92 92 93 93 93
1 2 2 2 3 3 4 5 5 6 7 8 8 9 10 10 10 10 11 12 12 12 12 13 14 15 16 17 17 18 19 20 21 22 22 23 24 24 24 25 26 27 28 29 30 31 32 33 34 35 36 37 38 39 40 41 42 42 43 44 44 45 46 47 48 48 48 48 49 49 50 51 51 51 51 52 53 53 54 54 55 56 56 56 56 57 57 58 59 60 60 61 62 62 62 63 64 64 65 66 67 68 69 70 70 71 71 72 72 73 74 75 75 75 76 77 78 79 80 81 81 82 82 83 84 85 86 86 87 87 88 89 89 90 91 91 92 92 92
1 1 2 3 3 3 4 4 5 6 7 7 8 9 9 9 9 10 11 11 11 11 12 13 14 15 16 16 17 18 19 20 21 21 22 23 23 23 24 25 26 27 28 29 30 31 32 33 34 35 36 37 38 39 40 41 41 42 43 43 44 45 46 47 47 47 47 48 48 49 50 50 50 50 51 52 52 53 53 54 55 55 55 55 56 56 57 58 59 59 60 61 61 61 62 63 63 64 65 66 67 68 69 69 70 70 71 71 72 73 74 74 74 75 76 77 78 79 80 80 81 81 82 83 84 85 85 86 86 87 88 88 89 90 90 91 91 91
1 2 3 3 3 3 4 4 5 6 6 7 8 8 8 8 9 10 10 10 11 11 12 13 14 15 15 16 17 18 19 20 20 21 22 22 22 23 24 25 26 27 28 29 30 31 32 33 34 35 36 37 38 39 40 40 41 42 42 43 44 45 46 46 46 46 47 47 48 49 49 49 49 50 51 51 52 52 53 54 54 54 54 55 55 56 57 58 58 59 60 60 60 61 62 62 63 64 65 66 67 68 68 69 69 70 70 71 72 73 73 73 74 75 76 77 78 79 79 80 80 81 82 83 84 84 85 85 86 87 87 88 89 89 90 90 90
1 2 2 2 3 3 4 5 6 6 7 8 8 8 8 9 10 10 10 10 11 12 13 14 15 15 16 17 18 19 20 20 21 22 22 22 23 24 25 26 27 28 29 30 31 32 33 34 35 36 37 38 39 40 40 41 42 42 43 44 45 46 46 46 46 47 47 48 49 49 49 49 50 51 51 52 52 53 54 54 54 54 55 55 56 57 58 58 59 60 60 60 61 62 62 63 64 65 66 67 68 68 69 69 70 70 71 72 73 73 73 74 75 76 77 78 79 79 80 80 81 82 83 84 84 85 85 86 87 87 88 89 89 90 90 90
1 1 2 3 3 4 5 6 6 7 8 8 8 8 9 10 10 10 10 11 12 13 14 15 15 16 17 18 19 20 20 21 22 22 22 23 24 25 26 27 28 29 30 31 32 33 34 35 36 37 38 39 40 40 41 42 42 43 44 45 46 46 46 46 47 47 48 49 49 49 49 50 51 51 52 52 53 54 54 54 54 55 55 56 57 58 58 59 60 60 60 61 62 62 63 64 65 66 67 68 68 69 69 70 70 71 72 73 73 73 74 75 76 77 78 79 79 80 80 81 82 83 84 84 85 85 86 87 87 88 89 89 90 90 90
1 2 3 3 4 5 6 6 7 8 8 8 8 9 10 10 10 10 11 12 13 14 15 15 16 17 18 19 20 20 21 22 22 22 23 24 25 26 27 28 29 30 31 32 33 34 35 36 37 38 39 40 40 41 42 42 43 44 45 46 46 46 46 47 47 48 49 49 49 49 50 51 51 52 52 53 54 54 54 54 55 55 56 57 58 58 59 60 60 60 61 62 62 63 64 65 66 67 68 68 69 69 70 70 71 72 73 73 73 74 75 76 77 78 79 79 80 80 81 82 83 84 84 85 85 86 87 87 88 89 89 90 90 90
1 2 2 3 4 5 5 6 7 7 7 7 8 9 9 9 9 10 11 12 13 14 14 15 16 17 18 19 19 20 21 21 21 22 23 24 25 26 27 28 29 30 31 32 33 34 35 36 37 38 39 39 40 41 41 42 43 44 45 45 45 45 46 46 47 48 48 48 48 49 50 50 51 51 52 53 53 53 53 54 54 55 56 57 57 58 59 59 59 60 61 61 62 63 64 65 66 67 67 68 68 69 69 70 71 72 72 72 73 74 75 76 77 78 78 79 79 80 81 82 83 83 84 84 85 86 86 87 88 88 89 89 89
1 1 2 3 4 4 5 6 6 6 6 7 8 8 8 8 9 10 11 12 13 13 14 15 16 17 18 18 19 20 20 20 21 22 23 24 25 26 27 28 29 30 31 32 33 34 35 36 37 38 38 39 40 40 41 42 43 44 44 44 44 45 45 46 47 47 47 47 48 49 49 50 50 51 52 52 52 52 53 53 54 55 56 56 57 58 58 58 59 60 60 61 62 63 64 65 66 66 67 67 68 68 69 70 71 71 71 72 73 74 75 76 77 77 78 78 79 80 81 82 82 83 83 84 85 85 86 87 87 88 88 88
1 1 2 3 3 4 5 5 5 5 6 7 7 7 8 8 9 10 11 12 12 13 14 15 16 17 17 18 19 19 19 20 21 22 23 24 25 26 27 28 29 30 31 32 33 34 35 36 37 37 38 39 39 40 41 42 43 43 43 43 44 44 45 46 46 46 46 47 48 48 49 49 50 51 51 51 51 52 52 53 54 55 55 56 57 57 57 58 59 59 60 61 62 63 64 65 65 66 66 67 67 68 69 70 70 70 71 72 73 74 75 76 76 77 77 78 79 80 81 81 82 82 83 84 84 85 86 86 87 87 87
1 2 3 3 4 5 5 5 5 6 7 7 7 7 8 9 10 11 12 12 13 14 15 16 17 17 18 19 19 19 20 21 22 23 24 25 26 27 28 29 30 31 32 33 34 35 36 37 37 38 39 39 40 41 42 43 43 43 43 44 44 45 46 46 46 46 47 48 48 49 49 50 51 51 51 51 52 52 53 54 55 55 56 57 57 57 58 59 59 60 61 62 63 64 65 65 66 66 67 67 68 69 70 70 70 71 72 73 74 75 76 76 77 77 78 79 80 81 81 82 82 83 84 84 85 86 86 87 87 87
1 2 2 3 4 4 4 4 5 6 6 6 7 7 8 9 10 11 11 12 13 14 15 16 16 17 18 18 18 19 20 21 22 23 24 25 26 27 28 29 30 31 32 33 34 35 36 36 37 38 38 39 40 41 42 42 42 42 43 43 44 45 45 45 45 46 47 47 48 48 49 50 50 50 50 51 51 52 53 54 54 55 56 56 56 57 58 58 59 60 61 62 63 64 64 65 65 66 66 67 68 69 69 69 70 71 72 73 74 75 75 76 76 77 78 79 80 80 81 81 82 83 83 84 85 85 86 86 86
1 1 2 3 3 3 4 4 5 5 6 7 7 7 8 9 10 10 11 12 13 14 15 15 16 17 17 17 18 19 20 21 22 23 24 25 26 27 28 29 30 31 32 33 34 35 35 36 37 37 38 39 40 41 41 41 41 42 42 43 44 44 44 44 45 46 46 47 47 48 49 49 49 49 50 50 51 52 53 53 54 55 55 55 56 57 57 58 59 60 61 62 63 63 64 64 65 65 66 67 68 68 68 69 70 71 72 73 74 74 75 75 76 77 78 79 79 80 80 81 82 82 83 84 84 85 85 85
1 1 2 2 3 4 4 4 5 6 7 7 7 7 8 9 9 10 11 12 13 14 14 15 16 16 16 17 18 19 20 21 22 23 24 25 26 27 28 29 30 31 32 33 34 34 35 36 36 37 38 39 40 40 40 40 41 41 42 43 43 43 43 44 45 45 46 46 47 48 48 48 48 49 49 50 51 52 52 53 54 54 54 55 56 56 57 58 59 60 61 62 62 63 63 64 64 65 66 67 67 67 68 69 70 71 72 73 73 74 74 75 76 77 78 78 79 79 80 81 81 82 83 83 84 84 84
1 2 2 2 3 3 4 4 5 6 6 6 7 8 9 9 10 11 12 13 14 14 15 16 16 16 17 18 19 20 21 22 23 24 25 26 27 28 29 30 31 32 33 34 34 35 36 36 37 38 39 40 40 40 40 41 41 42 43 43 43 43 44 45 45 46 46 47 48 48 48 48 49 49 50 51 52 52 53 54 54 54 55 56 56 57 58 59 60 61 62 62 63 63 64 64 65 66 67 67 67 68 69 70 71 72 73 73 74 74 75 76 77 78 78 79 79 80 81 81 82 83 83 84 84 84
1 1 2 3 3 3 4 5 6 6 6 6 7 8 8 9 10 11 12 13 13 14 15 15 15 16 17 18 19 20 21 22 23 24 25 26 27 28 29 30 31 32 33 33 34 35 35 36 37 38 39 39 39 39 40 40 41 42 42 42 42 43 44 44 45 45 46 47 47 47 47 48 48 49 50 51 51 52 53 53 53 54 55 55 56 57 58 59 60 61 61 62 62 63 63 64 65 66 66 66 67 68 69 70 71 72 72 73 73 74 75 76 77 77 78 78 79 80 80 81 82 82 83 83 83
1 2 3 3 3 4 5 6 6 6 6 6 7 7 8 9 10 11 12 12 13 14 14 14 15 16 17 18 19 20 21 22 23 24 25 26 27 28 29 30 31 32 32 33 34 34 35 36 37 38 38 38 38 39 39 40 41 41 41 41 42 43 43 44 44 45 46 46 46 46 47 47 48 49 50 50 51 52 52 52 53 54 54 55 56 57 58 59 60 60 61 61 62 62 63 64 65 65 65 66 67 68 69 70 71 71 72 72 73 74 75 76 76 77 77 78 79 79 80 81 81 82 82 82
1 2 2 2 3 4 5 5 5 5 6 7 7 8 9 10 11 12 12 13 14 14 14 15 16 17 18 19 20 21 22 23 24 25 26 27 28 29 30 31 32 32 33 34 34 35 36 37 38 38 38 38 39 39 40 41 41 41 41 42 43 43 44 44 45 46 46 46 46 47 47 48 49 50 50 51 52 52 52 53 54 54 55 56 57 58 59 60 60 61 61 62 62 63 64 65 65 65 66 67 68 69 70 71 71 72 72 73 74 75 76 76 77 77 78 79 79 80 81 81 82 82 82
1 1 2 2 3 4 4 4 5 6 7 7 8 9 10 11 12 12 13 14 14 14 15 16 17 18 19 20 21 22 23 24 25 26 27 28 29 30 31 32 32 33 34 34 35 36 37 38 38 38 38 39 39 40 41 41 41 41 42 43 43 44 44 45 46 46 46 46 47 47 48 49 50 50 51 52 52 52 53 54 54 55 56 57 58 59 60 60 61 61 62 62 63 64 65 65 65 66 67 68 69 70 71 71 72 72 73 74 75 76 76 77 77 78 79 79 80 81 81 82 82 82
1 2 2 2 3 3 4 5 6 7 7 8 9 10 11 12 12 13 14 14 14 15 16 17 18 19 20 21 22 23 24 25 26 27 28 29 30 31 32 32 33 34 34 35 36 37 38 38 38 38 39 39 40 41 41 41 41 42 43 43 44 44 45 46 46 46 46 47 47 48 49 50 50 51 52 52 52 53 54 54 55 56 57 58 59 60 60 61 61 62 62 63 64 65 65 65 66 67 68 69 70 71 71 72 72 73 74 75 76 76 77 77 78 79 79 80 81 81 82 82 82
1 1 2 3 3 3 4 5 6 6 7 8 9 10 11 11 12 13 13 13 14 15 16 17 18 19 20 21 22 23 24 25 26 27 28 29 30 31 31 32 33 33 34 35 36 37 37 37 37 38 38 39 40 40 40 40 41 42 42 43 43 44 45 45 45 45 46 46 47 48 49 49 50 51 51 51 52 53 53 54 55 56 57 58 59 59 60 60 61 61 62 63 64 64 64 65 66 67 68 69 70 70 71 71 72 73 74 75 75 76 76 77 78 78 79 80 80 81 81 81
1 2 3 3 3 3 4 5 5 6 7 8 9 10 10 11 12 12 12 13 14 15 16 17 18 19 20 21 22 23 24 25 26 27 28 29 30 30 31 32 32 33 34 35 36 36 36 36 37 37 38 39 39 39 39 40 41 41 42 42 43 44 44 44 44 45 45 46 47 48 48 49 50 50 50 51 52 52 53 54 55 56 57 58 58 59 59 60 60 61 62 63 63 63 64 65 66 67 68 69 69 70 70 71 72 73 74 74 75 75 76 77 77 78 79 79 80 80 80
1 2 2 2 3 4 5 5 6 7 8 9 10 10 11 12 12 12 13 14 15 16 17 18 19 20 21 22 23 24 25 26 27 28 29 30 30 31 32 32 33 34 35 36 36 36 36 37 37 38 39 39 39 39 40 41 41 42 42 43 44 44 44 44 45 45 46 47 48 48 49 50 50 50 51 52 52 53 54 55 56 57 58 58 59 59 60 60 61 62 63 63 63 64 65 66 67 68 69 69 70 70 71 72 73 74 74 75 75 76 77 77 78 79 79 80 80 80
1 1 2 3 4 5 5 6 7 8 9 10 10 11 12 12 12 13 14 15 16 17 18 19 20 21 22 23 24 25 26 27 28 29 30 30 31 32 32 33 34 35 36 36 36 36 37 37 38 39 39 39 39 40 41 41 42 42 43 44 44 44 44 45 45 46 47 48 48 49 50 50 50 51 52 52 53 54 55 56 57 58 58 59 59 60 60 61 62 63 63 63 64 65 66 67 68 69 69 70 70 71 72 73 74 74 75 75 76 77 77 78 79 79 80 80 80
1 2 3 4 5 5 6 7 8 9 10 10 11 12 12 12 13 14 15 16 17 18 19 20 21 22 23 24 25 26 27 28 29 30 30 31 32 32 33 34 35 36 36 36 36 37 37 38 39 39 39 39 40 41 41 42 42 43 44 44 44 44 45 45 46 47 48 48 49 50 50 50 51 52 52 53 54 55 56 57 58 58 59 59 60 60 61 62 63 63 63 64 65 66 67 68 69 69 70 70 71 72 73 74 74 75 75 76 77 77 78 79 79 80 80 80
1 2 3 4 4 5 6 7 8 9 9 10 11 11 11 12 13 14 15 16 17 18 19 20 21 22 23 24 25 26 27 28 29 29 30 31 31 32 33 34 35 35 35 35 36 36 37 38 38 38 38 39 40 40 41 41 42 43 43 43 43 44 44 45 46 47 47 48 49 49 49 50 51 51 52 53 54 55 56 57 57 58 58 59 59 60 61 62 62 62 63 64 65 66 67 68 68 69 69 70 71 72 73 73 74 74 75 76 76 77 78 78 79 79 79
1 2 3 3 4 5 6 7 8 8 9 10 10 10 11 12 13 14 15 16 17 18 19 20 21 22 23 24 25 26 27 28 28 29 30 30 31 32 33 34 34 34 34 35 35 36 37 37 37 37 38 39 39 40 40 41 42 42 42 42 43 43 44 45 46 46 47 48 48 48 49 50 50 51 52 53 54 55 56 56 57 57 58 58 59 60 61 61 61 62 63 64 65 66 67 67 68 68 69 70 71 72 72 73 73 74 75 75 76 77 77 78 78 78
1 2 2 3 4 5 6 7 7 8 9 9 9 10 11 12 13 14 15 16 17 18 19 20 21 22 23 24 25 26 27 27 28 29 29 30 31 32 33 33 33 33 34 34 35 36 36 36 36 37 38 38 39 39 40 41 41 41 41 42 42 43 44 45 45 46 47 47 47 48 49 49 50 51 52 53 54 55 55 56 56 57 57 58 59 60 60 60 61 62 63 64 65 66 66 67 67 68 69 70 71 71 72 72 73 74 74 75 76 76 77 77 77
1 1 2 3 4 5 6 6 7 8 8 8 9 10 11 12 13 14 15 16 17 18 19 20 21 22 23 24 25 26 26 27 28 28 29 30 31 32 32 32 32 33 33 34 35 35 35 35 36 37 37 38 38 39 40 40 40 40 41 41 42 43 44 44 45 46 46 46 47 48 48 49 50 51 52 53 54 54 55 55 56 56 57 58 59 59 59 60 61 62 63 64 65 65 66 66 67 68 69 70 70 71 71 72 73 73 74 75 75 76 76 76
1 1 2 3 4 5 5 6 7 7 7 8 9 10 11 12 13 14 15 16 17 18 19 20 21 22 23 24 25 25 26 27 27 28 29 30 31 31 31 31 32 32 33 34 34 34 34 35 36 36 37 37 38 39 39 39 39 40 40 41 42 43 43 44 45 45 45 46 47 47 48 49 50 51 52 53 53 54 54 55 55 56 57 58 58 58 59 60 61 62 63 64 64 65 65 66 67 68 69 69 70 70 71 72 72 73 74 74 75 75 75
1 2 3 4 5 5 6 7 7 7 8 9 10 11 12 13 14 15 16 17 18 19 20 21 22 23 24 25 25 26 27 27 28 29 30 31 31 31 31 32 32 33 34 34 34 34 35 36 36 37 37 38 39 39 39 39 40 40 41 42 43 43 44 45 45 45 46 47 47 48 49 50 51 52 53 53 54 54 55 55 56 57 58 58 58 59 60 61 62 63 64 64 65 65 66 67 68 69 69 70 70 71 72 72 73 74 74 75 75 75
1 2 3 4 4 5 6 6 6 7 8 9 10 11 12 13 14 15 16 17 18 19 20 21 22 23 24 24 25 26 26 27 28 29 30 30 30 30 31 31 32 33 33 33 33 34 35 35 36 36 37 38 38 38 38 39 39 40 41 42 42 43 44 44 44 45 46 46 47 48 49 50 51 52 52 53 53 54 54 55 56 57 57 57 58 59 60 61 62 63 63 64 64 65 66 67 68 68 69 69 70 71 71 72 73 73 74 74 74
1 2 3 3 4 5 5 5 6 7 8 9 10 11 12 13 14 15 16 17 18 19 20 21 22 23 23 24 25 25 26 27 28 29 29 29 29 30 30 31 32 32 32 32 33 34 34 35 35 36 37 37 37 37 38 38 39 40 41 41 42 43 43 43 44 45 45 46 47 48 49 50 51 51 52 52 53 53 54 55 56 56 56 57 58 59 60 61 62 62 63 63 64 65 66 67 67 68 68 69 70 70 71 72 72 73 73 73
1 2 2 3 4 4 4 5 6 7 8 9 10 11 12 13 14 15 16 17 18 19 20 21 22 22 23 24 24 25 26 27 28 28 28 28 29 29 30 31 31 31 31 32 33 33 34 34 35 36 36 36 36 37 37 38 39 40 40 41 42 42 42 43 44 44 45 46 47 48 49 50 50 51 51 52 52 53 54 55 55 55 56 57 58 59 60 61 61 62 62 63 64 65 66 66 67 67 68 69 69 70 71 71 72 72 72
1 1 2 3 3 3 4 5 6 7 8 9 10 11 12 13 14 15 16 17 18 19 20 21 21 22 23 23 24 25 26 27 27 27 27 28 28 29 30 30 30 30 31 32 32 33 33 34 35 35 35 35 36 36 37 38 39 39 40 41 41 41 42 43 43 44 45 46 47 48 49 49 50 50 51 51 52 53 54 54 54 55 56 57 58 59 60 60 61 61 62 63 64 65 65 66 66 67 68 68 69 70 70 71 71 71
1 1 2 2 2 3 4 5 6 7 8 9 10 11 12 13 14 15 16 17 18 19 20 20 21 22 22 23 24 25 26 26 26 26 27 27 28 29 29 29 29 30 31 31 32 32 33 34 34 34 34 35 35 36 37 38 38 39 40 40 40 41 42 42 43 44 45 46 47 48 48 49 49 50 50 51 52 53 53 53 54 55 56 57 58 59 59 60 60 61 62 63 64 64 65 65 66 67 67 68 69 69 70 70 70
1 2 2 2 3 4 5 6 7 8 9 10 11 12 13 14 15 16 17 18 19 20 20 21 22 22 23 24 25 26 26 26 26 27 27 28 29 29 29 29 30 31 31 32 32 33 34 34 34 34 35 35 36 37 38 38 39 40 40 40 41 42 42 43 44 45 46 47 48 48 49 49 50 50 51 52 53 53 53 54 55 56 57 58 59 59 60 60 61 62 63 64 64 65 65 66 67 67 68 69 69 70 70 70
1 1 1 2 3 4 5 6 7 8 9 10 11 12 13 14 15 16 17 18 19 19 20 21 21 22 23 24 25 25 25 25 26 26 27 28 28 28 28 29 30 30 31 31 32 33 33 33 33 34 34 35 36 37 37 38 39 39 39 40 41 41 42 43 44 45 46 47 47 48 48 49 49 50 51 52 52 52 53 54 55 56 57 58 58 59 59 60 61 62 63 63 64 64 65 66 66 67 68 68 69 69 69
1 1 1 2 3 4 5 6 7 8 9 10 11 12 13 14 15 16 17 18 18 19 20 20 21 22 23 24 24 24 24 25 25 26 27 27 27 27 28 29 29 30 30 31 32 32 32 32 33 33 34 35 36 36 37 38 38 38 39 40 40 41 42 43 44 45 46 46 47 47 48 48 49 50 51 51 51 52 53 54 55 56 57 57 58 58 59 60 61 62 62 63 63 64 65 65 66 67 67 68 68 68
1 1 2 3 4 5 6 7 8 9 10 11 12 13 14 15 16 17 18 18 19 20 20 21 22 23 24 24 24 24 25 25 26 27 27 27 27 28 29 29 30 30 31 32 32 32 32 33 33 34 35 36 36 37 38 38 38 39 40 40 41 42 43 44 45 46 46 47 47 48 48 49 50 51 51 51 52 53 54 55 56 57 57 58 58 59 60 61 62 62 63 63 64 65 65 66 67 67 68 68 68
1 2 3 4 5 6 7 8 9 10 11 12 13 14 15 16 17 18 18 19 20 20 21 22 23 24 24 24 24 25 25 26 27 27 27 27 28 29 29 30 30 31 32 32 32 32 33 33 34 35 36 36 37 38 38 38 39 40 40 41 42 43 44 45 46 46 47 47 48 48 49 50 51 51 51 52 53 54 55 56 57 57 58 58 59 60 61 62 62 63 63 64 65 65 66 67 67 68 68 68
1 2 3 4 5 6 7 8 9 10 11 12 13 14 15 16 17 17 18 19 19 20 21 22 23 23 23 23 24 24 25 26 26 26 26 27 28 28 29 29 30 31 31 31 31 32 32 33 34 35 35 36 37 37 37 38 39 39 40 41 42 43 44 45 45 46 46 47 47 48 49 50 50 50 51 52 53 54 55 56 56 57 57 58 59 60 61 61 62 62 63 64 64 65 66 66 67 67 67
1 2 3 4 5 6 7 8 9 10 11 12 13 14 15 16 16 17 18 18 19 20 21 22 22 22 22 23 23 24 25 25 25 25 26 27 27 28 28 29 30 30 30 30 31 31 32 33 34 34 35 36 36 36 37 38 38 39 40 41 42 43 44 44 45 45 46 46 47 48 49 49 49 50 51 52 53 54 55 55 56 56 57 58 59 60 60 61 61 62 63 63 64 65 65 66 66 66
1 2 3 4 5 6 7 8 9 10 11 12 13 14 15 15 16 17 17 18 19 20 21 21 21 21 22 22 23 24 24 24 24 25 26 26 27 27 28 29 29 29 29 30 30 31 32 33 33 34 35 35 35 36 37 37 38 39 40 41 42 43 43 44 44 45 45 46 47 48 48 48 49 50 51 52 53 54 54 55 55 56 57 58 59 59 60 60 61 62 62 63 64 64 65 65 65
1 2 3 4 5 6 7 8 9 10 11 12 13 14 14 15 16 16 17 18 19 20 20 20 20 21 21 22 23 23 23 23 24 25 25 26 26 27 28 28 28 28 29 29 30 31 32 32 33 34 34 34 35 36 36 37 38 39 40 41 42 42 43 43 44 44 45 46 47 47 47 48 49 50 51 52 53 53 54 54 55 56 57 58 58 59 59 60 61 61 62 63 63 64 64 64
1 2 3 4 5 6 7 8 9 10 11 12 13 13 14 15 15 16 17 18 19 19 19 19 20 20 21 22 22 22 22 23 24 24 25 25 26 27 27 27 27 28 28 29 30 31 31 32 33 33 33 34 35 35 36 37 38 39 40 41 41 42 42 43 43 44 45 46 46 46 47 48 49 50 51 52 52 53 53 54 55 56 57 57 58 58 59 60 60 61 62 62 63 63 63
1 2 3 4 5 6 7 8 9 10 11 12 12 13 14 14 15 16 17 18 18 18 18 19 19 20 21 21 21 21 22 23 23 24 24 25 26 26 26 26 27 27 28 29 30 30 31 32 32 32 33 34 34 35 36 37 38 39 40 40 41 41 42 42 43 44 45 45 45 46 47 48 49 50 51 51 52 52 53 54 55 56 56 57 57 58 59 59 60 61 61 62 62 62
1 2 3 4 5 6 7 8 9 10 11 11 12 13 13 14 15 16 17 17 17 17 18 18 19 20 20 20 20 21 22 22 23 23 24 25 25 25 25 26 26 27 28 29 29 30 31 31 31 32 33 33 34 35 36 37 38 39 39 40 40 41 41 42 43 44 44 44 45 46 47 48 49 50 50 51 51 52 53 54 55 55 56 56 57 58 58 59 60 60 61 61 61
1 2 3 4 5 6 7 8 9 10 10 11 12 12 13 14 15 16 16 16 16 17 17 18 19 19 19 19 20 21 21 22 22 23 24 24 24 24 25 25 26 27 28 28 29 30 30 30 31 32 32 33 34 35 36 37 38 38 39 39 40 40 41 42 43 43 43 44 45 46 47 48 49 49 50 50 51 52 53 54 54 55 55 56 57 57 58 59 59 60 60 60
1 2 3 4 5 6 7 8 9 9 10 11 11 12 13 14 15 15 15 15 16 16 17 18 18 18 18 19 20 20 21 21 22 23 23 23 23 24 24 25 26 27 27 28 29 29 29 30 31 31 32 33 34 35 36 37 37 38 38 39 39 40 41 42 42 42 43 44 45 46 47 48 48 49 49 50 51 52 53 53 54 54 55 56 56 57 58 58 59 59 59
1 2 3 4 5 6 7 8 8 9 10 10 11 12 13 14 14 14 14 15 15 16 17 17 17 17 18 19 19 20 20 21 22 22 22 22 23 23 24 25 26 26 27 28 28 28 29 30 30 31 32 33 34 35 36 36 37 37 38 38 39 40 41 41 41 42 43 44 45 46 47 47 48 48 49 50 51 52 52 53 53 54 55 55 56 57 57 58 58 58
1 2 3 4 5 6 7 7 8 9 9 10 11 12 13 13 13 13 14 14 15 16 16 16 16 17 18 18 19 19 20 21 21 21 21 22 22 23 24 25 25 26 27 27 27 28 29 29 30 31 32 33 34 35 35 36 36 37 37 38 39 40 40 40 41 42 43 44 45 46 46 47 47 48 49 50 51 51 52 52 53 54 54 55 56 56 57 57 57
1 2 3 4 5 6 6 7 8 8 9 10 11 12 12 12 12 13 13 14 15 15 15 15 16 17 17 18 18 19 20 20 20 20 21 21 22 23 24 24 25 26 26 26 27 28 28 29 30 31 32 33 34 34 35 35 36 36 37 38 39 39 39 40 41 42 43 44 45 45 46 46 47 48 49 50 50 51 51 52 53 53 54 55 55 56 56 56
1 2 3 4 5 5 6 7 7 8 9 10 11 11 11 11 12 12 13 14 14 14 14 15 16 16 17 17 18 19 19 19 19 20 20 21 22 23 23 24 25 25 25 26 27 27 28 29 30 31 32 33 33 34 34 35 35 36 37 38 38 38 39 40 41 42 43 44 44 45 45 46 47 48 49 49 50 50 51 52 52 53 54 54 55 55 55
1 2 3 4 4 5 6 6 7 8 9 10 10 10 10 11 11 12 13 13 13 13 14 15 15 16 16 17 18 18 18 18 19 19 20 21 22 22 23 24 24 24 25 26 26 27 28 29 30 31 32 32 33 33 34 34 35 36 37 37 37 38 39 40 41 42 43 43 44 44 45 46 47 48 48 49 49 50 51 51 52 53 53 54 54 54
1 2 3 3 4 5 5 6 7 8 9 9 9 9 10 10 11 12 12 12 12 13 14 14 15 15 16 17 17 17 17 18 18 19 20 21 21 22 23 23 23 24 25 25 26 27 28 29 30 31 31 32 32 33 33 34 35 36 36 36 37 38 39 40 41 42 42 43 43 44 45 46 47 47 48 48 49 50 50 51 52 52 53 53 53
1 2 2 3 4 4 5 6 7 8 8 8 8 9 9 10 11 11 11 11 12 13 13 14 14 15 16 16 16 16 17 17 18 19 20 20 21 22 22 22 23 24 24 25 26 27 28 29 30 30 31 31 32 32 33 34 35 35 35 36 37 38 39 40 41 41 42 42 43 44 45 46 46 47 47 48 49 49 50 51 51 52 52 52
1 1 2 3 3 4 5 6 7 7 7 7 8 8 9 10 10 10 10 11 12 12 13 13 14 15 15 15 15 16 16 17 18 19 19 20 21 21 21 22 23 23 24 25 26 27 28 29 29 30 30 31 31 32 33 34 34 34 35 36 37 38 39 40 40 41 41 42 43 44 45 45 46 46 47 48 48 49 50 50 51 51 51
1 1 2 2 3 4 5 6 6 6 6 7 7 8 9 9 9 9 10 11 11 12 12 13 14 14 14 14 15 15 16 17 18 18 19 20 20 20 21 22 22 23 24 25 26 27 28 28 29 29 30 30 31 32 33 33 33 34 35 36 37 38 39 39 40 40 41 42 43 44 44 45 45 46 47 47 48 49 49 50 50 50
1 2 2 3 4 5 6 6 6 6 7 7 8 9 9 9 9 10 11 11 12 12 13 14 14 14 14 15 15 16 17 18 18 19 20 20 20 21 22 22 23 24 25 26 27 28 28 29 29 30 30 31 32 33 33 33 34 35 36 37 38 39 39 40 40 41 42 43 44 44 45 45 46 47 47 48 49 49 50 50 50
1 1 2 3 4 5 5 5 5 6 6 7 8 8 8 8 9 10 10 11 11 12 13 13 13 13 14 14 15 16 17 17 18 19 19 19 20 21 21 22 23 24 25 26 27 27 28 28 29 29 30 31 32 32 32 33 34 35 36 37 38 38 39 39 40 41 42 43 43 44 44 45 46 46 47 48 48 49 49 49
1 1 2 3 4 4 4 4 5 5 6 7 7 7 7 8 9 9 10 10 11 12 12 12 12 13 13 14 15 16 16 17 18 18 18 19 20 20 21 22 23 24 25 26 26 27 27 28 28 29 30 31 31 31 32 33 34 35 36 37 37 38 38 39 40 41 42 42 43 43 44 45 45 46 47 47 48 48 48
1 2 3 4 4 4 4 5 5 6 7 7 7 7 8 9 9 10 10 11 12 12 12 12 13 13 14 15 16 16 17 18 18 18 19 20 20 21 22 23 24 25 26 26 27 27 28 28 29 30 31 31 31 32 33 34 35 36 37 37 38 38 39 40 41 42 42 43 43 44 45 45 46 47 47 48 48 48
1 2 3 3 3 3 4 4 5 6 6 6 6 7 8 8 9 9 10 11 11 11 11 12 12 13 14 15 15 16 17 17 17 18 19 19 20 21 22 23 24 25 25 26 26 27 27 28 29 30 30 30 31 32 33 34 35 36 36 37 37 38 39 40 41 41 42 42 43 44 44 45 46 46 47 47 47
1 2 2 2 3 3 4 4 5 5 5 6 6 7 7 8 8 9 10 10 10 10 11 11 12 13 14 14 15 16 16 16 17 18 18 19 20 21 22 23 24 24 25 25 26 26 27 28 29 29 29 30 31 32 33 34 35 35 36 36 37 38 39 40 40 41 41 42 43 43 44 45 45 46 46 46
1 1 2 3 3 4 4 4 5 5 6 6 6 6 7 7 8 9 9 9 10 10 10 11 12 13 13 14 15 15 15 16 17 17 18 19 20 21 22 23 23 24 24 25 25 26 27 28 28 28 29 30 31 32 33 34 34 35 35 36 37 38 39 39 40 40 41 42 42 43 44 44 45 45 45
1 2 3 3 4 4 4 5 5 6 6 6 6 6 7 7 8 8 9 10 10 10 10 11 12 12 13 14 14 14 15 16 16 17 18 19 20 21 22 22 23 23 24 24 25 26 27 27 27 28 29 30 31 32 33 33 34 34 35 36 37 38 38 39 39 40 41 41 42 43 43 44 44 44
1 2 2 3 3 3 4 4 5 5 5 5 6 6 7 8 8 8 9 9 9 10 11 12 12 13 14 14 14 15 16 16 17 18 19 20 21 22 22 23 23 24 24 25 26 27 27 27 28 29 30 31 32 33 33 34 34 35 36 37 38 38 39 39 40 41 41 42 43 43 44 44 44
1 1 2 2 3 3 3 4 4 5 5 6 6 7 8 8 8 8 9 9 10 11 12 12 13 14 14 14 15 16 16 17 18 19 20 21 22 22 23 23 24 24 25 26 27 27 27 28 29 30 31 32 33 33 34 34 35 36 37 38 38 39 39 40 41 41 42 43 43 44 44 44
1 1 2 3 3 3 3 4 5 5 6 6 7 8 8 8 8 9 9 10 11 12 12 13 14 14 14 15 16 16 17 18 19 20 21 22 22 23 23 24 24 25 26 27 27 27 28 29 30 31 32 33 33 34 34 35 36 37 38 38 39 39 40 41 41 42 43 43 44 44 44
1 1 2 2 2 3 3 4 4 5 5 6 7 7 7 7 8 8 9 10 11 11 12 13 13 13 14 15 15 16 17 18 19 20 21 21 22 22 23 23 24 25 26 26 26 27 28 29 30 31 32 32 33 33 34 35 36 37 37 38 38 39 40 40 41 42 42 43 43 43
1 2 2 2 2 3 4 4 5 5 6 7 7 7 7 8 8 9 10 11 11 12 13 13 13 14 15 15 16 17 18 19 20 21 21 22 22 23 23 24 25 26 26 26 27 28 29 30 31 32 32 33 33 34 35 36 37 37 38 38 39 40 40 41 42 42 43 43 43
1 1 1 2 2 3 3 4 4 5 6 6 6 6 7 7 8 9 10 10 11 12 12 12 13 14 14 15 16 17 18 19 20 20 21 21 22 22 23 24 25 25 25 26 27 28 29 30 31 31 32 32 33 34 35 36 36 37 37 38 39 39 40 41 41 42 42 42
1 1 2 2 2 2 3 3 4 5 5 5 6 6 6 7 8 9 9 10 11 11 11 12 13 13 14 15 16 17 18 19 19 20 20 21 21 22 23 24 24 24 25 26 27 28 29 30 30 31 31 32 33 34 35 35 36 36 37 38 38 39 40 40 41 41 41
1 1 1 2 2 3 3 4 5 5 5 5 6 6 7 8 9 9 10 11 11 11 12 13 13 14 15 16 17 18 19 19 20 20 21 21 22 23 24 24 24 25 26 27 28 29 30 30 31 31 32 33 34 35 35 36 36 37 38 38 39 40 40 41 41 41
1 1 2 2 3 3 4 5 5 5 5 6 6 7 8 9 9 10 11 11 11 12 13 13 14 15 16 17 18 19 19 20 20 21 21 22 23 24 24 24 25 26 27 28 29 30 30 31 31 32 33 34 35 35 36 36 37 38 38 39 40 40 41 41 41
1 2 2 3 3 4 5 5 5 5 6 6 7 8 9 9 10 11 11 11 12 13 13 14 15 16 17 18 19 19 20 20 21 21 22 23 24 24 24 25 26 27 28 29 30 30 31 31 32 33 34 35 35 36 36 37 38 38 39 40 40 41 41 41
1 1 2 2 3 4 4 4 4 5 5 6 7 8 8 9 10 10 10 11 12 12 13 14 15 16 17 18 18 19 19 20 20 21 22 23 23 23 24 25 26 27 28 29 29 30 30 31 32 33 34 34 35 35 36 37 37 38 39 39 40 40 40
1 1 1 2 3 3 3 4 4 4 5 6 7 7 8 9 9 9 10 11 11 12 13 14 15 16 17 17 18 18 19 19 20 21 22 22 22 23 24 25 26 27 28 28 29 29 30 31 32 33 33 34 34 35 36 36 37 38 38 39 39 39
1 1 2 3 3 3 4 4 4 5 6 7 7 8 9 9 9 10 11 11 12 13 14 15 16 17 17 18 18 19 19 20 21 22 22 22 23 24 25 26 27 28 28 29 29 30 31 32 33 33 34 34 35 36 36 37 38 38 39 39 39
1 1 2 2 3 4 4 4 4 5 6 6 7 8 8 8 9 10 10 11 12 13 14 15 16 16 17 17 18 18 19 20 21 21 21 22 23 24 25 26 27 27 28 28 29 30 31 32 32 33 33 34 35 35 36 37 37 38 38 38
1 2 2 2 3 3 3 4 5 6 6 7 8 8 8 9 10 10 11 12 13 14 15 16 16 17 17 18 18 19 20 21 21 21 22 23 24 25 26 27 27 28 28 29 30 31 32 32 33 33 34 35 35 36 37 37 38 38 38
1 1 2 3 3 3 3 4 5 5 6 7 7 7 8 9 9 10 11 12 13 14 15 15 16 16 17 17 18 19 20 20 20 21 22 23 24 25 26 26 27 27 28 29 30 31 31 32 32 33 34 34 35 36 36 37 37 37
1 2 3 3 3 3 3 4 4 5 6 6 6 7 8 8 9 10 11 12 13 14 14 15 15 16 16 17 18 19 19 19 20 21 22 23 24 25 25 26 26 27 28 29 30 30 31 31 32 33 33 34 35 35 36 36 36
1 2 2 2 2 3 4 4 5 6 6 6 7 8 8 9 10 11 12 13 14 14 15 15 16 16 17 18 19 19 19 20 21 22 23 24 25 25 26 26 27 28 29 30 30 31 31 32 33 33 34 35 35 36 36 36
1 1 1 2 3 4 4 5 6 6 6 7 8 8 9 10 11 12 13 14 14 15 15 16 16 17 18 19 19 19 20 21 22 23 24 25 25 26 26 27 28 29 30 30 31 31 32 33 33 34 35 35 36 36 36
1 1 2 3 4 4 5 6 6 6 7 8 8 9 10 11 12 13 14 14 15 15 16 16 17 18 19 19 19 20 21 22 23 24 25 25 26 26 27 28 29 30 30 31 31 32 33 33 34 35 35 36 36 36
1 1 2 3 3 4 5 5 5 6 7 7 8 9 10 11 12 13 13 14 14 15 15 16 17 18 18 18 19 20 21 22 23 24 24 25 25 26 27 28 29 29 30 30 31 32 32 33 34 34 35 35 35
1 2 3 3 4 5 5 5 6 7 7 8 9 10 11 12 13 13 14 14 15 15 16 17 18 18 18 19 20 21 22 23 24 24 25 25 26 27 28 29 29 30 30 31 32 32 33 34 34 35 35 35
1 2 2 3 4 4 4 5 6 6 7 8 9 10 11 12 12 13 13 14 14 15 16 17 17 17 18 19 20 21 22 23 23 24 24 25 26 27 28 28 29 29 30 31 31 32 33 33 34 34 34
1 1 2 3 3 3 4 5 5 6 7 8 9 10 11 11 12 12 13 13 14 15 16 16 16 17 18 19 20 21 22 22 23 23 24 25 26 27 27 28 28 29 30 30 31 32 32 33 33 33
1 1 2 2 2 3 4 4 5 6 7 8 9 10 10 11 11 12 12 13 14 15 15 15 16 17 18 19 20 21 21 22 22 23 24 25 26 26 27 27 28 29 29 30 31 31 32 32 32
1 2 2 2 3 4 4 5 6 7 8 9 10 10 11 11 12 12 13 14 15 15 15 16 17 18 19 20 21 21 22 22 23 24 25 26 26 27 27 28 29 29 30 31 31 32 32 32
1 1 1 2 3 3 4 5 6 7 8 9 9 10 10 11 11 12 13 14 14 14 15 16 17 18 19 20 20 21 21 22 23 24 25 25 26 26 27 28 28 29 30 30 31 31 31
1 1 1 2 2 3 4 5 6 7 8 8 9 9 10 10 11 12 13 13 13 14 15 16 17 18 19 19 20 20 21 22 23 24 24 25 25 26 27 27 28 29 29 30 30 30
1 1 2 2 3 4 5 6 7 8 8 9 9 10 10 11 12 13 13 13 14 15 16 17 18 19 19 20 20 21 22 23 24 24 25 25 26 27 27 28 29 29 30 30 30
1 2 2 3 4 5 6 7 8 8 9 9 10 10 11 12 13 13 13 14 15 16 17 18 19 19 20 20 21 22 23 24 24 25 25 26 27 27 28 29 29 30 30 30
1 1 2 3 4 5 6 7 7 8 8 9 9 10 11 12 12 12 13 14 15 16 17 18 18 19 19 20 21 22 23 23 24 24 25 26 26 27 28 28 29 29 29
1 1 2 3 4 5 6 6 7 7 8 8 9 10 11 11 11 12 13 14 15 16 17 17 18 18 19 20 21 22 22 23 23 24 25 25 26 27 27 28 28 28
1 2 3 4 5 6 6 7 7 8 8 9 10 11 11 11 12 13 14 15 16 17 17 18 18 19 20 21 22 22 23 23 24 25 25 26 27 27 28 28 28
1 2 3 4 5 5 6 6 7 7 8 9 10 10 10 11 12 13 14 15 16 16 17 17 18 19 20 21 21 22 22 23 24 24 25 26 26 27 27 27
1 2 3 4 4 5 5 6 6 7 8 9 9 9 10 11 12 13 14 15 15 16 16 17 18 19 20 20 21 21 22 23 23 24 25 25 26 26 26
1 2 3 3 4 4 5 5 6 7 8 8 8 9 10 11 12 13 14 14 15 15 16 17 18 19 19 20 20 21 22 22 23 24 24 25 25 25
1 2 2 3 3 4 4 5 6 7 7 7 8 9 10 11 12 13 13 14 14 15 16 17 18 18 19 19 20 21 21 22 23 23 24 24 24
1 1 2 2 3 3 4 5 6 6 6 7 8 9 10 11 12 12 13 13 14 15 16 17 17 18 18 19 20 20 21 22 22 23 23 23
1 1 2 2 3 3 4 5 5 5 6 7 8 9 10 11 11 12 12 13 14 15 16 16 17 17 18 19 19 20 21 21 22 22 22
1 1 2 2 3 4 5 5 5 6 7 8 9 10 11 11 12 12 13 14 15 16 16 17 17 18 19 19 20 21 21 22 22 22
1 1 2 2 3 4 4 4 5 6 7 8 9 10 10 11 11 12 13 14 15 15 16 16 17 18 18 19 20 20 21 21 21
1 1 2 3 4 4 4 5 6 7 8 9 10 10 11 11 12 13 14 15 15 16 16 17 18 18 19 20 20 21 21 21
1 1 2 3 3 3 4 5 6 7 8 9 9 10 10 11 12 13 14 14 15 15 16 17 17 18 19 19 20 20 20
1 2 3 3 3 4 5 6 7 8 9 9 10 10 11 12 13 14 14 15 15 16 17 17 18 19 19 20 20 20
1 2 2 2 3 4 5 6 7 8 8 9 9 10 11 12 13 13 14 14 15 16 16 17 18 18 19 19 19
1 1 2 2 3 4 5 6 7 7 8 8 9 10 11 12 12 13 13 14 15 15 16 17 17 18 18 18
1 2 2 2 3 4 5 6 6 7 7 8 9 10 11 11 12 12 13 14 14 15 16 16 17 17 17
1 1 2 3 4 5 6 6 7 7 8 9 10 11 11 12 12 13 14 14 15 16 16 17 17 17
1 2 3 4 5 6 6 7 7 8 9 10 11 11 12 12 13 14 14 15 16 16 17 17 17
1 2 3 4 5 5 6 6 7 8 9 10 10 11 11 12 13 13 14 15 15 16 16 16
1 2 3 4 4 5 5 6 7 8 9 9 10 10 11 12 12 13 14 14 15 15 15
1 2 3 3 4 4 5 6 7 8 8 9 9 10 11 11 12 13 13 14 14 14
1 2 2 3 3 4 5 6 7 7 8 8 9 10 10 11 12 12 13 13 13
1 1 2 2 3 4 5 6 6 7 7 8 9 9 10 11 11 12 12 12
1 1 2 2 3 4 5 5 6 6 7 8 8 9 10 10 11 11 11
1 1 2 3 4 5 5 6 6 7 8 8 9 10 10 11 11 11
1 1 2 3 4 4 5 5 6 7 7 8 9 9 10 10 10
1 2 3 4 4 5 5 6 7 7 8 9 9 10 10 10
1 2 3 3 4 4 5 6 6 7 8 8 9 9 9
1 2 2 3 3 4 5 5 6 7 7 8 8 8
1 1 2 2 3 4 4 5 6 6 7 7 7
1 1 2 2 3 3 4 5 5 6 6 6
1 1 2 3 3 4 5 5 6 6 6
1 1 2 2 3 4 4 5 5 5
1 2 2 3 4 4 5 5 5
1 1 2 3 3 4 4 4
1 1 2 2 3 3 4
1 2 2 3 3 3
1 1 2 2 3
1 1 2 3
1 1 2
1 2
1
