1
4999 4999
2104 483 4387
3020 3293 3927
1534 3623 4154
821 4167 1693
720 4356 3254
3843 2365 2519
1564 2029 1895
2499 1446 2270
1013 2202 4672
685 2460 2207
999 4208 891
1496 177 1276
3837 2681 475
3859 2031 3367
1610 693 3693
4516 3540 1183
347 1626 956
3584 3274 3226
2309 3511 466
4763 4782 1291
2998 782 367
4814 2375 1198
3342 1832 4797
4405 272 849
4997 1482 432
3608 538 3995
3552 3750 702
2543 3055 3340
2304 4357 4004
3697 1300 2369
3172 1891 170
1546 2017 2393
445 378 370
2388 3306 1142
2208 4173 17
941 3512 2677
4508 1483 4876
3688 1381 4696
2248 4378 2555
3879 2987 50
556 2971 3048
1444 1075 4150
1883 4670 3723
3299 1512 3867
1997 4341 4535
1687 1503 2080
2170 3488 159
3672 4318 4177
1359 4025 447
2719 4083 357
2745 4390 391
3961 3598 4536
1822 4586 4717
2243 3675 508
2429 355 4655
3008 2762 2648
367 2457 3233
4313 1581 1982
531 214 4862
2895 1006 4602
1829 2087 2059
2571 3194 705
4166 2269 4935
3733 182 3521
4885 2355 1091
825 789 967
4337 2703 3756
276 3132 1697
2416 4089 2793
4041 1853 1934
159 1297 1322
542 781 2334
3119 2529 792
2921 4064 4807
1194 4029 2985
2079 3679 654
2503 4924 1441
1717 1048 310
31 2801 1758
1000 925 3827
1844 4391 1810
3653 3731 4913
2488 4068 4935
517 4571 3178
2239 1178 1288
208 4145 3979
1764 3199 1822
2 4152 539
2520 2978 372
161 2296 2155
1212 2634 2174
3673 2180 35
1473 1756 3252
414 4682 4530
481 1709 4443
4944 4998 4723
1176 4021 1854
716 2842 1519
4645 4510 2408
2657 4959 779
2397 1140 4940
1884 4823 1828
4037 1287 4547
4312 4224 3215
3077 2928 2000
863 101 3706
4392 3976 892
1934 808 3822
4358 3180 1307
3708 1854 2681
1223 3088 365
193 2652 1932
822 4112 4890
2255 2165 1862
3085 375 4791
4924 1303 306
204 674 2253
4370 1997 527
413 2185 1280
2106 4798 1043
1114 2829 4355
3411 4373 2174
2319 1134 2321
1865 1318 1435
3476 287 2578
121 2441 1796
4260 4180 1796
4046 3581 4562
2096 2123 4899
1178 4969 2965
418 327 875
470 3379 220
1794 1953 3995
4889 1759 4916
2421 2855 1675
3791 3667 520
1085 6 2962
3386 886 3512
4659 3532 4452
737 4051 4554
1521 3231 2601
3568 4205 3217
1731 1599 4455
4607 1415 4806
2840 2423 1426
3144 2857 3563
1575 3867 4488
1440 329 1226
2959 821 4891
1533 58 4430
2640 4090 3040
2894 2981 824
1190 3554 1916
3995 3353 4514
4559 866 2459
4414 1941 478
4279 642 3981
1977 315 836
1273 2038 4178
4531 1089 754
1544 4989 4396
1031 1212 1924
1037 1465 1778
2219 662 1130
2580 3789 2142
1526 4796 4022
2858 2780 4789
738 2389 356
2367 2417 2983
4759 4868 2406
3979 3073 2103
4502 3196 4663
684 743 1804
4038 3048 2324
3022 3315 3175
2951 4643 1093
3677 3501 4167
791 2449 4321
3102 4872 4967
857 675 2108
344 1515 2412
2041 4777 2275
940 4117 1317
1813 622 894
4200 4020 1998
3543 14 2154
471 4347 3754
4456 84 71
2162 3078 4852
4128 2635 1466
4620 3558 59
293 597 1869
3462 2058 2812
1008 812 3177
864 3723 1477
3 194 3443
428 2612 567
1372 3128 3059
2785 2451 599
4821 1139 3566
3225 2787 4037
796 320 4320
4099 3314 2831
2179 3371 3485
644 2852 1175
2419 3269 1561
1766 4584 2452
1708 1871 2382
861 2344 1957
234 977 1732
1460 4125 4866
315 3397 814
739 1972 8
4813 1624 4987
3351 3859 2267
485 4126 3538
3257 2107 1001
3890 4677 2381
4690 2174 2598
554 1228 4376
4953 4900 146
2567 4137 4035
3524 4332 1084
1857 4212 1496
2706 790 4318
4616 3855 1986
410 1589 682
2134 1935 4404
3932 4752 4289
2343 1857 4156
396 4787 968
3709 174 3233
4922 103 1464
2110 771 3581
2201 4776 1392
4239 1487 4389
156 513 764
4811 3748 3415
378 530 802
985 4688 541
2032 1557 1201
594 4657 1682
2293 34 4496
3277 3940 1791
2591 3587 1950
4192 4004 4941
2316 4242 4696
4546 3460 2796
2617 1885 1108
1060 2671 4022
4657 811 492
1932 1602 1709
3170 4345 1400
4463 4300 1764
1007 1841 1273
2594 2806 3872
2153 3292 2675
4785 3463 3395
3517 1469 599
3152 4075 3285
1591 160 2755
1390 4568 844
310 1067 4674
1654 4541 3265
217 4871 4366
3739 1748 4802
1307 1274 280
781 1176 2462
1323 4879 2978
4450 3638 2924
1933 268 1245
3554 2209 1724
1939 437 1775
1336 4372 4781
1613 410 3134
957 164 1321
3120 3335 4512
3839 4461 3388
710 950 3676
2500 1073 3941
639 3294 9
1086 882 396
4830 2382 4969
1320 1265 2034
2220 3161 3830
2756 765 1101
4114 4767 585
2431 1755 1963
2550 832 1749
3795 1051 1817
653 1479 1651
3662 3768 1978
622 2569 791
2275 831 1957
4294 2942 2591
2815 2458 2041
2216 4667 2016
2905 923 4973
729 4769 1719
929 4501 4495
2095 525 2301
4642 2889 998
3217 2689 506
415 1110 19
2748 2559 4432
1862 3204 4002
3639 4444 1698
2999 3327 818
4274 326 2792
4190 2866 4436
2383 599 4759
1010 2300 2122
1985 4169 2780
4801 2571 1576
467 588 3727
4625 3900 3521
3781 2171 4105
2671 3889 3968
548 1100 1789
3088 369 489
4917 2931 4223
2632 3235 3750
516 1890 2573
1411 3266 3680
4973 1566 4899
4311 2504 4856
62 4765 2705
1887 4907 1376
562 418 2571
3112 1647 3498
1322 4364 1307
4818 2381 420
2818 2933 1288
3292 1405 1653
1734 3542 305
4381 274 1453
1826 1844 458
4194 3394 332
970 2808 3089
4345 991 2120
3181 1270 4688
440 435 3680
3084 2511 2576
61 4972 3920
4654 1714 3552
3694 1396 1371
4245 4348 1029
2903 695 238
687 2909 1270
1203 770 4320
1210 3447 3061
1263 1496 33
313 4334 1049
1888 4790 3709
292 4093 2244
4605 269 3744
3356 3439 740
4473 1779 2949
2285 994 3792
533 2567 3606
4290 1717 2455
3561 4741 1326
184 1773 712
1317 2745 714
4706 2118 27
287 2576 3089
4320 3784 1879
3474 730 3528
4798 2461 2097
3394 1263 1267
4640 3489 3270
2377 1967 1856
1506 4295 544
3148 2130 3496
4558 2566 4040
3564 1305 2018
2934 2403 3911
2016 4739 1685
3098 3618 4841
1574 3824 3540
2501 2862 133
3882 3507 1471
3698 3661 4408
4265 1077 285
4441 4809 910
2493 2722 338
4073 4387 470
4459 4889 4919
3413 4734 3775
2939 2783 667
1449 3155 2465
3145 2248 1748
4890 3424 2651
1028 389 137
4172 4557 3519
2734 4420 2543
1879 2487 473
4062 4982 3451
1799 1200 890
2696 3777 700
2733 3396 2940
4505 3134 2715
518 4349 1333
2230 3713 924
1335 2065 1541
1559 1271 4849
3475 1338 184
1453 1087 4405
2764 469 3533
119 2432 2198
2184 1945 306
386 1892 1678
69 657 2627
3185 2969 4259
4960 2007 3852
4445 4221 3964
4936 4432 2021
2938 816 3780
3140 1590 1470
2675 2734 1262
797 184 3436
239 2146 4697
2193 2841 4646
1313 362 3966
2484 397 56
10 2337 1616
2405 4307 3085
4728 2098 863
3314 623 2001
4615 3246 2622
773 2997 2839
2800 2491 291
3359 1976 3630
2267 4163 1004
1596 2915 3322
1302 1050 3569
282 1125 4015
4229 3875 581
1894 2009 2665
2029 3230 3703
884 4997 2401
3189 1218 1154
2952 2557 391
1046 2921 492
4934 2860 2150
3504 2946 3933
4199 1502 894
2566 1955 2387
205 2918 2191
2891 1849 3097
4461 1740 1028
1391 2318 925
4436 1243 3791
2052 2483 790
4102 4622 3802
128 183 22
3556 395 4200
696 4837 453
395 4127 2482
1961 3119 2940
4575 324 2989
1595 2010 681
3600 3203 3005
925 3167 2208
4950 614 3755
2729 1927 3512
4051 3215 4527
530 4961 587
316 4715 1501
267 4 3813
2694 2364 1769
425 3313 4751
306 2858 4896
1150 2900 3292
280 2878 3858
1094 4524 979
3010 4567 4729
2458 2294 4313
2787 1693 151
2993 4233 1688
2040 2211 2999
3423 1298 152
1760 4139 4724
3048 3653 3057
3573 4067 3786
4561 2120 3389
2616 972 2338
2296 826 3235
3147 3271 986
1 4411 4839
252 2863 2930
4291 1923 4501
3770 2543 948
1122 3067 4136
1026 2358 2229
1262 142 4948
186 3856 2722
3918 3601 1999
4440 551 758
4636 4792 75
615 660 2381
1257 4738 1833
4789 4468 3625
458 3015 3597
2598 4530 1894
3745 1802 4647
4978 2580 877
4996 2943 1701
2437 688 2602
3945 432 2267
82 565 4809
337 2721 204
2213 3563 3406
4032 3836 3679
4233 2481 3530
1738 1816 1902
2820 138 4716
2973 3586 3873
2906 1309 1997
4299 3208 3787
3304 578 2396
1163 4337 2182
1811 4175 4409
3532 3992 4702
4550 1008 1109
1697 1156 2480
630 824 935
3080 2073 2094
3741 879 1060
1624 321 4985
330 3931 3356
2782 1448 4993
546 1785 3134
1732 2278 4619
586 859 1555
2086 228 3532
3705 498 4673
4661 4265 551
2050 4754 103
4565 627 4590
3104 4072 1900
4052 2415 2948
1802 4413 1855
676 3593 2376
1663 3548 129
4203 969 2305
1201 4536 293
1343 2719 4570
858 3928 4557
609 3415 1825
2402 4478 2564
2796 417 4308
1905 2045 249
3007 1369 3197
3644 2186 2166
490 4559 3005
1547 567 2209
1385 1409 4956
3571 2755 162
2224 1332 2255
4430 394 2831
2426 3674 3903
3221 3159 4617
3717 4286 4721
1078 3738 3246
2472 31 1503
3880 3381 1693
3816 732 4943
3841 4631 1659
3387 4646 2667
4734 2907 4262
1326 2760 3072
3762 4937 548
2610 4758 3356
4941 109 1706
3852 4929 1620
513 1026 102
274 3846 421
3967 331 1460
3696 1145 437
4602 3262 4456
385 2080 4632
3541 661 2030
4249 2223 1708
4068 3094 2660
2958 4690 4512
3243 2726 4262
1935 1587 2470
4846 3897 917
1823 4479 4096
3275 4285 3560
3328 1058 1936
3617 2241 621
4782 1541 4286
2491 1209 2810
4213 1059 2433
2121 4292 2954
3151 2935 1311
4523 1584 4251
2335 4012 1392
843 1961 2073
4421 1439 4242
4317 3868 4454
1252 4214 1714
733 669 4482
4427 1450 3454
3746 2106 1395
4634 4619 2008
2662 4379 2400
138 3831 3130
478 3782 961
1680 4663 2754
4646 1072 2649
2043 502 364
2698 81 970
3503 98 3618
3595 2610 1314
883 2434 2579
113 2285 1769
3661 1070 3963
2322 916 3581
1579 1536 1337
2581 4338 2626
4097 4730 3089
2058 4054 3523
4267 3755 804
3190 4897 3624
4081 3260 2704
2445 4648 3243
2022 4762 3020
3279 1880 2202
4668 2207 4906
1267 4406 1013
1052 1881 3807
4670 2392 4110
2424 3074 1066
698 3109 1956
4151 1424 3729
4501 2140 2561
2338 4289 4565
4183 1112 123
179 4160 134
2298 1591 3641
1148 4850 2111
3264 2345 2875
135 1141 2918
3744 3995 3071
1214 1016 3292
4912 4466 4934
3587 3879 2894
616 423 1396
2940 3644 1920
1408 2452 304
2013 927 4731
599 753 182
2980 3005 882
3676 1763 390
3711 1104 1099
4277 864 829
3016 903 876
4116 945 2062
2042 1864 3234
1420 1815 3357
4872 4255 2270
3031 3018 935
4894 2134 1812
2813 2945 4560
768 1296 3623
2071 3610 204
2711 67 4605
3065 797 225
4981 2688 677
2725 2049 2550
4995 3198 590
100 279 2420
449 4336 1365
707 4329 3843
945 1518 4928
1288 3382 3202
2833 4816 3724
1332 2385 3159
2167 1645 1523
4272 1196 568
4007 2872 1913
3358 1042 1161
4835 3531 2384
1414 3546 101
4729 3828 1670
2355 3449 4543
1849 4503 3733
3435 2715 2475
4091 132 4503
4748 75 2464
1363 151 4411
2859 3430 2579
349 1936 2367
3438 2114 1376
1452 3423 4177
2385 1400 3290
4930 2546 515
4216 126 3000
2655 761 1098
3851 1186 1990
4251 4729 3493
2524 1544 1542
375 2629 1951
488 4630 2909
3823 2938 847
3383 4481 4347
4906 2825 839
724 2122 2591
2614 79 2287
190 3575 2493
4647 514 3213
4965 2794 3522
3789 439 2168
950 1697 3613
3229 1172 1049
2334 970 4714
4147 1470 1839
2349 4065 4895
4540 4313 3184
4794 4383 1423
2395 1777 4677
4123 4047 3025
1875 1674 1162
2378 2252 1190
3234 3726 2699
1287 512 4533
808 201 328
427 1775 2012
528 2204 2798
963 145 2564
3589 3762 2087
2103 4547 2272
321 4693 2586
3220 3650 704
2149 3014 2227
1398 3869 4125
4485 3300 4353
1981 3921 4044
70 2003 4304
4184 383 1144
607 2966 1764
4343 1180 590
1892 2313 640
662 4393 4360
2486 933 246
912 608 2655
543 3042 1967
146 255 3581
3352 1809 4396
4339 102 2844
1175 3420 2033
3369 1529 4088
1053 1188 1065
789 4134 1247
152 4822 373
603 3332 2064
851 2126 4977
3355 392 216
4903 1595 720
1108 607 2804
1132 1126 582
1728 3834 1894
1984 1914 4680
4406 3835 4202
1749 644 2209
3956 4876 3031
3604 4434 267
4943 605 142
476 1994 3334
4651 1459 3625
1858 4775 4332
2342 2744 2098
2942 93 4932
2592 4731 1249
2674 1495 2971
4982 3937 1341
1036 2608 4337
1296 3817 1738
931 4014 2521
462 2763 2294
2889 659 1771
4034 1131 1485
1604 1011 4401
3986 2111 3936
1461 3899 3800
2670 4551 1359
3809 4236 4877
4888 1426 4037
1177 1224 2245
3707 149 709
1753 4562 3056
2487 2754 1065
4316 3878 4002
477 505 4046
4844 1767 3232
304 1597 2819
1297 4908 3366
4737 3383 1571
1590 2463 369
3901 1687 195
4332 4015 3832
65 1213 1346
4534 1122 3290
3537 3336 510
664 630 2959
2633 4114 2219
4457 1106 1882
417 4201 2924
2525 4521 3087
2312 814 3285
876 2536 4350
3245 2083 1426
4127 1758 4576
2449 1521 1733
3159 3461 4543
2508 3050 2135
1827 195 1779
1756 3252 2986
905 393 332
2038 4042 2620
3162 4168 280
4315 3849 3630
1820 4914 756
4897 1920 1452
1709 2595 2059
757 4193 4541
147 2538 1420
1245 2520 1685
1393 1500 1160
4857 3629 1029
2014 4458 3124
3269 1932 4274
4715 251 1549
3953 2912 62
2398 3495 3803
176 2679 70
2605 2445 1768
4444 3036 2547
443 4772 3111
4352 3973 715
4702 2593 3835
3598 2893 2347
1058 2962 1069
1803 2084 715
4807 4087 1964
3611 425 4924
740 3513 2588
856 2287 3543
1502 336 2970
4542 1238 1021
1480 2453 2702
4262 3941 2582
12 3793 3792
4927 3786 1342
2990 4195 2409
4744 4624 4591
1415 2033 1417
1350 4078 3311
2145 1081 3750
1520 3102 4955
3471 292 2893
4327 2604 4340
144 1429 929
3174 716 908
1345 3734 483
2757 4459 3942
2410 2175 4991
2707 3780 3774
1754 2869 3344
3830 1056 1381
39 2698 1901
4259 3806 1179
1478 1650 4782
1244 1053 2489
976 3896 4666
3073 304 3672
1312 2047 2815
3910 217 2625
824 4612 2132
3579 1175 2712
2661 3232 4265
4948 4314 812
1051 24 142
2228 2469 1313
4069 3401 3082
1747 999 4347
1658 171 2765
3322 1833 3488
4020 842 2091
1327 3289 3434
1856 3685 1709
1885 308 3938
4772 643 2329
3536 1813 4717
3453 2705 3326
3206 636 2708
2127 2064 633
1211 159 2207
4590 3268 4658
3943 3184 3149
1344 2551 4788
3305 1054 3423
3272 2470 3529
760 3724 367
4310 557 2344
3105 3111 1119
1448 1194 2064
4472 110 2455
3655 2540 4658
4119 3609 3029
2659 3696 1732
1093 87 3055
3312 3666 1227
3539 1340 2689
1314 257 460
1514 1113 4849
593 4866 818
811 1082 3204
2644 4482 2987
4347 4497 4878
981 125 2518
2113 3948 3542
2765 921 1331
3675 367 3753
4409 4408 2430
898 1607 1546
2277 1353 3502
790 2905 3904
2147 4178 1392
938 16 1887
2442 3162 3979
3685 344 1053
3397 569 2075
4488 3818 3200
2780 4150 4603
3631 1550 3497
3447 2169 887
3173 1489 4413
1785 2937 4739
847 1304 4342
4637 3719 1671
4556 224 1947
1810 3652 909
2037 3682 1631
3199 4853 4137
4904 3553 4473
3484 561 2297
4692 1352 3885
1988 1900 3572
2307 1111 2892
3019 2319 2210
3452 3929 4986
1043 433 565
3893 4442 808
1499 1922 1028
686 2431 1648
2247 4689 160
4574 297 2553
534 2194 989
4098 2527 1347
4986 3365 329
4683 3071 4343
3827 2369 1876
3790 3628 2780
2171 2305 3581
569 4697 2137
2446 3776 2071
2676 1331 2343
1774 78 3948
3805 3482 4876
2044 2947 944
4513 1896 3571
2154 4325 3424
2619 1897 2282
4854 4686 1436
1477 4869 3136
2919 3410 4679
671 3059 1267
1118 3321 1256
4577 3025 2838
2477 4142 3572
4045 43 3525
2781 2398 305
2186 2626 3710
2924 4116 2754
3526 1580 317
1240 3771 2309
4608 4680 3690
342 1969 4976
452 4312 1681
2212 51 2024
4499 778 474
3416 4453 3080
4587 1792 4859
2320 4899 3388
3825 1630 3736
657 1834 3612
2607 4788 400
376 4699 1688
1798 3060 923
1796 3013 2874
1070 2657 1
989 2637 2460
3861 3541 2320
4379 4023 2472
2105 4136 2555
3297 1376 2817
2444 3916 2779
2651 3265 4231
2111 4256 2850
2345 2811 4477
1358 2362 2548
483 3240 2550
2485 1021 1570
1541 4230 4830
3778 3957 1702
4408 4666 3992
3258 3580 4887
1860 2799 4290
235 2315 4226
2476 3029 4634
1901 4400 3016
3308 1938 2481
4236 841 1407
4780 2085 668
1242 905 1235
3593 2653 1088
4761 3909 298
663 3930 136
1095 590 4098
1256 1949 4559
1556 4132 3572
200 3571 1671
2207 2797 2546
2047 520 4465
1413 2690 3837
424 4115 1758
157 2692 3963
2097 2072 2972
2195 1903 3645
401 957 2499
4923 3267 2726
1127 2611 2344
4226 656 4333
3924 2501 4062
555 3774 3541
4179 3592 940
1854 4166 3750
3818 2289 1014
4256 3282 2167
416 4091 1488
885 4664 4214
4816 534 3660
324 2015 1567
307 3363 3364
433 2778 3198
3522 2803 4684
2844 2405 597
1549 2518 1207
1146 2218 4327
3494 3069 3962
3146 742 4901
1841 2817 3988
4411 2367 4437
2049 2135 4905
4496 1447 246
746 3030 4965
3481 167 1319
4823 54 4766
777 2466 3525
3240 1129 53
3952 2994 2627
3266 3634 1390
1542 788 348
4217 3564 1499
2148 4602 3151
2772 2873 4472
1585 4698 4032
1295 1735 1607
4455 3037 540
3188 1643 235
435 4642 548
1379 1796 2362
4282 3843 3943
595 3370 4650
557 3368 4332
3239 449 4766
44 890 4822
3493 3181 3044
241 146 2510
1329 4583 3394
1119 2736 3915
1588 1783 798
4338 3010 2014
654 810 4113
1938 1325 1592
889 2702 478
4777 2948 4714
2521 1993 2650
465 1681 2677
2901 302 2695
3942 647 4009
2735 4437 187
3164 3891 1067
1016 3690 1623
3377 2221 3134
2557 288 1116
4991 4751 2522
1948 173 4646
2545 1152 3928
441 8 3873
1523 2374 1499
2835 1750 2000
4685 3244 3862
4797 2279 2488
767 2277 88
3089 1999 777
3715 1313 3816
4393 4829 2306
1706 1098 3898
2490 722 56
3331 1560 3264
249 3241 4105
3482 3477 2214
1050 3980 4894
946 4176 960
750 1359 3110
3039 4489 1185
4420 474 2671
1034 4890 685
2758 36 52
345 3214 252
3480 163 2184
4093 602 1760
3876 4685 147
1425 1264 3184
3311 3872 2869
952 2408 1839
4870 3303 781
112 2890 402
4851 2309 709
430 3864 3455
4526 752 1107
3211 2686 2145
3759 1258 834
2333 3578 1785
3692 3800 188
2244 140 3844
3271 974 1198
496 2682 4827
2583 4793 2939
2634 2467 2055
2887 734 4419
2902 348 4432
3441 2242 4853
2685 779 1016
536 3311 4714
1563 3761 3860
1821 3402 286
2152 885 2920
2400 117 4818
1830 1466 618
1469 4964 3745
4891 2730 1149
2455 476 816
1348 4060 4657
3630 3318 313
2297 2751 562
3957 3535 1920
1694 3781 4414
1571 1063 3142
1202 4957 4897
4428 4149 1567
1597 3743 2932
2020 4565 3733
3043 3606 1373
2101 591 737
2185 884 2345
3574 4973 1762
3999 698 3973
1982 1320 4714
4593 1035 1818
2926 1280 201
3912 2777 3466
1071 598 3304
133 385 1343
4769 39 322
4572 2710 4672
2582 3854 3666
221 1049 559
3768 354 1397
4792 1025 1313
4090 468 962
3597 285 997
118 4282 3636
4880 192 4882
1710 1038 4987
1786 4487 247
72 263 594
3939 1605 2237
4446 527 1826
2967 3070 1251
2573 4963 4885
3749 2620 3043
1217 3730 3658
2262 1120 1845
474 4210 1191
4209 4270 3063
25 72 2370
4770 1095 3211
3817 3506 4674
1166 4675 374
318 4128 1898
3186 4852 4793
74 2322 3302
494 4419 1248
3291 3471 2137
3380 2093 4091
3252 4575 4277
3796 3497 2754
4158 3491 1676
3166 1984 2014
3391 1847 2575
2399 3573 2123
3519 4640 126
4822 3317 4645
3646 3305 1014
3695 165 972
290 4659 3703
4026 3672 40
2468 4063 2171
3774 29 2138
3458 3566 2785
1652 4079 3789
291 1887 1571
1937 1906 1519
920 4513 1996
1294 4445 4976
3722 4144 2877
3911 2328 4409
4196 1174 1950
3230 2525 728
2088 4936 2625
3208 3120 1396
2922 2063 1346
4537 3121 3159
1847 21 4219
18 4363 4351
1670 4415 354
2677 3895 3334
2723 638 2750
3560 419 4306
3429 3681 1406
1742 1195 4625
2635 3706 1353
3659 1980 225
3182 4040 4641
3731 1706 3526
4363 834 1787
4738 2199 3851
942 1547 4046
2690 1633 3646
3006 4623 4746
4879 191 2142
356 4819 4269
2568 2940 3186
343 2508 4241
3472 1105 3816
92 400 2979
903 204 792
4412 2159 837
3913 4991 3457
4689 825 3022
4089 2150 3040
3329 1666 2574
667 3392 1212
1318 136 942
1990 3044 2349
3927 1236 185
87 1411 2820
1494 3435 3454
3232 3561 897
3803 818 1242
4497 2442 2237
2422 4649 344
990 1028 2485
3613 2139 2595
2546 1672 189
2728 4839 1658
766 3917 4651
3919 1420 3785
2019 1159 2881
3099 60 1287
2387 2115 3151
3298 4785 1287
4671 798 2156
1407 2332 4342
3133 3529 3775
4641 3456 1594
3555 4620 214
580 2804 3106
1695 2579 4117
2394 610 1756
1484 42 4471
3615 3092 4573
3129 3521 3290
4484 1808 2612
2907 3433 1358
4926 2645 512
2178 83 2250
4733 936 3929
943 130 4670
933 2495 1418
2269 1206 2335
1642 654 4217
1283 706 3632
4241 3249 3757
3684 1546 1468
939 2925 3257
731 22 972
661 1879 409
28 4537 2994
236 457 282
3004 1582 1998
2577 582 3971
2249 4405 4824
2762 1963 2851
1377 3745 1226
3338 1061 528
3483 2260 3239
4617 1522 1080
597 1481 4952
3137 1247 806
3553 3494 1196
2306 1210 3935
4189 4076 2602
4368 374 1578
1436 3655 1731
162 2090 4053
1024 3172 1464
1602 1201 3636
2586 3692 4717
2802 3934 1521
1925 2246 1551
3288 1408 3516
817 3700 3133
1936 3530 2375
1260 239 4483
3246 3407 552
4680 3635 1913
711 161 3316
2174 3844 2707
3323 3729 1365
3735 907 2479
590 3429 3783
1483 2404 3101
4993 3736 421
1265 1019 1656
2935 2911 2239
1247 2077 3234
2075 1956 4856
2854 2235 4933
4078 774 4580
373 3234 2709
809 3595 259
3408 4720 3030
2613 2742 3610
3357 3735 4677
4197 3880 4357
1531 4035 1499
1251 562 3083
182 2368 3958
2587 2477 435
4988 4223 1981
49 32 4830
1497 719 1608
4630 1950 3410
411 912 1254
4600 3966 413
3126 3643 908
2001 2394 3716
3862 3894 1851
4809 2108 143
1784 3658 4298
4892 1746 3706
3051 4633 4305
312 3357 4634
2002 3346 3720
3704 1561 3269
1228 2913 3720
3521 1425 2994
2755 793 347
522 4154 3557
1328 2104 496
4781 3680 3253
2744 4443 3462
2589 3852 2305
4828 2307 1746
1560 4081 986
2603 2624 411
1634 3954 1025
2565 2528 367
2464 4303 4688
3428 3499 2147
2717 3339 3336
1660 325 2881
2453 4960 4813
2373 4264 2181
1386 1712 3692
3353 3405 2644
669 453 369
4218 1268 3369
4519 2970 1088
90 802 1489
640 1608 1369
2093 3297 114
335 4464 4900
3284 3654 2070
4231 4938 1645
3401 2599 2942
2574 1460 3494
4276 3164 617
3469 1696 2024
3213 2961 152
3025 2069 1412
2415 1652 292
1284 2330 1897
1769 3993 4814
97 2613 2765
2638 3419 113
2237 3309 4843
2839 4394 1670
1129 1840 33
1107 4385 3767
1039 609 3538
800 358 849
4725 2535 2950
2642 250 4365
4399 1861 3664
1623 938 3987
4077 4013 2812
1367 4351 1693
4076 343 3156
2028 2170 2698
673 1632 4250
2209 3403 2166
4817 668 3173
3542 3333 2788
3402 1433 1903
2291 30 1820
3160 3832 1059
2374 3259 2010
42 2603 3657
4932 539 3765
2163 4499 2421
2606 4511 3844
2012 2507 3099
1664 3108 1040
2085 4043 610
2357 4460 3549
1899 95 1138
1949 3247 4378
4087 4216 1447
66 3284 1503
4152 1867 2540
3625 1463 1387
3241 4135 3655
1417 3151 393
974 1944 4793
2718 4278 2220
2991 175 1611
1337 4842 4875
650 1477 2045
336 1852 522
1063 1334 1130
1419 2697 4239
879 2348 4879
2169 3466 3506
1324 3567 4200
3931 1682 3724
1001 3432 4586
447 3788 2937
1770 1553 4185
1500 4761 4779
1171 445 160
4328 1223 210
45 2665 4062
643 3273 575
3059 4071 443
2812 4542 3298
1587 2716 4616
4273 2082 2496
88 3974 2386
3445 4298 1926
2331 1507 393
3212 488 3281
2384 1609 1423
1311 2440 397
2325 4742 1327
953 1889 3501
4679 4034 3654
4562 1530 1344
4568 3146 1695
2120 4813 3387
2532 619 4672
2877 4382 4652
302 3807 1366
3317 3041 2866
1360 3632 2046
4939 3213 1532
3736 1116 4996
362 2493 3198
1553 2124 2591
1750 791 3725
79 2664 2498
398 1384 3205
29 2707 540
374 2781 786
3605 3027 423
3906 3187 4414
3640 4847 2080
354 3148 3295
3392 2701 4462
3632 4576 4859
238 3819 931
4766 4832 564
1038 4475 331
4815 3833 708
3210 4638 4872
647 3585 3489
1705 658 2280
4237 2030 2346
1980 497 433
3113 1911 124
659 2001 139
1649 2859 545
2943 1162 2600
41 1392 3458
3580 366 4052
4326 1351 383
4210 833 2258
3107 4671 1410
2481 3912 162
4504 3295 2062
1300 4196 3685
55 408 512
3079 4360 1439
4810 436 3181
2337 3626 4007
295 1491 159
2302 4713 3383
792 2474 1999
3819 2138 3808
4353 1848 1079
263 3814 3212
1193 2225 2447
3209 3033 1959
1993 1975 4820
1907 983 4973
4875 577 3885
101 4159 4137
4348 3422 1441
21 3276 2817
3407 305 158
24 2729 1837
3419 4226 4901
3946 2151 1873
4908 3220 3462
3032 2320 4279
4826 1066 1601
4004 2157 3938
4503 4009 878
248 2748 3149
4588 4748 3463
4576 1273 1028
1158 2067 147
482 1277 2953
3992 2851 4652
854 3813 4922
4318 653 1844
2192 4913 1975
136 3737 4885
1389 4398 800
3047 2505 3343
3449 4161 1857
1065 4010 502
1955 1302 18
1926 467 1403
619 231 1410
2570 370 3083
502 215 3647
355 4008 1755
4244 943 3487
3671 186 581
4023 1279 3365
2637 3384 1021
1678 848 2342
2214 2880 4758
3076 1155 3294
3873 930 7
507 1669 1896
3495 2888 4366
3767 631 3819
4323 1022 4095
2759 4968 3230
369 478 1410
997 1761 4412
2523 877 4814
547 830 404
436 2818 3031
1352 3147 3470
366 915 835
9 2598 2541
1361 2482 2339
3738 2759 2793
3496 1790 3228
1586 1406 537
868 1631 3572
835 1617 1791
3349 2229 298
1362 4017 1170
1218 3354 4203
702 3095 4774
2191 4496 3885
3905 1330 4614
4228 700 314
26 407 3265
4284 4288 3056
537 4377 1492
3658 3570 2102
1479 3697 1199
4401 3256 3098
1173 2351 1180
4968 3785 4259
2034 4366 3165
300 4002 685
2128 2547 28
3578 708 455
4754 3764 2120
3055 3582 1787
3053 3523 4289
2183 4882 2523
904 3792 958
3321 3487 714
3395 4942 4070
2474 3131 1889
2683 740 346
1931 2068 871
4365 123 3074
4532 651 4640
587 1434 1690
1902 617 2323
3325 2574 2630
1080 3473 1888
3415 3613 2083
2222 4099 603
689 3951 641
407 2127 3261
1204 2914 1555
2878 1744 1670
1838 1548 3415
1409 4225 2568
2855 2802 2124
51 940 3234
4040 4235 622
2241 20 4578
3869 4100 934
2132 1198 2453
3091 1367 1917
1923 1222 97
2114 3599 814
1781 3744 2376
4538 2867 2511
4264 4632 2715
3871 4514 1529
4721 1386 2276
3624 1690 3524
2329 1575 4454
4131 23 3978
1299 3886 1077
3875 681 3424
2354 2268 4343
4404 1015 4537
1374 3796 3405
2498 3673 3250
1416 2435 980
1674 3544 4305
4118 1108 2377
2251 4101 3387
2070 3100 2326
886 3343 668
173 1814 216
2944 377 2881
4599 1772 1520
3426 4281 3493
2846 2820 4166
1607 4044 1041
919 606 1107
397 240 3715
4618 3072 3272
1395 1214 822
2885 629 1785
1074 901 3903
129 3264 813
4795 3829 673
1720 1784 2781
958 1251 2132
1795 4546 521
3123 3583 2064
1004 4654 4394
1365 3426 1912
2173 3977 1528
3280 3687 3548
4413 1170 3362
4333 2184 4556
1003 1372 688
2795 4877 3784
1167 4840 2290
251 1226 1290
2356 3795 3422
4539 28 1762
4998 1971 1739
1619 3840 351
1462 2411 4148
4819 2261 3895
3169 1828 4086
4346 4903 3333
4916 2366 3789
2370 421 3124
923 4070 3855
4067 2772 1578
3348 1705 719
2380 2137 2629
623 1968 2278
4397 1573 4576
1775 1642 2671
4521 1653 2127
3865 596 3519
1205 1673 872
2563 1244 1107
3153 1185 2355
1833 4709 860
2200 572 1951
434 3328 4069
3058 3760 1243
4987 270 2636
4169 2892 2825
1488 1114 1533
1578 470 1141
231 4946 325
4871 2639 3839
206 2956 4858
977 3710 3823
4707 664 4068
799 461 4182
2451 4350 1199
1644 2189 4882
2371 902 1297
1470 104 2415
2853 4151 3559
95 291 3474
2326 4222 3003
4390 3848 2569
1625 3125 3026
1699 1179 4218
4701 524 4808
3157 4674 1520
1189 2673 4225
1874 2006 3376
1429 626 702
1227 134 4190
382 2790 759
1681 783 4115
145 755 2857
3960 4446 1222
2072 4867 2808
4842 4529 4614
202 1181 123
807 4532 4607
3897 1407 4601
1135 1346 3050
4902 786 3898
390 4389 4660
2204 2830 3122
4695 4401 4018
3037 2203 2514
220 2607 461
3320 4755 3881
4967 913 4444
4013 645 1968
3754 3689 3004
2792 1804 3630
289 2037 3085
4250 137 1040
2769 2464 949
1492 1981 2216
3626 1723 2258
3929 40 2910
1869 2782 3765
4992 3779 1611
1656 4130 4477
4500 1910 3666
4627 1436 690
2667 704 1127
784 1918 4810
828 310 1676
3473 900 4584
1403 4237 3553
4530 97 3453
3755 3767 407
1220 1027 3641
2483 3406 908
365 1080 4783
3283 3229 2116
4065 2288 4843
4191 1153 1840
3760 434 3447
1097 4673 1343
2996 2674 3747
346 4103 443
172 4388 1367
1104 964 2848
2361 1718 112
1438 3647 2047
219 2414 3798
4940 4030 1886
339 751 3420
3044 290 1691
2933 839 851
1072 3453 3583
2558 3304 1304
695 2383 3899
1910 898 1317
142 2393 4315
913 1965 1080
1435 4801 3733
2175 2602 1972
245 4600 3
3834 2983 3597
4350 2502 1559
2832 3637 2281
3300 1640 2213
2007 309 1669
921 3400 1609
3274 1438 4002
3920 939 4799
1593 2609 907
1989 1246 970
4847 1207 303
2514 1435 1904
3750 3526 2781
2004 1519 315
1771 4919 818
4592 1843 1257
2350 198 4296
77 1364 124
3498 1136 1791
1443 4950 1745
2527 4493 3965
131 286 4334
192 271 3081
2884 3815 503
4909 4800 518
565 1132 4002
4 115 2818
1161 1327 337
4786 4691 4648
1788 2544 2995
4694 422 377
4019 1203 1956
4778 2537 1772
4594 4119 2576
3725 2475 3408
265 764 228
1580 4993 1902
1231 166 3638
656 4797 989
1117 2070 1296
4146 4783 4351
705 4059 4338
2798 4038 2570
2890 2601 1505
2407 451 1465
1137 671 3340
2242 4249 402
3499 1430 4292
2849 773 2657
351 4543 249
734 1919 3607
1741 2283 3868
602 1829 3782
1433 507 751
153 2628 1164
4498 3133 248
1015 4805 3506
2064 44 3099
709 1695 292
2828 131 4830
1638 4279 3929
91 4820 3518
3034 3838 3955
210 4601 4423
4740 4202 1642
2641 1719 3788
1890 3881 4331
207 4273 3146
1639 2384 3884
624 3805 4581
1437 736 4154
1615 500 3499
2278 2448 4076
996 1183 750
4258 1958 2244
1230 473 4492
2450 4371 2419
4039 1118 1271
3779 1858 4604
1183 1683 3819
2789 133 2468
1517 4239 148
1645 259 1647
3806 2687 4980
3361 1394 2670
4112 4636 3570
2830 1007 3795
2983 3935 2449
4845 2005 4792
503 3113 843
132 4985 1132
1648 396 418
1412 2870 1438
3689 589 301
3488 1689 1585
2988 3338 981
3286 438 1043
2625 3703 1603
402 4259 4656
4308 1684 1200
1898 3062 3356
806 714 3077
3294 2886 1130
2910 1398 1645
3486 152 585
736 440 2729
4198 4955 2397
4832 243 3515
2061 2121 2656
270 4291 1657
4553 3193 861
1998 253 2970
2252 3219 2133
358 1760 1641
1924 1917 4543
4624 4722 751
4015 3552 4757
2981 739 3633
4536 820 3689
960 1859 2845
3822 910 1035
954 2960 2182
588 2712 4071
63 746 4809
2850 256 2465
4108 1661 1506
3318 3135 291
4804 3622 3018
4566 3047 4258
4120 4592 4423
163 3556 667
4095 2815 3677
2627 4544 1120
1641 4232 676
678 2531 2831
2826 3657 1629
1761 3787 1872
2972 3052 2135
4515 640 3853
4629 918 3353
4292 2824 2672
279 3045 2530
3261 758 3129
3030 1660 2994
745 1204 1583
3078 3388 4897
3917 747 1060
281 2594 924
2441 3438 2167
4125 2156 2288
897 4665 1649
4024 1232 86
269 1000 1501
1032 2026 2919
2157 3459 2929
1873 2785 3549
3198 1455 2823
3507 891 1865
1776 4616 2542
4325 4599 1702
1946 3910 3316
2708 2479 724
4866 1943 3212
776 566 3416
1113 1445 1398
308 2406 1387
2857 2238 4011
3508 2985 2859
1164 785 4598
3074 697 3633
934 3904 3266
3594 4763 612
1293 4535 4191
1147 3545 1300
1503 124 1484
1423 1517 2653
1388 4140 363
2206 523 964
1216 2109 13
372 1069 3846
4252 889 163
360 3173 581
4709 4429 25
1139 2297 1439
2158 3509 3376
4304 515 2144
2881 1388 1585
213 4148 1212
1254 1397 2884
4416 3008 3175
2600 45 386
2352 2086 2743
59 1722 1667
814 2333 2999
3125 4045 2281
1877 817 4446
3132 3972 3819
107 2750 3489
1548 1133 1865
1712 4987 423
3637 528 4767
3877 4447 2486
3251 720 1570
3242 762 1928
4296 1543 2541
3035 1289 2900
2318 2732 3697
660 4485 1049
303 1989 3783
4285 1641 4774
1279 1823 4805
4697 3551 4962
3082 4471 84
1006 4803 2308
1765 803 2811
2068 3476 912
314 3478 3652
652 3206 2468
4240 3469 3067
1516 2311 1881
4025 3959 2066
4710 3708 40
880 1119 2525
420 709 1806
3758 486 1022
320 3334 4201
4977 236 11
218 1345 150
621 4880 661
180 1169 103
2218 4644 2381
1727 2747 279
763 4512 1609
2039 2684 1081
3928 2784 917
1140 604 1958
1308 1839 2999
3748 2128 3772
3831 118 1189
1617 4668 4993
4225 759 550
2482 1193 2105
713 4191 4943
1630 1720 2100
1088 4723 4393
2695 411 2056
4652 1658 128
1834 4970 4483
3559 4301 2499
1138 19 3448
3923 2456 49
2804 4046 2211
4522 4120 308
1035 1651 74
3727 595 2713
3794 1510 1909
103 3783 390
3018 3145 2501
2893 4031 3555
765 4266 1313
1787 1328 1465
4137 2232 856
1539 3366 4061
2100 784 1904
2182 495 4057
4214 4531 3633
1540 4213 2729
4361 4277 1355
1515 3821 4768
3826 835 3731
802 169 4886
2628 3091 2297
3350 1013 4641
4082 330 449
4027 2908 247
1048 967 557
1782 2761 2459
4919 4319 3130
3029 646 4560
4921 2293 4159
1969 1592 1841
2760 2133 243
3362 402 221
1912 3024 1075
4860 2592 2766
2021 4402 912
4143 4056 4749
3179 1556 1984
4650 1531 2690
2810 4500 2942
813 1336 2366
4006 341 4142
3895 4381 2384
1103 1637 2829
2950 948 2757
4735 3437 2627
4675 2205 1917
1632 2292 4995
4432 1600 4006
1056 3138 3559
4174 965 106
2554 737 932
3586 2975 3583
1851 4399 740
1243 1870 2723
1281 3154 197
1757 628 680
1465 2496 551
535 3688 4881
2929 3602 340
604 2286 2440
1971 1449 3411
721 4527 2653
1428 2548 2314
215 2273 1231
2969 2208 1913
1950 2826 3538
2596 3124 604
6 2336 99
2913 4386 4975
2227 2022 132
926 4558 2335
1974 2834 4950
3253 4911 435
3090 3642 3474
1954 1820 1071
4518 4509 4755
4681 4526 3974
1291 3087 2887
4855 1635 3354
2867 4227 3065
338 2094 1117
4075 3467 4246
1543 1190 2084
36 4525 4780
2569 477 779
532 3816 2432
4138 3350 2174
2513 4930 4831
2779 3084 3758
523 3153 809
852 1851 4532
608 3502 2110
2608 3083 4462
3273 2240 3923
1285 1623 4980
2294 3945 4628
120 496 3880
956 2717 1365
4833 3474 343
223 2145 95
224 1311 4712
4014 1504 3006
3171 154 1176
4677 844 36
674 3414 4671
2549 3537 3326
4545 2737 140
4849 1147 4674
3454 1164 4225
2459 172 3140
4718 2228 2101
4132 3996 2955
1970 3418 4099
468 4995 3903
3687 157 4246
2847 3006 3313
3520 3590 914
512 1964 1344
2142 3549 352
1504 2352 2579
3719 381 2088
1179 2231 2897
32 1726 4131
1906 3411 412
3463 988 4788
257 2758 3581
3097 1374 1789
560 1366 538
4999 4001 4263
3455 3137 3756
3829 3958 2952
116 856 3993
2401 2934 1086
4799 1562 276
2440 4304 3098
3702 61 1439
3448 2669 3444
4438 4365 2871
275 2446 1935
3238 4609 2851
972 861 2030
111 299 4860
1555 4321 2108
2390 3441 4612
3421 4581 1548
3667 3539 4345
165 3372 2671
837 190 2880
2408 593 651
1626 2059 669
1777 144 4573
3072 4061 211
2006 1795 3911
3990 3054 1912
3327 721 366
4911 1818 1341
2559 4003 2425
4451 3562 2743
815 2773 1277
1455 3504 1376
3884 865 797
353 127 4750
1748 3639 4529
2873 4515 4742
8 4940 2654
4140 3192 3662
3281 2317 2469
1195 1939 1359
2011 4986 2321
2496 1115 4743
2886 1324 117
1475 2465 3431
469 4980 2442
2254 264 1531
1057 4153 2132
3175 2989 2675
727 202 3930
1966 1811 1692
2650 4310 1292
4130 300 247
442 1629 490
1667 1440 51
1903 766 1443
3177 4848 12
3857 4721 2528
4111 1046 3519
2768 4457 3111
1698 1565 4594
48 2142 3104
3916 560 2113
297 3691 1398
2144 2503 1600
3531 2163 790
4971 4309 2686
3835 2606 1068
1487 3887 2648
3094 2219 2651
3450 4825 4400
340 2831 4867
1616 953 3627
3061 4858 2381
3069 4507 4429
2713 612 4671
1229 1627 4933
3418 4974 3195
3977 3932 4997
3414 794 1699
2572 4653 1373
4058 3950 1441
2645 2420 2630
762 1523 4920
2647 3385 279
1467 484 1052
325 828 2009
2234 4812 4598
3582 2779 1986
3567 2008 1282
1120 1966 4932
475 4354 966
2466 1109 844
2051 1294 917
108 2837 4361
2771 2357 4679
2452 4802 1822
1047 1524 5
4170 2282 726
3014 4018 313
466 1895 3659
714 2425 1075
1375 2050 1584
1439 2839 4707
3833 581 853
3114 2805 3020
935 3536 1647
3254 4560 4909
2679 1371 3066
971 3239 1412
4475 3063 3631
930 226 1662
4658 261 4677
634 748 714
637 935 1517
772 3605 4871
1836 443 2334
1962 2444 1437
1109 4708 4773
3964 3387 3554
3370 1012 439
4180 1860 2928
4101 4253 2513
3663 2876 1862
4176 4107 2321
3430 2723 1495
1730 4138 3560
3382 1442 2441
2282 4426 2775
1972 1029 846
2317 1010 377
93 1947 2110
3936 1267 3109
2270 4080 4604
3339 307 364
598 699 4154
4612 4302 1381
3699 4859 3467
1631 3616 1661
2715 2416 3254
2932 2274 3796
3222 4143 4412
3373 335 4863
566 4374 408
3944 1805 4044
708 35 4371
3718 317 2244
1737 220 2166
1684 4451 2638
2107 2968 31
3223 2379 988
459 3663 3150
2406 641 948
2118 3337 262
4154 838 3724
4886 3952 814
959 2359 3687
753 2105 4342
178 4749 542
1958 1240 1462
1276 2974 2902
4506 181 1947
1012 2812 3634
4322 4328 2015
2576 3927 3788
4836 4965 2748
4394 2591 3048
2510 4369 1716
1682 1299 3928
4321 1004 3062
1316 3480 129
2622 4933 1156
3389 3352 779
581 723 3281
4802 1930 180
3606 3500 1273
2065 1598 3
4398 3612 931
948 3885 2018
561 398 4599
1424 611 3700
170 1520 1812
4055 3969 1180
3870 1527 587
4479 4427 2233
110 3081 4109
870 4506 956
2031 3217 1400
4938 2499 3006
1200 444 75
3538 2236 3435
1278 542 4759
2360 4086 887
3293 1649 3336
1562 2399 2374
3409 3648 1546
381 2042 2163
328 2564 824
2018 349 4300
3332 1946 4763
2033 4760 3761
1601 2132 1700
2868 246 3072
862 2053 3665
1089 2326 1106
1382 1157 1655
2392 1884 82
3772 2627 2029
4975 549 643
677 414 2918
2663 4417 3200
2117 3035 4007
211 3619 2287
3680 2035 4206
4349 3076 7
2125 3907 2417
2909 1752 1218
907 4555 4098
3036 4901 1041
1304 3257 762
3226 2838 533
4547 4324 168
2151 4198 2970
4529 754 2198
1495 876 506
3489 3141 2634
3666 837 2407
3545 4771 2752
81 4875 2323
2292 2706 4598
614 2930 4892
2692 2885 2199
3854 2397 928
3654 4247 3889
3723 1819 942
2502 1390 2625
2639 4421 1484
1511 180 2138
2359 3920 3807
4030 2373 1929
982 3811 2619
3609 2577 22
232 2254 706
877 4759 1763
4914 4057 941
4175 4700 825
1629 3451 208
3716 510 996
892 1516 3278
2339 875 3854
1238 3485 3633
4437 3112 1083
2552 1451 2917
3892 2965 3882
4419 1414 2991
1399 3233 1082
1196 531 10
965 4967 888
4253 1498 1315
1306 1189 2826
1999 2845 3006
2035 4238 4181
1077 322 594
2774 3051 3186
4088 727 105
636 1044 1053
2920 1700 983
4126 1344 4037
2955 3003 773
3131 13 4165
2507 1564 889
1773 3302 2268
3994 1662 2364
3650 1787 984
2369 1055 3774
1207 4577 1258
2505 2654 4061
1045 2166 354
4471 2155 2152
1945 4183 4024
1454 2656 4795
4070 2468 3475
2271 4597 171
605 1083 4134
4631 2954 413
285 726 4424
2669 1894 3636
570 1350 3531
4219 4049 1953
3313 2957 740
492 3538 4614
4144 1937 2315
4514 3053 3102
1169 4088 2369
3801 584 1550
1790 112 4996
1261 2666 2932
3679 3245 3632
2268 878 1391
4289 2967 2586
4177 2020 291
2879 447 4994
2448 3845 2498
1380 234 4168
1943 3983 81
949 3746 396
50 479 56
3184 4994 402
3665 4098 1142
4747 3202 4511
1908 871 4782
3324 3725 2700
33 4172 3865
1994 342 752
3514 4105 1129
3713 376 4696
3583 2168 4679
850 2901 3914
1059 471 3673
1919 66 3961
1633 4048 794
1565 4028 2432
2245 1256 1389
493 1821 2224
1891 4978 1053
1269 2298 248
242 544 4068
2056 3765 1726
3500 4808 1793
294 1678 1868
3793 4679 3300
1134 4431 883
3710 4830 4824
911 4962 2356
4601 4926 4336
2892 2172 2392
124 2214 863
1333 1538 467
1180 3914 3943
866 1899 4952
1779 4215 720
2136 2088 3027
4331 3191 3036
2726 3933 2100
2323 3104 3539
3621 2329 2739
4704 3340 2718
1538 3238 1686
114 446 3779
1726 135 3653
3141 1577 1093
2678 3985 63
4307 942 3570
1371 4440 4812
3439 1057 1823
4047 3810 931
2817 2230 4279
2099 547 1935
363 4895 1717
4717 3649 3572
3544 3865 4417
1558 2304 4581
1427 1419 3376
3509 4553 1348
122 2173 2575
2620 795 1474
4227 4604 3897
4736 554 1090
1570 4384 3285
3040 4750 4161
4386 2731 107
1824 480 582
4913 2161 319
3881 68 2026
352 3457 1034
4716 3547 4337
1900 4589 2132
2749 2377 1192
4388 4740 4985
2646 1908 4809
4181 1154 2052
4920 2195 2326
2977 4019 1341
4884 1789 1908
3930 3287 2053
3375 548 2386
4610 2711 775
2187 1337 4029
4396 2498 820
2376 4841 4019
3867 4744 4479
2308 3758 2511
524 4611 4105
500 1343 3210
4840 3038 3358
1186 4504 947
1410 2255 2453
3001 313 1569
1957 926 1459
3652 1987 508
4787 3211 4288
4865 2079 2408
2024 1150 1073
3853 199 742
2866 4594 3441
4958 3117 3514
4682 1490 1035
3248 4039 2317
1804 1842 994
4115 573 2456
2807 4878 1164
701 2725 4473
1978 1187 4682
2953 4268 4462
3954 2713 1113
3788 4122 3831
2916 3431 815
629 3998 4742
3896 3462 4546
3118 4036 999
4002 3362 4689
2379 2560 2306
158 4627 1497
4555 1838 2366
747 465 2857
3610 3646 4943
1637 2788 3356
2602 3425 2551
520 156 1500
67 3057 1350
195 1441 3998
2375 4006 4732
2897 2864 39
4597 3527 2930
2612 4335 3504
3864 1788 236
444 711 2691
273 2386 3442
1721 2894 3749
1987 763 4015
3769 1355 2955
4722 4988 1660
986 1734 4674
253 3778 3327
4698 2600 1083
4723 1765 781
2882 3508 712
1286 4133 4693
1002 4898 1740
1096 3358 216
4344 2932 1456
3842 3189 4993
3005 3061 2045
3204 4574 2967
719 1916 4983
4329 3446 206
4453 813 4549
1266 2222 1043
298 303 2458
171 4635 4926
2710 4346 2561
1482 1064 604
4666 3028 550
4086 1878 1606
2914 4884 1140
4458 4687 4880
2009 1467 4960
3400 2986 243
3645 1654 1379
2074 15 3091
1855 4733 2469
399 1699 4801
2081 4251 996
1861 428 4260
1162 475 4828
783 4703 596
1843 2999 3852
504 2883 3464
4660 1799 391
4477 3283 1460
2534 4896 2447
3807 4358 2985
3100 4397 2741
3111 5 2160
4133 114 1214
964 4954 217
804 3408 4772
4541 2848 2708
4110 1241 642
2590 960 1834
288 1494 1089
3975 4111 3897
901 3514 1852
3618 2766 4148
2159 3454 3185
3941 982 3240
675 2158 2666
645 1656 2845
284 1782 2498
19 4983 1944
2931 1001 1833
4732 3349 2413
1441 1417 4406
3623 1412 2098
3802 836 3270
3570 2979 3895
2704 4756 449
875 4106 2177
2048 2923 3693
3165 3375 4505
4010 2119 4561
2280 2430 4128
2736 2988 4836
1156 4177 4833
1819 881 406
3371 2587 3118
1859 1741 512
2427 4448 4122
1457 4182 1494
3398 2176 1825
2658 4784 402
3883 1825 3613
2196 3278 1208
278 823 610
4080 729 2526
1155 2497 2856
1125 600 2978
2799 1422 3217
2168 4617 4103
2420 3484 158
1707 4520 1351
412 2129 685
2236 3009 4289
1222 4016 2901
4402 1657 3483
1275 4613 1823
1106 4849 1784
130 3953 346
538 2534 2086
2199 4737 2370
4764 3641 664
1064 2004 3759
4510 219 2585
461 3223 3251
2045 2828 2406
1983 3186 1714
642 92 4460
2727 1285 1941
3921 2196 372
2994 2998 2146
2937 3361 3066
3109 4498 936
670 895 1361
2164 452 3759
1234 1239 730
4492 4092 836
1690 1749 3206
4223 1362 2804
4751 3216 3769
2687 2950 4388
510 459 2834
2982 904 2428
4887 1322 4356
2831 1165 282
426 955 1310
3381 768 2038
2504 4219 4534
2109 1478 4373
4858 2642 267
514 188 1499
4382 625 1652
392 840 315
150 2977 3179
2414 3253 802
2108 356 1014
2917 4084 272
3247 2844 1315
984 1831 4720
2604 1335 4012
2511 1377 4987
2447 1260 992
1274 2178 687
3938 710 2488
2053 2492 1123
3546 620 1080
4278 4931 4864
3815 1272 208
509 3434 1679
4182 1410 3715
1249 3633 2337
137 2341 3167
1655 2636 1455
3138 2896 1873
1387 4290 4810
1091 3820 885
2908 265 3329
1191 242 1551
529 2181 3911
1839 3103 3600
1878 4814 1818
3492 4297 1075
1701 3325 3261
2770 4579 3507
1922 501 1098
4208 1869 3702
3228 3171 4144
480 4881 238
3651 2395 4214
826 1606 745
3599 846 4809
2985 3572 4365
3070 3275 2949
1055 1060 3619
4044 2510 16
4805 1572 1768
4696 3393 4583
1042 2696 2976
4306 4556 3878
672 4789 3236
3581 2113 1046
3066 3034 3083
3347 3711 4995
3668 3442 3424
744 1974 2498
3477 2295 3532
2957 4706 4358
4591 4647 3718
563 3603 1155
692 1404 1678
1463 1628 3082
227 962 1342
2256 635 3202
260 4490 1037
4301 3717 683
1325 4719 3047
818 1348 2176
2165 3105 4443
3139 1342 4669
4864 1622 704
2664 3812 44
1268 4462 3786
1722 3559 4363
994 2148 1870
4355 1235 1933
3015 2356 2767
4295 4305 575
3669 1216 661
4269 1312 580
1468 985 2531
495 1292 397
3813 3308 2169
1746 489 2364
3529 2251 2909
3158 1576 195
3262 74 4395
4937 1863 730
2026 2648 1194
4784 843 3846
4085 1034 1035
3690 663 693
1696 2164 4368
1863 731 90
2705 4118 3324
2139 4835 2415
2305 1123 3650
519 3790 3957
3333 1361 2270
4490 506 1599
3782 406 2169
916 1191 2851
1915 616 796
1666 4392 1973
86 2052 1292
3444 107 4660
2435 2371 1488
71 4747 1414
1062 3597 1214
37 1399 3690
3437 3890 4579
1768 1142 1799
1445 976 1410
2131 672 3527
2941 3101 1679
2869 4094 701
1115 1731 775
2856 4925 3668
1235 1237 409
4107 260 793
185 245 825
1373 3600 3293
1404 3728 4521
233 2514 366
4901 3678 1603
4222 4990 3023
4494 2884 4146
895 2002 3241
3143 4857 2178
3128 1284 1203
749 3170 877
4129 2253 4331
2443 3090 3476
4100 4702 487
1740 128 3958
1716 2675 2675
3316 1032 1462
1082 1234 3840
1609 1149 4931
2181 1733 447
4376 733 362
2299 1545 556
4638 1365 221
266 3149 4756
3997 3915 2267
3075 1192 2686
4756 1148 4858
4066 2056 3768
891 3999 4087
3740 2354 2209
3127 919 4614
2281 4539 2170
812 3255 1331
3468 3391 4886
592 1915 4043
1422 2558 1889
600 2388 3898
166 540 2262
3728 2422 4281
3149 2655 1591
1643 4888 2845
4613 504 3400
2963 4863 2921
3612 3179 4723
388 2617 3396
4739 82 470
1430 892 4779
2927 1747 1769
1566 4904 2823
3485 705 4333
961 1537 4822
394 4650 4177
168 3299 3978
199 908 3601
2808 3883 3430
2682 4533 214
3404 448 1745
2257 4170 842
4048 3373 4861
755 1533 920
4705 1276 3281
3176 3075 682
1965 1812 2152
4113 3826 3402
4626 4826 4152
3811 3664 2543
3244 1314 1720
2138 2563 2209
1729 894 1858
1691 347 1873
3384 4710 2290
2874 3705 1033
258 854 2714
1014 1097 2525
2652 3797 2610
2540 3007 4795
4359 2078 3250
787 1570 2757
4956 2958 4129
4825 2584 1485
3183 3001 1312
3763 2262 1233
2126 2902 4500
2915 280 3963
256 2827 4564
2814 1347 3942
2585 1898 2271
3135 1639 1481
1213 267 4197
53 458 3096
1837 931 2505
1518 1909 4777
4464 2243 764
2102 2814 130
2188 1084 2894
4366 533 2522
2078 2509 67
1184 2125 2841
2122 1711 3352
2791 3955 505
855 3200 18
2751 914 474
2541 1505 4454
4700 537 3244
3410 4158 4912
1464 872 2716
2098 3182 2414
4882 3367 3585
2992 1043 597
3023 1002 1783
43 4887 614
764 648 211
1519 4652 3474
591 1341 2486
1672 893 3685
237 1037 171
2506 3347 1433
4570 3490 2519
379 2882 427
2457 3039 2347
3265 4570 1071
4161 4077 2987
1573 2291 4371
717 4157 4200
2851 2071 3554
3276 1797 177
2005 2363 4956
1451 3046 2660
2372 295 1375
3686 2265 2522
1916 3348 2988
988 3686 4871
2806 4353 1720
1501 1659 4500
437 1308 669
951 4676 2516
2750 4766 118
3614 2643 900
2115 3911 2208
262 4477 4868
2432 1845 3105
521 2076 966
853 1977 2792
2841 80 2051
525 193 2299
4563 899 3133
1027 2720 603
4852 3364 965
1370 281 3807
873 980 3891
1789 4833 1514
780 1837 1227
4569 170 3303
4800 4891 3384
54 360 2886
3678 3863 3315
2848 2899 2936
756 4404 1964
2358 3759 2404
2668 3002 3094
1075 3341 4741
1292 4454 4023
611 718 620
486 4262 4242
3196 851 967
4955 4862 4918
545 2840 2098
350 464 949
2351 41 550
4425 1535 4410
841 3116 143
2428 4804 1193
2880 1079 2803
134 2517 4340
109 3099 4068
2363 799 3670
1622 1227 448
47 558 328
539 3399 3835
3988 2647 982
4644 2154 900
4869 1757 3103
2767 2724 1841
3002 386 2833
2693 2201 1252
1250 3143 3136
2843 485 765
305 2233 1372
2518 2798 4182
3092 3579 390
4063 3068 1511
329 1360 4901
758 728 2608
4220 298 778
3550 963 1463
4611 207 726
201 1593 4793
827 4545 4421
319 4939 521
4790 4284 3357
2805 1045 27
3268 3107 2975
2601 3518 4467
78 3741 1792
4059 1354 3469
4150 200 1866
2923 2224 1509
23 323 4184
4856 77 907
1608 2275 724
3057 3177 4745
779 2054 2858
3136 388 277
2386 2306 455
2852 2868 3645
840 4573 19
1592 1912 4308
1929 3011 1465
4207 2995 606
1341 4050 1290
4994 4362 3354
2203 1275 4112
1920 1991 2665
357 403 4854
4474 4768 3111
1346 4359 331
1142 4231 1831
2076 235 2817
3712 401 3663
4162 4320 2397
4719 4425 396
3056 2539 1381
1791 978 1383
4186 1603 3481
68 4727 4837
1693 357 2000
4268 2342 2869
4933 1862 1757
4509 2667 3227
1041 404 84
3233 1017 4541
439 1161 2177
3622 1065 1889
4280 1634 4056
2221 1738 1246
526 1391 2607
3703 2226 883
4969 1128 3368
94 1959 3483
89 2410 2866
1456 1698 3806
2548 1664 761
2665 1211 3596
4585 3550 4903
2150 1197 2611
1157 4263 34
3201 4921 1542
4167 1540 3821
301 3163 4502
881 91 4209
4021 2247 973
3682 148 2573
2274 4603 2537
2703 2972 3286
194 12 4780
484 4651 2668
4495 2621 1516
2366 829 2886
845 456 2813
2284 4502 4108
4491 4528 3214
4003 1579 3437
4410 4000 1497
1692 3841 2234
1376 2735 4785
2027 4661 2011
4755 981 3973
3849 455 3161
506 4327 4747
4470 289 3950
651 3866 4245
189 3808 2572
487 4523 217
2588 1549 4291
816 3722 4098
3108 2039 1176
4946 3210 3431
4899 3569 3167
4743 2454 843
3720 3701 2628
4400 3965 2607
2198 4572 2285
1023 775 3537
3378 2881 4096
3003 4220 2337
3319 2370 1247
1044 1646 286
2015 3330 4949
3256 1380 579
450 1888 1373
1611 472 4208
2141 2198 1682
3948 3668 194
4905 2810 3024
3150 2640 4916
498 384 4593
432 1389 2063
1018 3077 4504
1653 4066 4119
4246 1613 1080
3013 3331 1023
4867 587 4401
3017 3242 2198
1143 2963 4991
2609 3421 4445
1029 2096 549
3027 3733 1077
3071 3012 2468
3566 334 3857
4961 2691 1993
4057 522 2084
4336 4433 1620
4043 4280 2942
499 1604 1883
2413 3359 2541
1397 4109 3098
3203 2413 471
3490 4123 2159
4109 1990 1528
788 1807 1681
2226 767 2058
3337 2651 3088
1651 3882 1460
703 1791 4646
1476 64 144
1976 4920 2803
4215 2041 3262
2845 1182 1877
3633 2331 3451
2896 4483 287
4157 3720 4922
2746 1307 4686
4232 3285 2842
4036 1559 4671
1561 2581 1182
2624 869 3569
3425 1534 3427
4385 4370 3863
1259 4505 4528
1532 3964 3793
4873 1704 3093
2556 1902 3700
3155 777 4041
3565 2402 2613
882 715 4438
3523 3023 2356
4665 1571 2120
4487 2433 4878
4016 815 3496
2801 2541 2025
4096 3577 854
4255 932 2415
2327 2992 2590
1301 4037 4337
4582 1219 4808
472 3947 4644
2478 2099 2808
601 2791 3083
774 849 2340
612 4610 4468
1005 1781 3681
1868 987 3730
341 564 2892
1130 4439 3730
2656 1221 1464
1718 1468 1133
489 689 3193
1572 3140 4674
2475 2048 1230
1321 4870 4573
582 3236 2413
2626 3207 2181
4092 649 4061
2232 2245 4766
4155 2182 3677
3115 2809 3006
867 1310 3058
4303 4856 3542
3683 4894 2440
3701 4824 2825
728 4607 2037
3505 2179 1505
723 143 3161
3516 2167 2947
2899 677 312
1009 4618 1778
3700 4951 449
1305 4714 104
2621 2290 4898
3863 4736 1738
2822 2996 3797
1232 3218 4984
785 3982 1196
2340 937 4881
1402 2177 782
3935 1259 4946
761 1506 3029
3086 209 4108
906 4124 4386
188 3822 4510
4288 3968 1277
1704 3924 4729
2311 4836 4761
1845 3860 2088
1914 571 1077
3903 328 1904
665 3804 3971
3670 262 4115
4632 3913 756
4619 3176 2500
896 2822 1282
2094 924 2819
1675 4476 4855
1246 3492 4895
4266 4407 2613
4369 463 614
3660 2396 2035
3993 2871 3154
4806 2426 1327
2794 3152 3866
1941 954 4269
1400 639 3283
4206 339 343
2112 2521 907
3590 179 1168
1739 380 776
917 3574 184
2177 4851 3123
1347 426 4063
1947 17 1318
991 952 2694
575 3263 2842
2393 4412 2866
4713 3766 4485
838 3188 3526
4481 7 2516
1396 1866 4911
2454 4971 2330
2984 153 2546
2611 1281 3300
1490 1554 2719
4527 4794 632
1552 3165 1497
1209 2266 3281
4469 4943 1150
3424 1679 469
1659 2757 1543
1918 637 563
4142 3522 2446
438 4322 3294
175 3827 1150
3899 1876 4116
3117 3468 3918
4442 3016 4667
735 3752 464
697 482 169
2737 4027 1097
11 2976 3023
4639 3594 1977
4433 1667 2280
4812 1552 1442
3197 189 1035
793 2774 4618
910 1124 2624
454 1511 1006
558 2281 165
1940 4578 2537
1174 1020 4646
105 3079 144
4050 1542 2217
832 4681 3523
4727 3110 4957
125 1030 617
3451 756 144
4061 1665 2508
322 1725 2334
2672 4637 2597
2273 2480 3865
4603 4655 4027
3038 667 1975
2838 2249 3717
4839 4311 4719
4486 2524 4744
4270 1619 440
795 4022 1620
228 1992 743
3820 2993 89
4765 3291 2939
2211 1780 3773
2575 4211 2473
1098 1382 112
2463 3464 364
2636 4922 2340
1605 2264 274
1116 3798 4773
4554 3097 1697
4762 3158 2521
3989 1979 4010
3289 3475 3716
2740 3386 2488
1979 3926 1949
4874 1794 1556
4248 2310 3952
515 46 4977
3962 1476 2936
1759 4764 4148
732 1514 2633
3588 579 3126
2259 2770 353
4122 4342 455
4287 1379 816
2653 4552 738
3898 4786 2880
3968 2400 3548
973 3942 1762
2137 897 2422
456 4340 167
2233 1321 90
1331 4711 3073
3858 632 3025
3255 1146 1157
1049 62 3240
3515 368 4985
3326 3472 4599
1505 2695 706
2470 1024 4798
429 1269 1602
2584 293 2879
666 494 1584
4524 89 2958
2721 3323 2185
1956 76 4553
2960 2835 1066
1567 2299 865
3940 1068 99
4452 1266 4650
4079 2327 2637
4662 3640 3141
568 4712 2382
1735 3939 2967
1152 1830 4347
3062 1671 2239
4417 1934 40
2046 2197 2672
4171 3040 4995
2082 2013 2373
967 2768 2161
4507 4550 3434
2382 3445 3955
4579 3122 3213
3379 4299 235
2560 529 4926
1927 618 1877
4653 888 461
823 1199 2460
4084 1326 3869
928 4073 3892
770 966 915
3464 1357 2960
4980 4330 2976
1963 3525 3472
4796 2709 2814
4863 4684 730
3965 3516 4199
151 822 4252
4035 2550 2302
1033 3861 244
3753 2190 103
2344 3004 727
4655 4818 223
1600 749 2618
4551 874 4874
3417 4815 3302
1911 2631 4688
4557 1421 2808
4528 1475 362
4720 2887 3028
2155 2936 4068
1315 2 2126
4678 2856 517
1603 3440 4569
3714 345 779
829 2484 1662
1199 2904 1409
3528 225 3344
451 1101 853
4204 680 4865
408 1995 3499
2722 1306 623
169 1052 4548
1208 1385 436
3278 3662 1047
2961 1431 2523
2753 2153 1538
1871 3280 1259
1165 2614 345
2008 1323 4261
2537 4423 4780
229 2489 4614
3363 4945 204
606 4918 2654
230 2924 4854
4850 2303 4059
46 3483 1968
3054 1094 701
4340 2823 1458
2730 4934 3826
3026 94 2601
4465 2765 2062
2578 4488 813
1170 1250 4004
3235 405 787
1582 105 1416
3215 1743 1110
268 3893 4959
987 2447 2274
2330 2833 970
3336 4274 2087
3341 2786 1760
2971 3670 138
3773 372 2742
1236 3520 984
2160 3669 2228
1355 4743 1768
3443 3258 4446
3512 3876 4698
3607 3591 2019
550 2025 1808
4074 4846 155
4525 1288 3737
944 4582 1908
1253 1701 2003
3629 2819 3167
4124 3568 1000
3068 4932 3727
1889 1942 523
463 3837 4496
1529 2324 173
1126 580 2837
1840 3775 1507
2143 2192 2425
962 2522 1750
2030 2051 891
4431 4696 4558
3116 738 1935
1755 1229 1504
2000 2795 4530
2059 4229 1298
658 210 19
2062 206 1682
3591 2749 25
1736 1508 4863
1079 624 410
848 3630 4268
1066 712 3829
4139 4770 1041
2673 873 3760
1812 3938 2659
3021 4865 1215
633 1261 859
2819 586 223
3742 959 3320
1703 3560 2046
3130 413 3593
4952 11 32
4212 2443 1113
1968 4621 4627
2332 574 2779
627 168 3693
2536 3596 1585
1040 4704 1976
803 2450 393
1290 847 261
2529 1088 2517
1084 3344 2285
1685 4886 466
1471 351 1633
3154 4275 2418
4168 1315 2945
2538 2215 1917
2124 4516 788
4136 867 1168
2054 2568 1440
2824 541 3892
2631 1766 614
243 4757 771
1808 2849 112
4357 1817 418
4165 2951 1561
4808 3503 533
3765 1370 4832
326 3272 3834
4330 806 167
3335 3997 4772
4834 1978 3190
4319 2349 2859
2784 4590 927
2987 3096 955
4881 3486 2098
1221 4718 3436
141 984 2973
983 692 3482
3766 2670 1126
2530 3130 2376
4201 2523 4682
2618 4361 2724
2731 3961 354
4898 3226 4400
4664 4707 3752
4779 920 1016
255 1363 1766
348 25 979
4005 801 3279
576 306 67
4342 2227 491
1083 3175 8
1715 2718 2692
479 1416 3198
1815 4449 4945
2215 4465 3125
2197 3991 4795
4360 1091 3748
3250 1293 1050
842 2743 1307
3619 2040 3732
4378 1691 3443
3628 3043 3875
2295 1742 4958
691 2217 2887
1809 3142 4589
460 2284 4759
3270 2821 1620
16 2630 652
1159 2346 3337
1272 3902 3695
505 4975 2223
2353 1472 4107
3987 2312 3787
2240 1252 2293
918 4795 3906
3195 162 2720
4372 2552 624
2797 4534 323
3642 4188 4969
4931 2554 3055
2936 1551 4326
4480 100 408
35 2239 1205
3366 1957 1592
3405 3205 4472
2412 1578 4163
123 2832 1993
154 4147 602
3889 1610 1241
4391 4517 2508
259 4053 1698
626 1583 148
2516 2622 1455
1369 517 2828
2561 3031 903
22 682 1329
688 4981 1637
3388 880 582
464 4209 4893
196 3978 460
3900 4171 1938
3103 4956 1340
2986 301 3566
4791 2280 3229
4893 2200 2114
2965 1031 2478
2716 745 2591
1762 3156 3365
718 3448 4119
2829 4367 3428
3933 2816 3874
3009 4450 2967
83 4910 561
99 1703 1773
3296 88 2589
3966 2922 3347
3636 4566 4216
683 1574 2466
3194 2376 3406
4848 2271 4320
2714 1727 2148
364 4843 3731
3836 2234 2201
3832 3085 2229
2135 1655 1097
3761 2846 3609
2739 4912 2635
998 1983 1513
572 1378 1386
1636 678 1343
1832 2586 3117
4460 1231 4435
3947 1358 1444
2898 1636 1755
4478 4185 3147
4106 2472 1478
286 3617 2111
4429 858 4039
3576 2895 4583
2489 3809 4298
2834 1611 1443
3783 1618 837
4915 490 4993
751 3443 817
641 2061 271
4375 316 3143
96 2136 490
3972 3742 2286
3732 947 1023
2036 4422 161
3648 2953 4903
937 2055 1586
4283 4817 295
3845 4207 2182
1394 4807 2643
4708 1960 3575
1700 3704 4991
3067 4026 1833
3178 3984 3263
296 3493 3190
361 3714 4674
4596 2556 843
2364 989 4371
3306 951 936
2328 2984 3535
4377 2980 3076
448 2616 4204
3649 3166 4024
1354 2676 832
2346 4658 1079
4434 870 3037
1340 4096 1997
2863 2488 1694
40 424 211
2689 99 2864
1493 1620 2763
2205 863 3009
4925 809 556
3693 2220 3272
4758 4146 3932
1569 3604 4438
4688 3021 4454
3518 3450 4130
3122 2391 2171
4254 4267 4272
1831 1168 1836
584 2187 245
1258 4469 2458
1527 229 3127
3824 2263 2144
3302 4276 2949
583 603 315
878 197 1871
4838 50 550
446 4977 2827
3334 1158 179
2063 2879 1347
1446 1962 1807
4714 141 3087
1489 958 2236
4163 4909 3545
3412 1771 4535
1123 1102 3302
332 2853 285
2261 3555 2504
3052 4246 4758
2883 511 1477
700 2424 815
2962 4199 1973
3340 4641 2203
2495 2011 342
473 3908 443
2911 613 4121
2623 3665 3189
3734 2573 1754
1745 3022 2328
3915 90 3504
370 2478 431
240 441 4463
4407 1461 1870
1973 3505 3206
1870 3345 3327
27 2250 2743
3799 4834 4134
1069 3197 193
3479 1093 2248
1512 724 1299
4669 2865 372
1881 2316 3624
3218 4593 3541
4103 431 3650
1090 1926 4696
1418 187 3630
4549 2792 2992
3436 2097 2275
3028 2590 4418
4511 1764 642
1584 906 4727
4160 2060 2361
1087 2237 3915
4773 1349 3690
2809 4129 270
752 2741 441
1835 4156 1104
3838 4996 626
4829 2259 2181
3530 2660 2149
73 2641 706
3396 277 2052
4029 2898 877
980 3465 3999
4827 3496 4118
2146 2143 887
1893 4491 167
1618 2335 3323
574 4935 136
1793 2044 4889
4878 86 4777
3502 2565 1191
1599 258 2586
1510 1585 364
3983 583 2567
668 2530 3698
254 1041 2297
3491 3290 1540
3721 1638 1233
4072 462 3206
4767 3398 2880
1568 466 1664
4649 3707 4887
4990 1933 3648
4560 3873 2642
3904 615 1855
3063 3753 3498
888 3279 2228
1198 1901 4297
2966 139 1475
2433 2739 2343
2362 1 1451
2783 1929 3429
181 1985 1614
617 493 1120
3602 4082 2822
4861 1708 1048
4159 53 1528
4793 3404 255
3787 2740 2234
3168 4294 1791
2310 4774 1968
4724 3389 4074
2995 1865 2824
1282 4204 2440
4731 1452 492
3033 3901 4473
3227 2728 3769
1792 3209 98
1226 4838 1685
2544 492 4715
1650 2258 2786
2315 2572 2580
4188 3925 2821
283 2360 3418
13 2553 288
1713 1319 4220
2133 3698 2657
978 4885 3171
1356 792 2552
4824 3114 4922
4564 3695 2837
1719 585 1102
3249 868 4620
4753 499 1333
4448 4472 1396
244 1078 1251
4896 1171 1659
2017 3376 934
1807 3065 2383
52 460 140
57 319 1521
3934 3329 435
1110 4595 4789
1583 1724 2890
1554 4916 1116
1101 3825 3559
743 3823 1674
1895 4791 1662
3577 2350 2267
2615 2944 4009
2519 2412 704
618 294 4300
1197 634 4089
2087 3851 1233
680 601 483
3487 772 3524
2595 1558 2331
2418 3693 4893
1714 1278 1795
3780 1086 3819
4064 232 3570
4768 4271 2110
2562 3584 1516
4581 1393 3531
3093 4032 3932
712 979 371
1612 3962 612
1921 1253 1024
2365 3378 4897
1383 3458 2822
2190 1730 901
3776 1375 643
3959 2661 408
309 3898 2698
1897 3498 2307
4606 176 1615
3216 4323 387
3547 2024 1989
551 4376 876
2465 4540 409
4275 2638 2365
4148 1826 4959
1806 4861 1046
3828 4441 4200
4907 1769 338
2202 2764 3854
4580 4992 3003
4009 1262 1543
2688 4186 1319
384 196 222
187 2875 1797
4957 3319 4015
4752 3979 4995
2754 3169 1714
1848 59 3593
3874 3791 4465
831 2575 2688
2396 3981 2946
2643 1205 2824
1967 2019 2118
2289 2074 3101
1020 3517 229
1882 883 1364
4672 1301 260
567 350 973
3951 2116 4040
3821 2680 1455
4877 2321 34
127 2112 462
2777 371 2045
2461 1615 800
4831 1924 2781
3372 1732 1466
1606 4085 215
3354 552 3846
4247 650 4245
3231 1680 2341
4687 3123 2990
4900 2854 3843
3764 4902 2678
3840 3150 1782
4935 4474 4540
4121 2663 1638
3267 941 1412
1081 4976 1004
3730 233 4857
3060 4352 3175
1474 3987 1855
1187 391 2446
681 992 4372
4841 1233 3387
559 38 4341
4663 1096 2425
4351 1286 1380
271 4248 319
846 1800 1531
1711 2212 2292
1011 1177 3119
2579 973 3911
4403 2917 4310
1724 3168 3595
3303 1913 4335
4230 3636 2749
174 3660 2684
4356 338 3801
1657 701 1382
922 4860 4628
3729 3136 3480
2246 3944 4350
3891 337 2534
2766 1464 185
2825 691 1702
1896 223 4946
4966 1103 150
1850 633 4972
3937 69 1820
1825 2066 2037
4439 1501 85
3393 1702 4454
1357 122 3956
2129 4368 3036
1128 4518 4028
4149 3763 3514
1513 3296 998
1816 1484 3953
1952 3064 1250
4235 3989 2388
1271 1625 2470
2968 4245 756
3747 3773 58
1876 684 2420
936 249 4888
3786 1316 4287
1378 412 4074
216 2147 2368
3810 71 1982
694 3356 3206
4586 1612 1722
3572 968 1558
4221 4261 18
1733 3543 14
1805 1877 616
4008 63 2551
2303 56 549
3497 4605 1104
2130 3888 4072
2301 85 3895
2460 1423 2908
1111 4241 329
2872 4538 2282
2471 4293 386
3440 3971 4300
844 244 4163
3737 665 3525
4667 4580 1853
3466 2018 1883
1450 1387 3169
3142 3380 1060
1673 2183 4422
769 1040 2036
4145 4197 2700
4362 4162 1081
3041 1770 1017
4300 333 4481
2976 2131 2136
3406 4200 4743
682 1085 4681
2763 1940 3239
2497 2578 3821
1867 3877 2207
3192 3857 3760
1662 311 1510
4033 2532 852
1535 2506 4775
4415 1786 4608
4945 3803 3030
3207 2027 629
1953 3614 3481
3433 3884 1739
2480 1457 4636
1225 4470 3892
801 73 2023
3812 3871 3612
1280 2439 2924
3627 3144 2925
648 4662 3271
2423 2672 79
899 555 2855
3575 2775 147
4380 273 1687
1485 2012 1566
3533 3699 2818
638 3201 2047
4859 4315 4647
1405 800 4230
549 3106 2639
3224 4587 1269
2949 2308 1095
2091 4678 555
1960 4486 2965
4435 690 2232
250 1074 333
1814 430 1265
4462 4480 2603
2681 3709 190
371 2605 674
2172 3715 3103
419 1403 2731
1530 1217 830
1237 4735 403
3330 676 3998
299 3589 4158
887 852 680
4578 3281 4086
183 2533 2740
2555 4522 3524
833 1836 42
2871 4455 3034
1577 3080 3746
4054 2494 474
1298 3510 1647
3161 10 157
4060 3751 4218
820 4917 4443
794 3066 1932
1928 111 2547
1019 1810 3391
2368 318 2508
3752 3261 2059
4156 65 1326
3446 2929 82
2231 2427 4744
4071 2927 4641
1780 4494 4521
2389 696 429
4910 2753 4989
2945 4591 1167
2057 3479 744
1725 4254 4327
3894 314 2554
3156 4296 3208
246 2144 4105
915 1803 2723
2803 1710 3673
3467 4428 4180
1303 3020 3820
860 3237 4913
3757 3277 2446
2290 687 3427
2347 1970 468
4883 3139 1931
4334 2216 2615
1702 4831 2528
932 4430 468
2918 4058 2000
115 282 74
4418 3374 3099
1061 1493 2746
4263 359 2073
1368 2419 1650
3420 3576 4066
331 1005 1164
3756 1497 4591
104 735 628
3457 3089 1653
3260 1668 4786
2473 4915 4964
2229 1801 4610
1909 3413 1699
1224 1835 1085
4730 2014 3459
890 312 96
4364 3298 2856
1447 4174 4070
3367 3000 1894
4643 4104 4540
4117 4467 3460
2724 4121 2889
4583 2990 3499
75 3127 162
979 365 4703
1076 2619 4167
4293 106 2464
3465 3892 1754
3050 3651 3128
2956 4228 3613
704 2110 707
3000 2101 1788
197 454 2113
1576 2081 2677
914 857 3092
1944 415 4342
1022 113 2197
2954 1822 2785
422 1143 3368
1241 4344 1535
585 4726 1108
1017 509 2062
969 119 4514
1188 3956 1896
1401 1716 2157
1614 1453 117
4693 2103 4300
2773 1893 3900
2055 2973 2094
2194 3307 4035
4286 3326 2063
359 1872 1113
1661 1208 1421
3506 2023 2926
3307 1462 4707
4959 1594 3613
4467 2462 885
2260 4165 334
7 1432 2731
3236 922 1170
4305 1395 781
1172 1907 4459
2542 218 4003
573 203 2572
2775 3251 4951
3290 556 44
3985 2436 1127
1723 3769 235
4947 3427 3815
2287 4055 2520
3360 3918 2257
1817 3721 843
212 1868 2941
2223 96 920
3540 3656 47
3800 1528 1857
3527 757 2322
3346 2160 4116
140 2272 4643
2761 2421 3592
2630 4179 4493
4447 3850 3910
1141 1776 2991
2648 3185 4161
2123 3839 1130
1686 1568 368
1677 2570 715
2904 521 42
4242 3019 2301
1904 679 3993
4648 1644 1658
578 1486 1982
3301 1513 2548
17 3949 2018
1743 3190 4294
421 3625 2290
1866 150 2906
4443 3922 1932
3982 4414 4792
2564 4780 1311
457 1621 3068
3751 2519 3523
2286 1798 3409
908 1555 3601
3106 1996 3505
3191 3515 1073
34 2767 859
3345 516 600
1537 1988 4589
4042 2117 2259
160 216 757
4788 1418 1738
2288 4716 3228
1021 1383 2165
2166 2542 2670
2989 2874 378
4482 1047 2933
579 1986 1357
3798 27 3430
2077 2683 4555
2189 3288 3625
2321 4206 2585
1842 1532 1258
4520 3727 2322
4367 4187 2833
323 1117 1741
1319 2361 4060
3641 390 3033
635 4893 1029
2700 3963 4172
2691 1973 1438
1880 4257 4571
4261 2353 697
4595 248 728
966 3250 1624
333 2693 1731
56 2714 775
1330 3178 1383
2003 4745 3671
155 998 4131
2210 575 3186
3460 3377 1079
2066 491 1627
14 1368 1614
1669 4269 4483
3887 1663 1614
4895 4634 4321
4512 4672 4559
3282 1951 508
4929 4606 277
2348 158 3502
1828 2512 359
3691 4844 410
2597 4438 860
3049 4563 3464
1458 3017 2019
4335 1827 3287
2438 4508 1637
3743 1648 754
4028 1882 2799
3478 57 2030
2876 4692 953
3431 3970 3389
4964 3212 3763
409 1754 1569
2701 3794 3049
58 1071 1737
2161 230 2073
2860 4949 275
872 1982 1971
377 3320 2722
3777 1018 1630
2425 3858 469
646 3312 3347
4745 4473 322
3860 4564 3524
4621 1948 736
3664 3470 2450
3124 3853 4405
1432 1295 3622
4422 3677 4925
64 1023 1545
2743 3621 3556
3087 2267 1951
2778 2919 1629
3427 3369 4587
2279 205 84
902 2500 4101
2912 2597 4077
3549 3905 2759
4489 1737 381
76 4102 3255
1068 1428 2111
3511 1144 3956
1112 3243 593
3442 4380 2039
2741 4495 4915
85 3524 1142
782 4639 1482
4974 1473 435
839 855 4958
4309 1121 872
30 3534 4592
2403 563 328
2776 2733 3034
3551 4113 374
3724 1099 3388
2821 3842 824
1995 2662 910
3343 4316 888
3866 3228 4071
4876 4164 330
625 481 2961
4017 399 3427
3459 4375 3602
3681 4773 3246
3110 3627 1877
2092 3360 2211
849 2800 1634
1797 352 2689
741 2206 3845
3510 4548 6
4001 1686 563
1671 1728 2829
2816 4024 4023
383 1283 3055
2314 208 1831
1239 2437 1869
4774 3862 1113
4371 121 2841
209 1768 4720
2467 4416 4227
798 4181 1119
4976 2704 665
4533 2982 638
117 4608 4723
1886 2210 4555
2551 1567 4926
4984 2807 1220
1635 621 1726
261 559 1885
2547 1249 444
3674 3631 3720
4153 1596 13
730 592 4306
2238 4339 3267
1992 4452 203
4383 278 912
3535 4906 1383
98 3195 3769
4609 3227 3211
1640 535 3011
3996 213 3051
2264 1675 2866
2434 2141 2640
577 3032 172
3963 3316 4447
3083 241 1115
1508 3903 4139
1421 1202 497
3513 4656 4410
2528 3436 160
1550 725 2598
4354 3390 4087
139 4234 1368
1426 1230 4856
4135 4317 361
4387 4874 2909
203 2387 673
1536 2596 2912
2462 2276 4095
143 3528 693
2697 2583 340
3878 1454 4047
4324 155 1395
2512 2650 1807
3399 526 1502
909 3740 1315
836 2092 4
2900 1076 3087
2752 4694 1633
3847 49 486
327 760 3806
4424 1492 4051
4760 4746 490
1758 2191 3573
2479 2589 3150
1524 2409 1420
3045 2418 4532
2090 4811 1305
1852 2476 95
874 47 1822
368 2102 2560
4633 929 3239
2250 3874 16
2083 3310 4358
1763 3732 4999
3548 4596 3999
3657 3355 1304
3385 4007 1690
1772 1248 1263
1913 3058 4669
4031 2486 3850
2300 2952 690
2699 4629 1022
5 546 3188
2089 1954 2647
3888 3718 4569
2509 750 3914
1525 4828 2225
4234 55 1291
3046 1290 4266
4837 33 2011
1099 2343 4940
2864 805 2560
4985 129 28
3470 1875 2472
4803 1715 4333
947 4436 4185
2553 2836 535
2253 52 2789
4049 4778 1285
4468 283 2741
3808 928 4046
4053 3756 249
3309 1685 37
102 4409 2993
819 4074 3102
2593 4625 604
2709 3160 3477
4623 4806 768
1255 2000 1795
655 2438 3525
3562 18 786
1594 2588 15
3974 576 4511
4942 2034 3533
2811 2891 801
3315 1480 4803
2140 1257 4050
4083 1729 451
4314 975 2312
786 4250 2171
4820 4717 1476
4676 780 485
927 4519 2656
1442 3659 4531
3534 1688 2606
3846 2708 1788
924 1928 2629
2732 4695 3580
3295 1373 819
2948 3049 934
2119 1039 3024
1486 2372 555
3970 1245 2475
4384 2585 854
4056 361 709
2702 4333 164
1996 2850 2923
4548 949 3151
1310 4873 4206
3643 2796 59
264 1874 4711
4699 254 3350
4373 3270 3143
2788 3607 1344
2324 2213 2290
3461 2920 1670
3616 2526 134
1334 4069 1069
3180 2089 2901
317 3248 4472
1951 3990 2712
1676 3416 2179
1153 1184 2011
1683 1135 64
4711 2021 4875
1872 1003 4085
60 2100 2264
2862 4827 2667
2928 296 1975
4104 1092 3003
1767 1601 3688
1349 1526 2612
1067 1692 4377
3187 364 1854
1752 655 53
4962 1509 659
1309 416 459
4257 1499 1638
2786 1127 1743
4853 4724 2369
3991 1137 1855
1131 1138 2740
3785 1036 2500
191 1793 3400
3950 1850 2650
3792 2046 2435
2069 1456 4705
1853 1130 1002
4949 652 1127
2738 2897 3752
126 340 4647
571 4645 2943
225 178 2002
1264 2152 1897
4584 2618 4521
4000 275 2949
4466 3757 1320
2539 1614 3737
80 694 477
3310 3960 2760
2517 48 2466
1144 4243 979
725 4190 4610
4567 2633 4057
4776 4456 1485
4517 3174 4495
4423 3975 4190
3656 409 4075
2084 2861 2951
1689 4626 1557
3365 1998 747
706 3702 1970
38 845 3109
3984 4343 1377
2060 4941 203
722 4585 580
1744 2325 3428
4164 2700 1806
2970 4287 2915
393 2685 4486
4341 990 208
620 3224 4806
4202 827 3025
1366 703 3589
4302 4628 556
1801 4883 4560
226 3994 642
2654 4753 2449
4614 2339 3361
3647 442 4058
3971 427 930
4449 1485 681
1778 666 3011
149 2516 2232
4970 3351 2657
4011 2485 2123
2660 3739 1927
775 2162 382
3167 2490 623
3163 4062 4932
3844 713 4972
3856 776 3980
400 2694 4222
4281 673 4045
2417 2338 820
3011 3286 4276
2430 1713 1408
3064 2632 1099
2742 2644 1752
968 4240 2220
3205 4435 2602
1233 4660 2134
4493 3342 1971
2533 4308 1895
2313 1525 241
1647 2843 885
900 3093 1372
3784 387 4753
1507 4854 1216
865 3324 3671
148 4155 4970
3981 1855 647
1431 4306 2903
3096 4252 2947
975 2813 2811
4750 887 3233
4552 850 361
893 373 2511
334 518 4467
1688 108 4613
1364 2906 223
4211 266 3109
3374 3830 3758
1248 819 1170
1392 2256 1155
679 2955 815
1628 4141 486
1434 3770 4097
3980 4999 2488
453 1291 851
2492 4979 3659
1384 1736 1411
3285 4110 2651
391 147 1560
3620 934 1528
1545 3801 3725
3998 4033 4295
759 4192 3496
4543 211 107
632 2964 4038
387 707 1168
3850 4905 2196
1751 2062 238
3263 4108 2493
3390 2513 3360
497 1215 2313
423 2401 2489
15 4203 2721
3601 1329 4969
404 4418 3789
177 4011 1491
2258 1886 2242
871 1220 4370
1185 1090 3025
4187 3588 124
4476 4781 4987
3200 1569 502
2023 853 151
1581 2149 3991
613 4396 2571
754 4492 3476
3403 4892 4497
2225 3936 1758
1030 2926 4050
2861 2561 2632
1353 1062 4305
4983 3747 75
3042 3412 1543
4271 2903 4637
3638 702 3058
2404 1443 3675
4195 3409 3659
389 594 3590
198 3557 307
4178 4683 3720
3434 116 813
2336 4984 4929
1215 3221 688
3422 769 348
4918 2471 2515
2975 1242 4422
1277 353 3188
2526 1873 2923
1168 1753 1930
1942 1402 1292
2865 3481 1572
380 3754 3994
1121 2057 4901
1991 2270 3598
2531 2649 2266
4134 4097 3972
4483 4669 265
4297 4131 60
3364 2625 4130
894 3847 4263
3706 3 3471
1289 2429 4309
1124 3906 2788
541 1739 966
4205 986 2033
3012 2314 1317
1668 1444 1059
1557 2991 3670
1620 1952 962
1206 1707 4554
1459 1616 1367
2974 227 2623
3634 3946 533
3596 1677 3451
2997 3222 1672
726 1317 3043
1589 1774 2305
4185 3444 1183
810 4244 4116
2283 2347 266
3978 2769 1633
2720 4331 570
20 1339 3054
3909 2555 3045
3955 3608 4511
1846 1413 4432
272 1745 405
1509 1539 3086
2010 3533 761
4703 2549 4852
3569 2473 4352
699 946 2590
3558 3183 2073
4573 550 2178
214 4864 4623
3344 2910 4366
4726 1806 4870
2836 3615 593
2265 532 2525
3907 3086 462
3925 4424 3649
527 3519 2572
589 1474 4724
2823 1163 3548
247 332 4488
3585 4549 4117
1621 1925 1369
4012 1931 3627
3592 4561 1872
859 1856 4170
2947 4732 455
3081 4395 478
4298 2302 4064
4454 70 1747
1073 2677 2996
4589 2746 741
995 741 574
2156 2193 1059
3214 450 4855
2979 1427 337
1105 4958 2073
1351 670 41
508 2188 552
4173 3923 865
3872 1921 22
4979 4326 2853
693 1676 4362
455 570 1316
3259 4052 3683
2712 3676 1549
2341 1883 2467
406 3749 1684
1025 2455 4470
1133 222 868
4094 3671 3648
1219 2623 221
1930 4217 2563
3902 3943 648
1522 4463 4545
511 996 3047
2522 2939 1259
2176 4554 1127
1481 3716 2311
3885 2075 4237
1054 2789 932
4691 4569 3666
552 4701 2367
628 4598 3064
3969 1588 713
1665 2793 4482
277 3254 4189
2666 807 1671
993 2752 2503
4686 3026 3514
3456 3452 673
4741 2659 1935
3973 2016 4908
4604 4484 2527
2263 3988 1590
2930 4218 1262
690 503 2598
1182 3772 1716
3603 744 4688
4868 120 1081
564 4799 4366
106 543 1092
2870 2091 4755
715 4355 1021
1598 363 871
3868 221 2005
2599 1356 1461
3368 2646 3215
3557 4260 4765
771 2847 2630
2067 1694 1276
2469 944 3026
3926 3802 1578
3914 1014 3302
4989 4927 1200
4684 4615 184
3976 2378 2606
4783 1401 3233
2073 2727 2755
1551 1437 3692
1646 3322 4552
3237 4705 2545
3525 2668 4467
3922 2334 2538
3287 1471 56
778 2756 261
2235 238 1040
2680 1160 2073
2025 1762 3523
3886 2043 2967
2964 3799 3386
4656 2771 2684
1338 1670 17
2684 911 1259
3193 4944 3463
3848 1824 3182
3121 4810 2885
222 2658 3114
2116 4588 4417
834 4728 3489
1100 3919 41
3958 346 1515
4928 683 4479
491 1009 1298
403 1173 369
1154 487 3772
1818 2301 643
2827 796 1926
1627 995 1926
805 3565 4024
4775 4194 4342
2790 4095 1671
1800 2257 1235
405 4821 2327
1491 3645 3565
4963 545 653
3908 3118 4930
2391 4258 2352
1092 3098 838
2686 2095 3106
1679 2916 4691
4954 686 1873
4022 1563 2897
2837 787 3220
3726 2515 1227
553 3624 2152
3501 2562 1551
2747 3967 2613
3804 3301 2447
3949 956 4433
4951 3694 3727
4771 1033 2092
2535 276 299
596 909 762
2888 2323 2771
2793 3611 60
4389 9 107
4238 568 3197
830 1904 3641
4193 2244 206
4141 252 1637
2409 862 2612
2411 429 3733
3101 2738 1160
2978 3115 4991
992 2776 3168
2439 3712 75
1528 1333 3814
2875 2380 4155
4374 1846 1064
3855 2428 3194
1975 4966 2578
4674 2032 3023
1959 1905 3562
3775 37 2598
4843 1107 3108
2515 997 677
501 4953 4823
1149 2941 1264
540 379 3766
1917 508 4998
3771 2582 2973
2649 4928 3519
1136 2949 3128
1864 2678 3195
4571 2390 2637
3814 284 3385
164 247 4825
742 4725 2011
2272 804 2698
4712 1586 2038
3563 2028 1003
3095 896 2810
2494 4614 1529
3376 1458 3902
4243 3684 3523
1466 971 3141
2217 3056 1290
3202 4952 2396
3024 4855 3588
3797 536 2824
649 1778 315
4018 3157 997
3134 382 4064
1160 3620 3041
955 3986 407
2381 2699 3070
1498 2615 1297
431 4403 1791
869 3126 4923
84 26 4193
2180 3428 1765
167 212 346
2266 3455 1664
2925 1166 203
4622 4779 139
544 2036 2517
4535 2545 4591
1192 717 1769
1181 917 2
4862 2459 1232
4673 2407 3453
4544 1282 374
610 1151 1164
2456 4272 4554
2276 519 2556
3635 860 3839
1986 2340 3006
2629 3225 177
4105 3417 2116
4972 4189 4537
311 4845 3403
1102 3683 2211
4598 237 1713
4628 1721 3149
2946 553 2766
4742 185 3520
1381 1255 3602
1783 1488 675
1342 4005 1391
4746 4947 2258
4426 1167 4386
4224 4283 3257
4757 420 2378
1270 3870 4014
1339 3395 3861
1964 4948 90
748 4184 2459
2842 1254 2268
4395 4041 3445
1151 2959 125
2436 3082 2331
631 4923 4227
1406 1225 2564
1472 3129 4194
2080 1751 111
3432 4410 4980
4749 993 4340
4635 961 3310
3219 2877 2182
1145 685 4468
