1
2 1713
2 1 1413
1 2 152
2 1 998
2 1 307
2 1 7
2 1 1046
1 2 524
2 1 357
1 2 1013
1 2 283
1 2 692
2 1 125
1 2 1624
2 1 506
1 2 1
2 1 351
1 2 1227
1 2 607
2 1 128
2 1 730
1 2 1287
1 2 1176
2 1 869
1 2 757
2 1 1639
2 1 1447
2 1 1363
1 2 66
2 1 1289
1 2 1424
2 1 530
1 2 1210
2 1 1389
1 2 652
1 2 240
1 2 915
1 2 1561
1 2 1435
2 1 1070
1 2 633
1 2 1403
2 1 1321
1 2 258
2 1 996
2 1 1575
2 1 1078
2 1 357
2 1 1520
1 2 1230
2 1 1012
1 2 1677
2 1 1068
2 1 1052
1 2 641
2 1 24
2 1 393
1 2 957
2 1 74
1 2 113
2 1 1443
1 2 264
1 2 161
2 1 200
2 1 1427
1 2 905
2 1 1623
1 2 1442
2 1 556
1 2 221
1 2 1123
1 2 1388
1 2 391
1 2 1377
2 1 1584
2 1 655
1 2 1041
2 1 1375
1 2 993
2 1 433
2 1 1256
1 2 839
1 2 965
1 2 1318
2 1 59
1 2 201
1 2 698
1 2 318
1 2 811
1 2 552
2 1 1059
1 2 1578
2 1 905
1 2 962
2 1 288
1 2 99
1 2 327
2 1 561
2 1 959
2 1 666
2 1 120
1 2 1687
2 1 710
1 2 1694
2 1 764
1 2 123
1 2 1286
1 2 991
2 1 942
1 2 719
2 1 375
2 1 929
1 2 1112
1 2 910
1 2 1658
2 1 605
2 1 628
2 1 1468
2 1 1669
1 2 810
2 1 1232
1 2 1026
1 2 111
2 1 795
2 1 1130
2 1 1525
2 1 976
2 1 1587
1 2 118
2 1 666
1 2 1227
1 2 304
2 1 1210
1 2 1045
2 1 897
2 1 1533
1 2 868
2 1 952
1 2 1133
2 1 1211
2 1 928
1 2 411
1 2 1012
2 1 1624
1 2 1469
1 2 617
2 1 606
2 1 1496
2 1 654
1 2 1563
2 1 692
2 1 84
2 1 312
2 1 1421
1 2 1671
1 2 616
2 1 995
1 2 1144
2 1 58
2 1 1148
1 2 992
1 2 379
1 2 219
1 2 1366
1 2 1451
2 1 1679
2 1 1191
1 2 433
1 2 1559
2 1 949
2 1 18
2 1 488
1 2 1489
2 1 735
1 2 1039
1 2 1361
1 2 1322
1 2 954
1 2 1072
2 1 912
1 2 1634
2 1 1409
2 1 1007
2 1 390
2 1 1049
2 1 458
2 1 1053
2 1 1507
1 2 1630
1 2 255
1 2 949
1 2 1421
2 1 910
1 2 773
2 1 747
2 1 460
1 2 1669
2 1 816
1 2 1440
1 2 193
1 2 1459
1 2 39
2 1 801
2 1 16
2 1 76
1 2 710
1 2 436
2 1 32
2 1 398
2 1 608
2 1 163
1 2 667
1 2 1671
1 2 581
2 1 1687
1 2 1305
1 2 1041
2 1 388
2 1 1392
1 2 1106
1 2 1621
2 1 276
2 1 1468
2 1 757
1 2 775
2 1 348
1 2 1637
2 1 907
1 2 1566
2 1 1069
1 2 1549
2 1 1598
1 2 353
2 1 678
2 1 804
2 1 175
1 2 1093
2 1 1537
2 1 160
2 1 15
1 2 83
2 1 1315
2 1 713
2 1 530
1 2 591
1 2 1664
2 1 556
1 2 365
1 2 879
1 2 1474
1 2 457
2 1 940
2 1 386
2 1 1699
2 1 204
1 2 435
1 2 1529
1 2 241
2 1 383
1 2 1410
2 1 1535
1 2 639
2 1 648
1 2 405
1 2 128
1 2 747
2 1 204
1 2 316
2 1 335
1 2 1498
2 1 1246
2 1 1439
1 2 1382
2 1 427
1 2 515
1 2 389
2 1 1611
1 2 445
1 2 1400
2 1 1497
1 2 448
1 2 225
1 2 265
1 2 1482
2 1 651
1 2 1688
1 2 1691
2 1 698
1 2 1629
1 2 767
1 2 458
2 1 1176
1 2 1415
2 1 451
1 2 1274
2 1 710
2 1 664
2 1 1368
2 1 921
1 2 1205
2 1 1053
2 1 457
2 1 956
2 1 1038
2 1 788
1 2 607
2 1 499
1 2 511
1 2 836
2 1 1170
2 1 232
1 2 50
1 2 312
1 2 991
2 1 473
1 2 1148
2 1 581
2 1 418
1 2 555
1 2 1669
1 2 358
1 2 1212
2 1 846
2 1 420
2 1 73
1 2 637
2 1 736
2 1 1424
2 1 1545
1 2 1332
1 2 626
2 1 1265
1 2 954
1 2 221
2 1 377
2 1 746
2 1 1462
1 2 1649
2 1 494
1 2 684
2 1 1251
2 1 943
2 1 880
1 2 262
2 1 119
1 2 24
1 2 1157
2 1 1435
2 1 1389
2 1 53
2 1 605
1 2 320
1 2 1229
2 1 672
1 2 1203
2 1 427
2 1 1517
1 2 210
2 1 891
1 2 1018
1 2 388
1 2 1227
1 2 485
1 2 587
1 2 1228
2 1 429
1 2 1042
1 2 1525
2 1 1425
1 2 56
2 1 402
1 2 1501
2 1 1393
1 2 787
1 2 479
1 2 746
2 1 1080
2 1 539
2 1 1206
1 2 151
2 1 674
1 2 1110
2 1 1247
2 1 1620
2 1 1484
1 2 1381
2 1 890
1 2 1371
1 2 970
1 2 1034
1 2 1072
1 2 736
1 2 336
1 2 975
2 1 512
2 1 168
1 2 284
2 1 1585
2 1 340
1 2 1062
1 2 650
1 2 831
2 1 678
1 2 938
1 2 174
2 1 298
2 1 1618
2 1 524
2 1 1246
1 2 679
1 2 1021
2 1 998
1 2 126
1 2 918
1 2 410
1 2 333
1 2 51
2 1 246
2 1 535
1 2 782
1 2 28
1 2 370
2 1 494
1 2 523
2 1 935
1 2 147
1 2 782
2 1 481
1 2 1115
1 2 900
1 2 457
1 2 839
2 1 1696
2 1 685
2 1 1064
1 2 57
2 1 777
1 2 1056
2 1 1010
1 2 444
1 2 1379
1 2 1558
1 2 822
1 2 973
1 2 631
2 1 1012
2 1 1607
1 2 67
1 2 4
2 1 935
2 1 628
1 2 1596
1 2 75
1 2 299
2 1 734
2 1 34
2 1 1624
1 2 1136
1 2 865
1 2 389
1 2 481
2 1 602
2 1 1280
1 2 1328
1 2 722
2 1 1386
2 1 525
1 2 506
2 1 600
1 2 1298
1 2 179
1 2 1357
1 2 1282
1 2 1401
2 1 1003
2 1 1650
1 2 1323
1 2 822
2 1 920
2 1 823
1 2 1220
2 1 1334
1 2 1670
2 1 1203
2 1 1636
1 2 37
1 2 451
1 2 583
2 1 1143
1 2 1308
2 1 1578
2 1 637
2 1 640
1 2 864
2 1 361
1 2 1338
1 2 265
1 2 559
2 1 1664
2 1 526
1 2 121
2 1 1367
1 2 1574
1 2 1178
1 2 1319
1 2 728
1 2 394
2 1 1193
1 2 1650
2 1 803
2 1 435
1 2 37
1 2 142
2 1 1093
2 1 946
2 1 45
2 1 1498
1 2 1516
2 1 1579
1 2 1679
1 2 804
1 2 36
2 1 1172
2 1 690
1 2 1310
2 1 1115
2 1 978
2 1 838
2 1 1310
1 2 1182
1 2 776
2 1 1436
1 2 1345
2 1 1601
1 2 1594
2 1 992
1 2 1167
2 1 539
1 2 1667
1 2 1296
2 1 76
1 2 133
1 2 1146
1 2 919
1 2 107
1 2 26
1 2 193
2 1 134
2 1 1101
1 2 1068
2 1 19
2 1 1188
2 1 29
1 2 1131
2 1 426
1 2 1218
1 2 90
1 2 1559
2 1 1505
1 2 210
2 1 1350
1 2 1264
1 2 614
2 1 1099
1 2 272
1 2 1133
1 2 1402
1 2 997
2 1 1248
2 1 916
2 1 22
1 2 67
1 2 1051
1 2 842
2 1 1359
2 1 1406
2 1 1220
1 2 458
2 1 706
1 2 1483
1 2 1344
1 2 1407
1 2 122
2 1 841
1 2 977
2 1 726
2 1 1683
2 1 1516
1 2 1191
2 1 1117
2 1 1400
1 2 691
1 2 1532
2 1 619
2 1 340
1 2 38
2 1 27
1 2 713
1 2 625
1 2 560
2 1 1391
2 1 674
1 2 764
2 1 1239
1 2 574
1 2 527
1 2 149
2 1 467
2 1 1413
2 1 1458
1 2 452
1 2 455
2 1 1113
2 1 370
2 1 1635
1 2 3
1 2 92
1 2 113
2 1 1398
2 1 312
2 1 1549
2 1 1118
1 2 1549
2 1 1679
1 2 948
2 1 1420
1 2 467
2 1 1626
2 1 615
1 2 1054
2 1 198
2 1 788
2 1 1333
1 2 1039
2 1 668
1 2 1298
2 1 1246
2 1 1140
1 2 506
2 1 1364
2 1 722
2 1 1242
2 1 1516
1 2 786
2 1 511
2 1 1038
2 1 1653
2 1 868
1 2 462
2 1 1274
2 1 919
2 1 1095
2 1 1409
2 1 361
2 1 1383
2 1 226
1 2 650
1 2 780
2 1 991
2 1 1531
2 1 161
2 1 908
2 1 949
2 1 841
1 2 1168
2 1 18
1 2 440
2 1 1113
2 1 242
1 2 1082
2 1 398
1 2 243
1 2 50
1 2 455
1 2 983
2 1 167
1 2 1546
2 1 804
2 1 1605
2 1 1222
2 1 276
1 2 827
2 1 1290
1 2 1640
2 1 231
2 1 444
2 1 1453
1 2 866
1 2 156
1 2 1127
1 2 1564
1 2 1705
1 2 792
2 1 1227
1 2 1458
2 1 1654
2 1 1519
2 1 1284
1 2 1205
2 1 661
1 2 1130
1 2 362
1 2 1112
2 1 1443
1 2 404
2 1 482
1 2 689
2 1 1055
1 2 150
2 1 730
2 1 275
1 2 31
1 2 229
2 1 1648
1 2 1055
2 1 1157
2 1 1548
1 2 1635
1 2 1693
1 2 1101
1 2 1379
2 1 1685
1 2 1668
1 2 682
1 2 241
1 2 84
2 1 1642
1 2 740
1 2 207
2 1 1099
2 1 564
1 2 966
2 1 43
2 1 104
1 2 943
1 2 918
1 2 1674
1 2 1323
1 2 1644
1 2 1627
1 2 1709
2 1 19
2 1 444
2 1 479
2 1 147
1 2 1641
1 2 539
2 1 503
1 2 1065
2 1 299
2 1 1659
2 1 994
2 1 1209
1 2 1383
2 1 222
2 1 1161
2 1 97
1 2 875
2 1 1323
2 1 1235
2 1 565
1 2 1183
2 1 877
2 1 1677
2 1 1433
2 1 866
2 1 1221
1 2 439
1 2 1301
1 2 36
2 1 1330
2 1 1293
2 1 824
2 1 987
1 2 1019
1 2 1278
2 1 1491
2 1 504
2 1 1031
2 1 1609
2 1 543
1 2 521
2 1 241
2 1 178
2 1 500
1 2 904
1 2 1611
1 2 1566
1 2 1380
1 2 569
1 2 806
2 1 620
1 2 1392
2 1 564
1 2 387
2 1 992
2 1 1697
2 1 1700
2 1 200
2 1 313
1 2 526
2 1 37
2 1 367
1 2 514
1 2 1271
1 2 1598
1 2 1460
2 1 29
1 2 62
2 1 319
2 1 1257
2 1 1006
1 2 1596
1 2 1061
2 1 94
1 2 920
2 1 881
1 2 1620
1 2 706
2 1 1003
1 2 1676
2 1 747
1 2 553
1 2 952
2 1 527
1 2 23
2 1 1288
1 2 610
2 1 112
1 2 808
2 1 879
1 2 1671
2 1 1149
2 1 1681
2 1 680
2 1 363
2 1 1061
2 1 1182
2 1 727
2 1 1453
2 1 173
2 1 1019
2 1 833
1 2 1608
1 2 1662
2 1 948
1 2 1011
2 1 221
1 2 746
1 2 1492
1 2 358
1 2 130
2 1 1509
1 2 1590
2 1 1102
2 1 1605
2 1 1124
2 1 719
2 1 1131
1 2 371
1 2 191
2 1 1339
1 2 479
1 2 228
2 1 188
1 2 718
2 1 1013
1 2 1510
1 2 1271
2 1 1514
1 2 780
1 2 1129
2 1 1095
1 2 1481
1 2 234
2 1 1275
1 2 1289
1 2 826
2 1 1
2 1 550
2 1 504
1 2 330
2 1 1295
1 2 1413
2 1 1521
1 2 216
1 2 985
2 1 1244
1 2 1280
1 2 1530
1 2 1015
2 1 1209
1 2 232
1 2 668
2 1 1447
2 1 768
1 2 783
2 1 1145
1 2 1323
2 1 192
1 2 1487
1 2 1340
2 1 1037
1 2 329
2 1 1343
1 2 701
1 2 46
1 2 378
2 1 657
2 1 913
1 2 479
2 1 775
2 1 1020
1 2 1198
2 1 1014
2 1 538
1 2 1442
2 1 1382
2 1 1166
1 2 198
2 1 530
2 1 411
1 2 536
1 2 489
1 2 1054
1 2 178
1 2 1619
1 2 373
2 1 808
1 2 271
1 2 1692
1 2 1210
2 1 1112
2 1 1272
2 1 1499
2 1 191
1 2 1205
1 2 890
2 1 689
1 2 1200
1 2 288
2 1 313
1 2 1404
2 1 1268
1 2 1683
2 1 1239
1 2 40
1 2 1517
2 1 932
1 2 799
2 1 151
1 2 689
2 1 891
2 1 802
2 1 1213
1 2 280
1 2 826
2 1 1480
2 1 836
1 2 550
1 2 15
2 1 1679
1 2 382
2 1 751
2 1 192
2 1 576
1 2 1078
1 2 15
2 1 1403
2 1 791
1 2 1283
2 1 1601
2 1 1461
1 2 1319
2 1 793
1 2 1262
1 2 946
1 2 1377
2 1 1151
1 2 1671
1 2 1205
2 1 497
1 2 919
1 2 65
1 2 352
2 1 1450
2 1 366
2 1 1014
2 1 1029
1 2 1142
1 2 24
1 2 55
1 2 1127
1 2 98
2 1 1684
2 1 335
2 1 39
1 2 1393
1 2 1399
1 2 424
1 2 1220
2 1 871
2 1 1405
1 2 134
2 1 1681
1 2 206
2 1 595
1 2 453
2 1 838
2 1 836
2 1 1177
1 2 1712
2 1 490
1 2 905
1 2 119
2 1 1500
2 1 1011
1 2 1428
1 2 1599
2 1 859
2 1 1327
1 2 1238
1 2 1589
2 1 891
1 2 168
1 2 929
2 1 1277
2 1 994
1 2 1567
1 2 168
1 2 1177
1 2 497
1 2 46
2 1 1355
1 2 284
1 2 1476
1 2 1081
1 2 1321
2 1 774
1 2 329
2 1 1498
1 2 950
2 1 295
1 2 1550
1 2 1207
2 1 1520
1 2 249
1 2 1241
1 2 147
1 2 971
1 2 234
1 2 578
1 2 1076
1 2 1565
2 1 997
1 2 727
2 1 770
2 1 1458
1 2 1146
2 1 164
1 2 1510
2 1 687
2 1 485
2 1 248
1 2 742
1 2 350
2 1 6
2 1 1556
2 1 1585
1 2 455
1 2 1463
2 1 1174
2 1 1445
1 2 1249
2 1 992
1 2 1351
2 1 367
1 2 859
1 2 1651
2 1 1302
1 2 1328
2 1 571
2 1 1641
1 2 334
2 1 86
2 1 1482
2 1 1224
1 2 1216
1 2 130
2 1 893
2 1 757
1 2 1522
2 1 805
1 2 1020
2 1 1116
1 2 417
1 2 695
1 2 1639
2 1 988
2 1 1179
1 2 1668
1 2 917
1 2 1315
1 2 1482
1 2 807
1 2 67
1 2 612
1 2 931
1 2 588
1 2 1439
2 1 1090
2 1 355
2 1 1561
1 2 992
1 2 246
1 2 985
1 2 1296
2 1 1348
1 2 1618
2 1 979
1 2 734
1 2 936
2 1 184
1 2 61
1 2 137
2 1 257
1 2 554
1 2 1459
1 2 32
1 2 1634
1 2 1622
1 2 1525
2 1 1568
2 1 1653
2 1 1250
2 1 643
2 1 1637
1 2 1567
1 2 716
2 1 1287
1 2 691
2 1 748
2 1 191
1 2 678
1 2 887
2 1 340
2 1 891
1 2 688
2 1 3
1 2 617
1 2 83
1 2 950
1 2 301
1 2 1136
1 2 631
1 2 1423
2 1 412
1 2 1186
1 2 302
2 1 1140
1 2 1087
2 1 806
2 1 89
2 1 964
1 2 53
1 2 638
1 2 678
1 2 217
2 1 1701
1 2 939
2 1 1666
1 2 648
2 1 245
1 2 1053
1 2 826
1 2 1480
1 2 1682
1 2 1006
2 1 1303
2 1 1381
2 1 1028
1 2 1440
2 1 613
2 1 1360
1 2 89
2 1 1494
1 2 962
2 1 1186
1 2 1465
1 2 1548
1 2 1404
1 2 1038
1 2 195
2 1 320
2 1 1222
2 1 1138
2 1 765
2 1 1474
1 2 651
2 1 1275
1 2 280
2 1 479
1 2 846
2 1 561
1 2 1203
2 1 1642
2 1 1272
1 2 1518
1 2 861
2 1 1340
2 1 648
2 1 469
1 2 1158
1 2 1644
2 1 1593
2 1 1711
1 2 1467
2 1 228
2 1 765
2 1 1080
2 1 1647
2 1 924
2 1 1219
1 2 1155
2 1 1390
1 2 29
2 1 1121
2 1 350
1 2 242
2 1 718
2 1 370
2 1 138
2 1 143
1 2 542
1 2 1282
2 1 1029
1 2 1375
1 2 1610
2 1 462
2 1 418
2 1 1104
2 1 1140
1 2 639
2 1 784
2 1 629
1 2 281
2 1 274
1 2 580
1 2 480
2 1 844
2 1 223
2 1 1579
2 1 583
1 2 1180
1 2 1274
1 2 1035
1 2 497
1 2 1579
1 2 998
1 2 299
2 1 767
1 2 1534
2 1 945
2 1 284
2 1 329
1 2 354
1 2 1460
1 2 157
2 1 1644
1 2 1097
2 1 1381
1 2 1508
1 2 89
2 1 222
1 2 966
1 2 782
1 2 293
1 2 158
2 1 34
1 2 593
2 1 1151
1 2 1159
1 2 1461
1 2 921
1 2 1201
2 1 450
1 2 809
1 2 1041
1 2 751
1 2 608
1 2 1327
2 1 136
1 2 1094
2 1 709
1 2 1685
1 2 722
2 1 1034
2 1 1247
2 1 625
1 2 327
1 2 224
1 2 1335
2 1 1396
1 2 369
2 1 1050
1 2 1036
2 1 259
2 1 259
2 1 1261
1 2 317
2 1 868
2 1 1201
1 2 1279
1 2 1555
1 2 230
2 1 368
2 1 852
2 1 386
1 2 333
1 2 897
1 2 440
1 2 1258
2 1 370
1 2 995
1 2 1149
2 1 1050
2 1 1098
2 1 331
2 1 354
2 1 1577
2 1 1154
1 2 437
2 1 432
2 1 670
2 1 207
1 2 1589
1 2 793
2 1 879
2 1 333
1 2 381
2 1 1642
1 2 433
2 1 279
1 2 318
1 2 1583
1 2 1074
1 2 837
1 2 1182
1 2 194
2 1 59
2 1 1439
1 2 640
2 1 963
1 2 803
2 1 769
2 1 830
2 1 1151
2 1 340
1 2 1221
2 1 610
1 2 1144
1 2 439
2 1 766
1 2 740
1 2 272
2 1 444
1 2 962
1 2 922
2 1 756
2 1 1003
1 2 76
1 2 72
1 2 872
1 2 1703
2 1 863
1 2 898
2 1 40
1 2 714
1 2 1037
1 2 443
2 1 824
1 2 1679
1 2 64
2 1 33
1 2 1028
1 2 883
2 1 683
1 2 699
1 2 136
1 2 303
2 1 383
1 2 1364
1 2 1157
2 1 1699
2 1 1078
2 1 1358
1 2 239
1 2 933
1 2 1122
1 2 166
1 2 994
2 1 317
2 1 686
2 1 821
2 1 223
2 1 958
2 1 1683
1 2 975
2 1 1358
2 1 1516
2 1 526
2 1 1224
1 2 540
2 1 894
1 2 950
2 1 821
2 1 865
1 2 1231
1 2 755
1 2 1262
1 2 1545
2 1 714
2 1 951
2 1 864
1 2 1566
2 1 1172
2 1 42
1 2 228
1 2 188
2 1 431
2 1 1011
1 2 464
1 2 45
1 2 1199
1 2 1
1 2 838
2 1 664
2 1 280
1 2 565
1 2 1039
2 1 355
2 1 1634
1 2 473
1 2 754
1 2 814
2 1 638
2 1 565
1 2 1145
1 2 1248
1 2 38
1 2 1610
1 2 492
1 2 193
1 2 241
2 1 269
1 2 1258
1 2 1142
1 2 671
1 2 208
1 2 1622
1 2 1305
1 2 811
1 2 596
1 2 435
2 1 1002
2 1 1100
1 2 74
2 1 117
1 2 939
2 1 464
2 1 1477
1 2 706
2 1 528
2 1 701
1 2 876
1 2 241
2 1 303
1 2 488
2 1 478
1 2 9
1 2 1373
1 2 46
2 1 1694
2 1 1600
1 2 1698
1 2 661
1 2 1379
2 1 1179
2 1 1057
1 2 875
2 1 827
2 1 790
1 2 13
2 1 1287
1 2 1661
1 2 173
2 1 309
2 1 665
2 1 1581
2 1 1214
1 2 824
2 1 506
1 2 703
1 2 1298
2 1 1655
2 1 445
2 1 1085
2 1 1570
1 2 1111
2 1 637
2 1 199
1 2 57
1 2 794
2 1 1095
2 1 898
2 1 867
1 2 259
1 2 139
1 2 1083
1 2 119
1 2 850
1 2 183
1 2 241
1 2 724
2 1 1665
2 1 325
1 2 232
1 2 531
2 1 907
2 1 827
1 2 897
2 1 229
2 1 650
2 1 12
2 1 1398
1 2 1570
2 1 19
1 2 836
1 2 426
1 2 50
1 2 1210
2 1 215
2 1 1389
1 2 684
1 2 901
1 2 1536
1 2 428
2 1 843
2 1 1664
2 1 1175
1 2 1126
2 1 1503
1 2 878
2 1 1636
2 1 1707
1 2 1634
1 2 573
1 2 1262
2 1 972
2 1 542
1 2 727
1 2 334
2 1 701
2 1 390
2 1 1495
2 1 861
1 2 430
2 1 912
1 2 539
2 1 1375
1 2 1537
1 2 1684
2 1 720
1 2 190
2 1 946
2 1 513
2 1 234
2 1 606
2 1 1401
1 2 640
1 2 548
2 1 617
2 1 573
1 2 838
2 1 1291
2 1 758
2 1 33
1 2 1139
1 2 869
1 2 581
2 1 149
1 2 1536
1 2 827
1 2 1483
2 1 1363
1 2 568
2 1 585
1 2 720
1 2 1533
1 2 232
1 2 1645
2 1 1498
1 2 75
1 2 312
1 2 1333
1 2 1410
2 1 590
2 1 42
1 2 1459
1 2 214
2 1 1655
2 1 1601
2 1 1480
2 1 1528
2 1 388
1 2 51
1 2 1287
1 2 1604
2 1 746
1 2 1514
2 1 1659
2 1 183
2 1 85
2 1 165
2 1 267
2 1 974
2 1 65
2 1 1356
2 1 1229
1 2 760
1 2 640
2 1 1399
1 2 1043
2 1 819
2 1 1127
2 1 1275
1 2 536
2 1 1103
2 1 698
2 1 467
2 1 1434
1 2 292
2 1 607
2 1 1506
1 2 480
2 1 1019
2 1 1190
1 2 316
2 1 1254
2 1 1536
2 1 1241
2 1 459
2 1 444
1 2 1191
1 2 669
2 1 1607
2 1 172
1 2 1530
2 1 1320
1 2 1639
2 1 713
1 2 1349
1 2 866
1 2 630
1 2 685
2 1 624
2 1 898
2 1 324
2 1 550
1 2 1280
1 2 1119
1 2 410
1 2 1510
2 1 1398
1 2 248
1 2 1621
2 1 1652
2 1 699
2 1 1352
2 1 1258
2 1 249
1 2 1700
1 2 1402
1 2 382
2 1 597
1 2 518
2 1 1567
2 1 764
2 1 342
2 1 489
1 2 1070
2 1 200
2 1 716
2 1 282
2 1 591
2 1 1290
2 1 201
2 1 1400
2 1 78
1 2 674
2 1 852
1 2 859
1 2 928
2 1 117
2 1 1169
1 2 1307
2 1 355
2 1 1469
2 1 1212
2 1 1055
2 1 1627
1 2 1115
1 2 1401
2 1 613
