1
3400 4860
811 717 2037
1024 1360 3460
1022 199 3960
235 58 4004
3056 2093 2798
805 446 1099
2767 2034 326
2259 1666 3157
2857 2848 4504
890 179 859
3205 2567 4438
2713 2735 4025
1775 111 2073
3356 923 4071
1709 1 3183
481 772 1874
2832 1741 1731
955 196 2959
823 1036 1945
1053 391 4383
2250 1873 3559
467 2950 1863
1053 2077 424
1101 180 2539
778 2914 836
1865 2301 2407
2163 487 2597
1078 1858 2003
656 231 2262
1105 489 2435
192 1484 4050
2076 2262 3268
1705 1711 2044
3178 3204 1223
68 1292 2917
2244 2025 3514
2235 2760 974
617 2565 4108
1095 2620 3851
1093 3296 4572
3067 2725 4009
1642 3334 3834
3174 1006 4176
169 3086 4850
435 3276 897
2874 3010 738
432 585 1642
2685 3302 2780
1639 1427 2365
3147 2671 2425
2229 135 472
1695 446 4754
2056 1346 2713
1461 230 2150
2834 1167 3060
3245 357 1554
1691 2725 3442
1852 1722 3697
1159 3352 4583
1477 1518 1472
1994 2777 4720
136 2369 4564
2940 345 3639
2869 617 2326
2408 1948 3111
1052 3292 1326
2359 3158 4438
959 1746 2790
529 1816 4367
746 1895 1896
3118 1827 95
874 1741 210
2743 1697 2357
1375 769 626
2912 3069 2385
3117 2891 2847
2911 1524 241
1329 3273 1341
2842 1285 3947
473 54 633
2398 1168 4796
86 3118 3236
1558 1495 2945
873 2679 419
784 933 4831
2255 1707 3769
720 2597 3708
2703 529 633
2672 758 4102
2823 2224 3246
3319 1886 33
2897 1030 1156
2967 10 4292
422 1703 3383
1092 1603 389
2890 934 2808
950 274 1805
1542 1312 2349
372 926 3233
874 596 2179
2127 1875 293
572 2435 2329
671 2043 2728
3010 870 2167
3107 1195 3916
2404 2658 4826
1693 2404 1941
1609 2973 3694
2617 2340 4556
3202 1408 2239
2212 2165 93
95 83 188
2104 1860 85
1740 3253 4651
612 2268 2881
1847 3281 198
713 1640 3047
2931 995 1286
2223 3185 594
1527 1650 4664
2218 1489 2336
814 1497 2259
1364 2599 2102
1926 3303 1166
1748 1282 976
2594 4 4219
3008 2266 526
726 2416 2918
1707 718 1804
135 2853 571
1200 2881 4582
71 13 4329
2876 185 4191
3324 237 2574
3166 1456 2558
2711 2300 2903
2656 2640 3443
2121 207 613
2521 120 3263
2125 3217 4506
2380 2296 4706
2593 1660 3509
2353 2985 649
467 596 1223
3070 680 1446
1468 771 1347
906 90 1394
1469 1967 1978
286 2976 3218
559 2259 1771
1141 3314 2491
1544 1439 4385
1793 46 2501
624 2381 2982
1774 3323 40
387 2333 4717
3128 1021 2160
2971 755 2397
990 1225 3241
1824 1182 2801
1418 22 2164
521 2126 1968
2414 45 1687
2703 448 1901
513 1280 4391
1487 327 3749
822 3333 3213
2726 1692 1955
2648 3389 589
197 243 1788
2270 422 3850
1858 3262 769
2299 924 437
3201 3221 2210
1622 1455 4423
3156 797 1754
1983 1542 2197
1402 1129 2912
1154 1362 1365
3159 1416 1985
1021 2331 1145
1615 2614 4108
1753 1887 337
2690 2481 2673
554 541 354
3252 1955 4696
312 2437 4707
2664 3070 3042
1163 1881 4762
2984 2554 326
1313 350 4403
1951 1747 1248
1333 1913 1867
382 3086 982
3192 2013 1310
991 1015 35
1262 1883 1464
2753 1008 95
2173 1052 1607
3207 1471 3029
2013 567 861
673 2245 1792
1204 2062 4434
460 1210 3280
2691 907 1810
455 3093 3495
1096 2582 4827
1785 969 739
247 3111 4236
3325 2451 1281
2649 888 4804
2737 1701 812
487 219 3829
3380 1306 2748
2549 1994 811
559 2364 2609
1160 2447 2534
784 818 1374
790 791 3739
1999 1387 3500
2675 1956 3372
2316 2914 3878
1078 2220 1037
377 246 4854
614 730 1843
3212 238 3601
3115 823 1418
584 2662 4295
3269 1680 751
917 2981 1324
13 1816 1322
1091 1034 2461
2803 1206 1009
2302 2246 3130
2771 1973 4149
2513 1182 1681
637 1566 1532
1217 2197 4279
2496 2889 967
2565 305 2606
573 2446 1000
869 757 3393
3331 1968 4480
1858 1861 2573
842 1241 1811
393 2976 4148
2336 2549 1838
198 1700 661
3362 492 1894
106 2706 3669
3211 305 4574
7 1759 2845
2135 2175 2404
2880 37 3297
3144 818 3436
3080 2246 2813
2996 77 729
848 2746 83
2594 3161 1828
407 60 610
3333 10 1948
3352 696 4795
2971 1206 2921
1416 626 1628
664 221 1899
479 1578 2179
395 2616 3040
1858 3379 1398
739 1232 890
3108 1958 313
1169 1904 4425
1211 3149 3734
462 3378 505
2528 2582 4291
342 313 274
343 2058 4522
1391 2421 4422
2093 20 1595
2340 1297 1535
953 2459 3770
2960 2211 2030
162 2900 3510
105 2012 1224
372 2139 454
847 878 3381
2523 691 1233
299 207 2881
394 1967 1255
2873 893 1412
1248 932 4045
12 2600 1090
3295 1760 3195
22 772 3123
893 2468 4492
1058 3003 3852
79 1291 12
1290 1706 2116
2450 1376 2306
1073 2616 3637
1710 3181 4630
1362 1061 2540
1677 653 2212
2990 2306 3253
1909 494 1981
1152 1988 4238
857 2696 923
1681 2733 847
1715 240 4318
771 581 2324
2359 1703 2745
1197 1972 3616
3377 1230 4776
2111 1334 1759
37 1337 2039
3132 1654 2555
1950 3 1658
839 2122 732
3360 2616 2513
1275 998 1009
3055 109 2600
2744 1096 1403
2651 1487 4059
2264 289 1883
1747 2906 3257
515 2733 2919
897 629 1001
1663 384 951
997 1762 3201
765 2976 4470
2184 2890 242
2797 929 120
3262 2117 2621
392 250 1258
2797 2748 4645
1931 3192 910
3288 559 3854
2316 1648 4592
2735 3116 690
1341 1542 4692
3140 1202 4027
2890 2566 571
269 2966 4313
1412 2542 3890
1757 304 4466
1824 1155 2783
3164 2337 3443
40 2573 2068
1228 699 1857
2649 1112 26
1115 3358 691
612 516 2099
897 2685 4855
446 2876 378
3077 234 1162
1187 762 1710
1121 744 4695
1488 478 1836
1917 762 384
340 2974 2327
2819 2294 1813
814 1134 3705
3203 1204 4265
1968 2460 4391
1548 1595 4058
1533 3331 739
110 2697 4786
354 1527 1469
1067 1004 2570
2249 1681 3878
3258 3387 4767
1624 1630 2984
2239 985 1355
2946 1797 2878
2781 3034 3891
1929 3332 1320
1369 1705 3218
444 613 2726
2338 98 1020
1999 2513 1734
345 2162 2738
3239 320 3296
2546 3003 3533
1381 992 1594
2727 407 2827
1403 3042 916
1903 910 3478
2544 3052 3181
1459 3036 3162
2246 1956 674
2688 875 2981
1533 2936 75
1976 758 3664
67 2437 15
357 2458 54
1019 1336 2160
73 1601 3421
2875 1866 3960
2745 1328 3186
3228 2644 101
1413 2298 4688
1420 162 2424
2506 3046 1384
1917 242 1220
335 3222 1320
1923 1678 2695
613 2166 1815
1835 336 4522
1159 489 1294
2773 1727 1277
822 2901 3906
1170 1391 3269
1650 2827 154
1384 38 1790
3008 556 1679
2323 3060 2712
793 2460 816
777 3266 4141
664 942 3422
2844 383 406
2418 314 1947
2991 1333 2613
2808 841 3787
322 2004 2041
518 3086 4721
3159 915 746
1987 2414 3525
3346 17 2612
2948 1394 3783
2223 1480 781
2170 137 4316
714 2184 1992
3208 656 279
346 1222 2972
3212 425 1776
3361 3214 4191
3116 2351 3055
1426 2531 1138
2916 860 3091
1662 3028 2992
3168 1353 4859
2837 2163 3467
1451 2306 2973
1872 2280 2557
2023 1477 2295
1929 3130 3460
2085 1713 2665
1013 610 3978
3337 79 4317
959 2033 1829
1858 1177 2834
167 3201 581
3349 1371 4805
950 1796 3539
2328 561 1119
152 1021 4783
3166 526 315
2689 3021 2480
2420 1834 2626
1958 1711 2418
1941 2760 1235
2256 3115 3190
285 2684 2147
761 2306 492
1127 2623 1163
1944 1875 1170
357 31 4437
1070 1501 2157
935 873 4302
3138 2245 4642
613 1818 1932
2499 3319 1573
299 744 3393
734 398 3867
2123 166 4219
1914 2793 3962
1551 2175 926
921 1976 3013
416 3064 1484
885 3266 4845
799 2964 3072
3230 2892 4723
861 2062 4092
324 2094 3910
130 2388 2639
2835 1568 1445
802 2011 3651
1200 3024 2378
2961 2423 112
3182 76 145
1545 888 2204
2353 2411 1484
37 562 3398
3279 3244 2598
2458 308 575
1867 3355 819
2216 312 1639
332 2131 2252
1480 445 3177
2658 1984 4247
868 2716 1014
3020 3395 229
1421 715 4628
2721 1688 552
1662 1859 1888
323 2674 4641
1564 1687 941
1162 262 3905
1777 715 4819
1858 427 1930
2327 2603 2917
685 225 190
686 194 438
813 2425 206
2350 2490 2704
1847 2508 2426
2592 1430 3720
2524 2906 1809
426 2678 597
797 1449 2273
104 1044 4404
2632 2708 826
1482 1673 4286
3061 2564 1596
1485 1759 511
2242 302 2947
2236 1365 3430
2727 1890 1036
801 2574 1941
1374 624 2780
2299 2277 2636
251 2437 2898
3344 1829 4818
2857 2923 4348
2823 1675 3306
1488 1656 4494
1204 655 259
1384 730 4197
2777 1282 2237
1697 1149 4639
2448 3003 1605
631 3178 3363
1423 730 2264
926 2306 4757
1138 1877 2868
2871 1979 903
1700 355 1904
1547 3342 2808
2144 1202 229
1886 552 4025
1090 2494 2469
2851 1975 3153
1302 2887 3217
863 1272 2676
2974 143 3587
448 1542 1761
290 2863 876
781 13 544
1827 621 4378
2703 2174 1886
568 1352 1984
212 889 4439
3283 1998 3216
98 2000 3874
79 2525 2957
992 2118 20
224 2386 1029
2612 3336 3783
816 1678 127
1541 2194 376
320 437 52
2149 385 3265
2885 3009 2468
1220 1241 3474
907 1539 2631
2909 406 1842
3360 2633 1562
2946 2356 3573
132 383 3728
1246 1424 2053
1283 821 2704
1347 1294 1442
3307 2769 739
745 1466 3603
2867 3128 4460
3327 2280 4575
1411 1656 1517
583 1271 4822
3120 2538 1959
2418 398 1992
2060 907 2125
3116 1605 3014
510 82 1853
1785 3386 302
1846 3339 3440
2456 3109 1027
2466 1434 3894
88 2273 3168
650 585 4041
1671 2790 1059
1966 2336 3318
2370 491 2919
432 723 1763
892 1932 3499
1826 1496 2902
1385 1000 2029
1734 1111 3968
2807 1631 1163
2750 25 2400
1777 2392 1235
1101 3205 1530
2242 645 4511
2328 2877 708
1178 34 319
1483 290 626
678 2188 3986
826 2961 3676
1304 234 1651
456 2983 1885
1695 2937 3702
1590 1888 4119
2589 3013 4595
1852 1521 4622
461 1736 1120
668 3392 4014
927 2426 2264
3024 2894 1273
686 90 2067
1123 266 4667
3268 838 3207
2269 3056 674
3369 436 3091
2085 2635 3395
8 646 4687
3388 609 1110
2922 3009 3503
316 925 2302
2406 1546 3068
2294 881 3287
1089 300 2470
307 2225 2251
3053 2257 4729
536 866 694
3017 237 4546
3189 2021 236
1226 1821 3217
3145 2626 2747
334 1808 3825
2924 1212 179
189 1382 2231
1570 855 4041
1902 2217 2146
1565 1926 4785
388 2615 4275
31 2496 4635
1047 2478 3914
2705 1932 2655
1512 571 4270
743 2954 786
2884 113 2223
1304 42 3450
1785 284 4713
47 740 3538
47 385 1596
2399 314 3851
246 3325 801
2661 1192 377
293 274 692
749 1642 3306
2274 1012 2460
1224 3255 2265
2036 2791 4385
1755 1065 4411
1749 2283 2297
3063 377 2509
3356 254 4743
2437 2649 3844
2400 389 1248
1289 1783 2961
1125 666 3014
1901 1760 1890
1401 3226 4190
1517 1748 1222
3221 1870 727
1135 1087 2822
760 715 2751
315 1953 3474
2961 1873 2952
366 692 4282
166 1292 2723
3297 3269 2941
2727 2362 3121
2386 676 3043
1790 3284 2289
3215 3367 1721
2743 2094 719
3316 2380 4229
145 760 4783
760 131 682
810 1029 3652
1913 2672 4777
2410 730 2931
3022 2349 3331
632 1638 3981
157 3216 630
2658 480 3684
2713 329 4681
1365 2411 1683
1352 769 3059
1410 1226 1723
2915 3326 1523
2414 129 1071
2800 791 338
1965 909 2183
3052 1233 3219
3110 490 4450
521 1718 4535
1492 2292 119
1939 1934 2578
680 3011 1571
2698 3376 4043
818 2154 4241
2214 3070 1850
1932 1772 2398
3172 1697 2592
1446 2242 3876
3349 2679 3551
2154 1302 485
1355 2265 3931
1596 1979 4857
1043 1509 843
2299 418 3305
1236 712 1466
2371 1379 4227
934 2940 1808
1936 3275 771
719 2845 1341
498 3386 2105
1990 1701 2786
3187 241 1243
2146 1401 1681
1202 2111 2116
725 1413 2897
3234 654 1821
2262 2134 3712
2344 3289 4542
3311 1096 779
1841 1980 2780
1674 1065 4005
1470 1166 3595
2343 586 4457
1918 1640 1412
1514 888 11
994 2589 841
907 2410 173
56 1139 3990
2152 1567 4800
759 719 2903
3069 1796 388
610 3400 4844
2461 342 1520
1299 1356 2618
2056 2807 452
3366 373 1190
1589 3111 1469
126 600 102
820 1967 2650
2660 1245 785
3162 2265 322
1649 2983 4387
869 1916 1912
1251 1457 1386
2946 2323 1682
2243 1120 4604
1787 319 1646
1488 2267 3855
1574 1188 4408
1573 675 2555
967 1125 3567
602 485 1265
620 1666 112
1768 1338 3705
2110 1759 3465
553 2998 3980
1146 2836 652
145 274 2652
835 1469 376
1756 2847 1791
218 1545 2268
1848 2157 3289
2715 1141 3652
3190 1262 3821
2525 130 946
1806 2148 4492
2193 1185 3615
3027 2378 425
1920 2752 791
1031 1844 2708
1894 1641 2418
1480 3317 727
1052 1905 1818
141 383 4831
2719 161 1181
44 2202 4224
3326 2763 2422
3104 2912 552
2621 554 390
1828 2732 945
1 233 4785
2736 1967 3327
2192 3248 1984
1944 2002 3630
142 763 1031
1255 2874 3137
608 116 2545
1492 1342 3476
2516 37 2467
3329 54 233
686 1251 1179
534 2697 4339
2312 683 4116
1178 2639 1536
2464 542 4622
2362 668 4717
3221 901 1830
1003 606 4047
3109 2762 985
250 1740 1264
835 401 2221
2554 1297 4689
3363 1312 2656
2235 3153 3931
1549 2588 3919
161 3374 786
886 2064 3865
1554 2206 477
1249 1664 2099
230 1135 402
1999 1599 2712
252 3298 4647
2522 964 2922
705 1579 2028
1917 974 4792
2119 797 1829
2334 2548 87
123 2894 3940
3119 2467 560
2979 543 3656
451 2715 1839
2766 1338 2003
1358 2888 1409
1203 2748 3833
2527 376 2705
1794 113 3443
1040 1438 3017
573 77 921
2388 2853 2187
422 2624 386
3109 2625 4759
1519 328 1813
2934 2421 912
3111 1614 1336
1990 76 3000
812 3143 4151
428 697 847
3305 1496 75
1195 2542 2672
2460 918 1668
2873 765 3806
3177 2718 2021
2508 3033 4607
304 252 1102
3025 468 4580
1473 2966 847
2536 639 2627
2003 473 4112
444 2186 3023
3235 24 798
1667 644 3737
504 1518 2137
3057 2714 2215
2895 2107 504
661 605 15
3170 285 2558
588 1520 2732
1356 180 2004
302 914 1732
3315 1755 3317
1846 888 1186
961 1208 4039
2856 592 1263
573 1357 3389
3201 270 2501
1765 2676 2578
2721 1762 3326
1030 888 798
1685 2416 4522
1138 1763 2182
672 144 1052
663 544 3875
3237 371 4240
2314 2446 1234
3287 1594 4859
1762 1626 1657
187 1209 1070
1215 1288 1136
2956 1913 981
2185 1200 4762
1991 2454 77
1693 3130 3011
2448 3167 4705
1457 2756 3397
1693 1306 3850
2551 3141 1280
1980 1550 4434
1804 715 3676
3236 2392 4734
726 56 3936
2780 907 4537
799 329 216
336 2309 1732
2276 874 965
1429 1378 2854
3170 2620 2920
776 2346 519
980 2960 3675
1674 1227 1714
1395 2026 56
3372 2802 3030
1560 3174 4740
430 1978 3706
717 745 1349
2035 189 2092
1582 1152 4351
2120 670 1633
3221 1343 732
890 681 2456
1663 2728 3096
873 564 1683
860 1583 3787
3135 2100 640
1384 1977 3764
3027 622 1590
1835 822 56
2858 2875 4203
1884 3222 6
3277 3041 2428
907 732 3017
2668 1619 3449
3311 1695 1617
62 1005 2222
1754 2489 2441
1670 1902 3338
404 1358 1474
1448 1327 257
849 642 2297
1338 653 773
3312 1245 2360
2398 652 2986
2058 6 2828
1717 1101 2805
3206 237 1911
1470 1365 4151
1247 1433 2984
2087 1014 3976
695 886 1804
2554 216 513
1169 1180 699
298 14 4464
2953 43 3468
1967 1481 3710
768 2339 459
1123 3147 3966
3238 2525 1394
40 3081 213
3068 3195 4240
550 2505 3397
1515 1580 2599
1887 2841 396
2720 1263 3044
2480 3288 1262
1740 2337 2629
612 365 1212
1083 2395 1863
1305 1130 258
2644 1598 2671
2886 1900 2483
2098 2886 3385
867 2306 1000
2239 3294 4774
905 1341 4292
2001 1433 3216
786 583 1276
2748 1779 1471
68 2233 2021
1301 1079 2394
1128 1262 2761
693 2380 2579
3286 2823 4695
1570 1922 399
2094 2816 4092
1472 1244 3566
1156 1334 1866
3371 157 4225
1831 1174 4060
1767 1676 2436
2603 79 957
262 2788 3087
3388 1121 1708
3067 1437 498
1425 1747 2387
683 2530 1591
338 3141 3801
514 2630 247
100 1898 3239
2748 107 3152
2152 2934 757
3210 742 4625
317 267 1858
720 1336 4267
1270 730 2802
451 3195 784
653 3178 4086
469 552 2256
273 32 4770
2940 187 272
307 754 787
1575 2679 2970
805 1479 581
1746 1679 3850
630 2652 2375
1692 449 2183
3240 550 4630
1672 1399 3387
2468 2350 2536
2219 3141 4431
1060 557 467
1514 1473 464
290 1487 1579
604 361 3733
2656 142 3634
932 559 1781
3242 442 1293
2858 2470 1097
913 975 723
750 995 1981
2213 2222 3767
197 3061 3867
3038 3331 2783
264 1610 1522
964 1203 3440
3170 3108 2650
2359 611 880
2995 1404 1208
1507 2772 3889
2792 2246 4080
2039 1854 3444
3235 3221 413
497 2494 1849
210 1032 3509
2300 1843 1795
1092 1175 930
2179 476 2326
2511 521 3564
1260 925 3243
400 2672 2336
2629 707 1834
2913 2129 1446
1754 668 219
2251 1098 1968
480 430 553
2210 752 2097
337 3240 1356
256 312 4549
3316 3071 555
3196 1198 1915
2110 259 2023
3267 1400 451
467 2145 183
1606 2399 503
442 1420 512
177 511 4032
1000 896 998
356 565 906
650 2893 2415
562 1202 3920
2550 90 394
1055 196 2030
3136 2735 2363
766 1161 120
921 366 1680
3135 451 4786
323 708 4131
1974 2257 2259
657 114 1520
255 1227 548
2646 410 3254
806 1119 2322
998 860 4640
1941 314 2792
2384 45 957
725 2752 2871
1229 9 1631
105 2397 4199
1927 605 1723
1617 1060 4521
2918 2197 508
1965 2810 4379
411 253 1020
222 775 2843
208 936 3799
2218 1881 1341
1766 2276 4857
2317 1133 4613
1960 2685 3171
294 1446 718
3305 3208 2992
2676 682 3908
1843 1417 1273
670 1524 3035
2538 2108 1410
1597 2533 1136
412 1448 914
600 2444 121
1557 758 1183
2858 3048 146
1019 1453 3439
3019 1013 641
2589 1751 3916
2624 2707 2893
948 3184 465
126 466 2784
1112 1781 3221
1424 1578 2857
1490 1367 784
1822 981 2678
2366 1531 918
2623 2273 1038
1227 500 3935
765 2142 4292
1474 1905 3096
3140 869 282
3275 1303 2267
2336 538 358
1768 3162 866
2814 461 3704
731 1853 973
3315 2902 2819
1662 553 2325
2309 825 3750
2 2361 1213
1555 845 230
2145 1723 2710
784 1521 3198
1731 2160 749
1504 3328 3318
87 1382 4306
2494 392 1153
2557 1373 4286
1802 205 2219
1676 1526 127
816 3033 597
3300 2491 4105
1983 453 908
730 603 2853
238 988 703
2741 1332 3060
2428 1408 4156
2970 1602 1814
2424 2488 3008
2181 902 3892
992 168 4708
3124 2697 2541
2012 2322 4753
1355 476 4557
767 2447 605
1011 848 940
3268 2267 3892
946 2549 3343
1569 3058 1646
2318 1366 3148
1996 2832 4170
1093 1944 2719
3107 935 2229
2143 153 4302
1553 3333 498
2884 1413 10
1350 2485 3355
1888 340 2259
405 468 1318
3148 3268 952
178 1498 4770
3394 3142 3533
552 253 2333
2249 2583 3092
2786 1758 2605
2938 2344 722
2827 1978 1694
2771 41 2511
2837 417 3139
2398 183 4481
1986 2176 3587
1217 212 4051
3370 2652 3903
2160 1468 3664
2270 2217 1053
1260 3114 3511
41 1218 42
2307 103 2660
228 2609 1075
2864 2724 1506
2241 1757 2877
942 2480 4103
2684 830 806
746 6 4464
66 628 835
2887 1611 4078
316 123 1258
2388 358 3966
985 550 4313
877 3328 1547
1190 3185 2100
2847 1323 2281
619 1993 1327
920 3017 1377
3318 3207 1669
1838 3154 4458
2040 315 2629
3390 139 2988
958 2383 1690
3386 1933 3174
2896 556 4814
588 2420 665
1838 2767 2411
2534 1076 2856
592 2364 4648
2232 1637 372
1381 357 3603
1625 2858 38
2355 973 3870
3381 1430 1896
173 3175 4078
259 690 410
1234 1389 4317
1041 1449 3744
1815 589 2206
622 421 2302
1460 168 169
2486 754 4705
1059 2472 3890
1701 1856 1949
3382 639 1765
2442 1624 944
3155 1515 2245
2716 2780 1273
1657 2347 1581
533 361 396
2010 1627 24
2949 2693 2264
1749 1143 3471
1029 2051 3241
7 889 1076
3399 1172 4260
429 3305 1437
2353 1438 1793
2145 336 3781
673 1934 3059
506 1887 3739
827 589 629
2619 692 3912
57 448 3512
773 1445 2118
1926 293 1102
2481 2608 3417
172 816 3800
3157 3146 576
2341 3028 1987
17 3120 4530
2620 2117 980
3384 526 1396
2574 1935 2545
2909 1469 3903
2080 1953 2644
2318 657 2949
2568 1546 1400
2651 2485 3237
2603 2323 1961
224 412 985
492 2848 4149
583 1158 1010
2418 1080 4555
1045 3207 4105
2845 2750 2564
581 1603 703
3036 2296 2161
885 682 925
2146 2672 207
1075 1409 1921
1580 1337 2304
3321 2428 2193
729 2549 3609
1962 416 1316
2459 2539 4571
736 477 1455
2231 748 783
512 2494 817
2860 1364 1276
3279 351 306
211 1669 3278
2258 3178 2098
2095 2318 4821
1119 387 608
885 808 2674
320 3002 3388
485 2092 3948
1816 753 2593
665 158 3859
854 1840 524
235 2619 1287
2886 1900 901
2118 1591 680
3260 2193 3228
2078 63 1696
3036 1195 245
1178 1790 226
1315 1490 118
305 1652 3862
1385 2195 2447
87 2566 3061
1677 2194 1354
1463 2835 2813
334 3248 1833
2411 1597 2155
1662 1449 722
1208 3115 1210
2859 2625 1994
1868 895 782
2110 1519 1131
2401 620 1901
511 2411 1602
1190 1468 1245
3012 1953 709
473 3217 1643
2988 1998 746
230 2544 236
1172 1185 2873
3297 1395 1681
2212 2303 3911
1595 479 258
3127 3106 3554
3108 645 4197
2078 1776 3939
3242 2772 2032
1389 2273 195
2612 1207 1174
940 2175 3611
1392 2268 2538
960 804 1137
469 1028 4376
1699 2774 3805
2783 188 1989
2087 314 2739
2978 1921 4156
2642 111 3234
1394 195 1640
3115 220 2678
978 1138 3005
880 61 2386
3127 1025 1007
3379 650 4360
452 980 705
2029 329 2269
1582 2 4261
1178 224 1042
892 3373 4257
2331 898 1096
1052 9 2209
1983 1356 2426
1291 994 1251
2360 2669 2899
3027 3155 1941
2456 112 1963
911 184 563
1440 2016 3770
408 2710 4035
861 1651 3586
165 2809 867
3171 396 484
2266 890 4572
3062 2103 2353
559 2341 2803
314 214 836
1739 1216 1378
1103 1595 2703
186 2765 4695
1104 2218 4231
1237 764 3912
2741 806 1835
1791 1288 1564
1214 2278 4589
2316 1568 754
36 1441 2698
2563 2714 3728
747 367 1369
76 1702 1793
124 1128 1190
484 706 2018
1022 1006 2189
2899 453 3254
2446 1136 4057
2323 1168 2308
3179 310 1872
2159 2513 792
2655 1029 4011
2320 18 888
1640 3143 3932
2380 946 2510
1016 305 3782
2417 2954 2481
867 1776 586
287 1489 2260
2891 1016 774
3031 2469 3572
3267 236 2338
2413 2177 4040
823 2421 1292
2361 1119 3614
3057 1453 1151
512 1018 4453
2836 3363 4678
394 2422 2984
402 1492 1060
1943 1572 4232
505 2655 3870
2386 1119 1782
843 1172 4175
948 1278 4290
2486 448 358
626 1632 1405
1051 897 853
511 2572 302
770 1127 764
1318 1307 3355
888 522 3453
3374 1650 2117
1969 3043 2422
3366 2219 1986
2992 195 4574
372 2164 735
2850 1271 3952
1159 2835 2646
151 2143 450
168 1291 746
1455 2160 1897
1457 2166 2932
2298 1756 4585
592 3046 4493
1840 801 1366
1067 918 1654
2039 1925 4154
1676 1643 3737
2989 2031 2827
619 2449 2110
2292 3191 1560
3086 3151 3440
319 1257 3429
2238 834 178
2764 381 1229
2814 175 4337
1289 1643 1143
2500 879 3957
3310 3189 4708
185 77 2783
2607 486 3979
1341 2142 2116
993 1023 101
387 2741 1645
2492 581 1795
1304 812 2646
509 1056 3729
3173 2162 2479
145 1550 2903
2361 849 696
721 663 1911
595 1631 351
2805 1214 2956
2295 1088 4552
779 1823 1881
103 3114 1962
329 1507 477
2438 2927 1450
328 2292 879
714 244 1686
667 2764 2044
2029 2890 3310
1062 1553 3046
1593 1390 3824
2427 2954 39
236 2957 2827
746 2199 4574
2115 1242 3817
50 933 2017
3056 2090 44
3025 1349 3660
2886 838 381
750 1878 3660
3155 3118 4841
3269 515 2602
2271 1568 4208
2993 3147 2781
3072 3348 4488
1504 1470 2329
1308 536 3016
319 769 3411
1848 2818 789
2724 1853 3929
2679 2593 2041
2325 50 3884
1063 228 1009
2049 565 1926
499 2243 2327
1485 1907 1251
1749 1541 2252
3241 337 2744
2307 2587 54
468 2222 3044
862 2808 2454
419 304 2706
1386 108 2704
3315 1598 333
1581 2568 4526
2069 2780 20
920 780 821
1664 1849 22
1388 1052 1178
2574 3220 4788
2316 1386 1232
3253 3171 4070
2349 849 572
2400 2916 4273
2451 3307 3276
1106 2175 2993
177 99 2464
371 3263 2961
3087 2907 947
1118 783 2529
101 2377 1986
1043 2912 4534
2698 3299 1362
322 1302 3418
3144 1687 574
447 597 4756
2944 2110 1022
2734 1315 1013
292 2997 4425
1692 2554 2900
2782 1756 4450
408 2927 805
757 3306 3012
118 2353 3484
2815 1334 2105
629 2402 2447
2193 3232 586
3207 907 2333
3118 2600 3474
2111 1844 4699
2538 33 376
867 1431 2504
2941 503 3847
1586 398 737
2369 1945 4481
1721 3199 3061
1617 2182 948
252 3379 4614
1315 37 2420
2586 3342 4605
3397 2131 1808
2646 399 4051
3238 3306 4850
1360 2214 3109
2669 851 2208
1532 2522 769
2057 2624 4695
2133 2034 1444
2747 876 2198
1273 2693 2527
1862 1580 3788
2223 1154 1227
1837 1799 847
1356 560 2943
2169 1962 4699
216 433 4811
2466 1903 2599
2742 418 349
868 3246 4535
2169 1670 1025
1685 423 1522
1173 1481 2247
1474 1715 824
764 3396 4018
1342 2350 1101
1008 2367 1776
84 142 3164
2577 396 4412
2959 1188 4205
2003 2717 2261
2352 1559 4207
2114 1939 3891
1882 2434 1008
1292 2289 1363
246 10 1054
3133 1777 4193
443 621 1599
897 1635 3474
3065 950 283
1140 2059 1100
3093 1592 4464
401 2221 1425
561 2307 1605
2576 2346 3525
530 2086 1495
2393 1755 3657
3083 927 3386
23 2798 4288
1794 2682 2333
987 488 2901
404 2798 557
334 1147 1786
1905 2558 3703
1301 3058 3888
2906 3378 2337
2249 1204 1634
2381 816 2465
412 1820 1719
76 1776 948
845 2227 366
3223 1155 2578
363 1277 4047
2297 1194 40
2417 1553 330
1638 52 871
1891 2124 2914
1052 367 2766
3230 2980 423
2605 1529 2860
1608 1144 1043
3128 2487 4666
3042 2856 1352
1036 400 2268
1967 2387 688
1907 2569 2190
2946 311 2256
38 2020 3331
1696 2563 2189
2965 3104 3506
438 1702 119
3277 873 1365
3239 2872 489
1981 1465 4439
3373 1158 452
2279 1311 3666
3291 1428 2928
2227 2495 3072
814 2851 3365
2477 446 2824
1430 2648 1337
1630 851 3686
27 928 3642
3349 865 3739
846 1093 851
2054 1976 3945
1448 1596 3150
615 322 27
916 3257 1509
3221 1301 2243
1404 1686 2352
2691 584 608
3323 1647 3363
2642 785 3129
1248 1445 178
3235 2390 1295
1817 1906 1152
1396 257 48
3385 2904 2474
2059 1449 4700
2432 983 4254
2133 1151 3258
3139 328 958
896 1942 974
664 2582 2243
3015 173 784
2742 1855 3283
889 711 4080
2981 1955 406
687 1985 1867
1455 1308 1561
1564 2016 1583
1341 2921 177
1915 2469 1368
1140 2944 590
333 3333 3932
1944 3014 338
1876 2937 895
746 2010 3495
69 32 3242
3279 868 3205
2967 3395 3708
2819 687 1884
1742 1324 2316
1155 396 1807
1506 10 1472
1162 1023 2555
1220 2849 994
1535 2480 4736
583 54 349
2141 919 1432
2651 1925 2433
2903 1309 2682
1324 2434 1839
122 2741 2885
2258 3232 1928
1795 1501 300
1491 1010 3119
847 2817 131
1581 611 304
1822 456 2615
1429 641 1786
736 1443 1676
795 557 1152
1529 2053 269
50 1522 753
2878 1791 1234
1350 1072 1583
574 2253 4310
2068 2583 151
2293 366 4672
538 102 3125
2039 2666 1380
1261 2587 116
752 2758 2941
1192 1473 1833
2135 3258 3200
657 2474 3440
1425 2352 4291
1266 339 3538
761 1143 4755
1621 2947 1873
1875 1284 3010
1993 2981 932
1472 2441 1800
1837 1490 2048
41 3041 1696
1485 2500 1286
1309 2058 2579
166 2344 1847
328 1453 4285
799 2952 4099
2062 2393 3334
1225 1656 4688
548 1134 4202
2778 274 2895
3047 645 363
1763 2583 1161
1467 1041 3088
2199 1305 1884
2645 3103 1446
1783 1671 3574
1933 1259 1457
344 746 80
2559 284 57
2015 1246 2037
2933 637 3679
2763 2801 4573
1823 3059 4202
1204 3142 4632
1891 2321 2571
2787 1875 1906
2730 3198 4568
1930 1338 1408
464 2728 2542
1389 2144 2414
2633 1604 1580
1668 2057 1987
2823 188 517
2228 533 3492
809 1855 4028
611 1829 2602
994 1030 1333
45 1823 378
1179 59 1882
1366 2956 446
1168 1144 1291
420 2584 691
246 1994 2340
2881 2444 777
397 3232 365
1333 1443 234
3360 1844 1016
1789 3150 4711
2205 1580 2546
415 334 2699
1751 2116 2973
700 2555 2817
3092 345 2497
1405 2508 2910
580 2405 3817
443 1397 688
425 169 1882
1717 1794 3390
1062 652 1544
22 2925 3347
434 3157 616
2134 1771 375
3090 1254 4341
442 2470 3093
3332 592 4857
2537 3236 1295
1140 1714 609
1691 504 1476
79 2771 4097
2843 3328 3153
234 353 2975
1531 1466 4157
398 1139 1123
9 2570 726
624 1643 4589
589 3297 2
830 745 4376
582 2837 1067
2645 2790 1613
1724 2356 874
947 397 1399
130 1427 4417
204 285 2296
139 2811 3906
2832 2906 3332
1634 873 416
1368 1057 2389
119 3063 3640
2271 2325 1155
2972 583 1512
3031 492 1665
920 1470 2309
1178 576 1389
3232 375 1843
815 3335 479
3239 453 4008
279 544 2208
874 2107 3411
650 2716 1179
1072 170 2066
1497 811 3623
3220 3172 1070
3113 2358 529
1428 791 4009
74 332 3275
895 306 1117
225 1701 2155
1148 2236 151
1311 3184 1092
3033 2526 451
1378 836 2447
2494 509 1006
947 614 2564
2486 2781 2208
2441 2132 2354
775 1834 2327
2230 1928 1182
384 2577 4767
3108 2603 1262
2949 1553 2181
2775 2857 1334
2422 311 2060
1084 3356 208
143 545 1474
722 1350 4334
2683 1844 687
600 2659 961
1503 232 1820
1397 1571 1973
1032 2313 4438
16 1512 2560
2329 1325 2325
2290 1505 4271
705 1233 999
2867 2296 912
1613 3287 1284
85 2332 4249
3096 1256 3713
676 3307 4236
3183 911 3532
1482 1437 2460
2794 1570 350
1303 3247 4594
958 1992 4593
1409 640 3550
1197 764 3479
929 1508 1200
2354 1382 366
2067 1758 129
1476 185 456
3393 1393 3464
1800 317 2337
1053 2006 1438
2591 1990 632
1700 3359 1930
797 2295 2011
2373 22 3049
962 3392 4023
3378 1367 2149
1993 225 176
637 521 3230
26 3305 2019
2944 2312 2960
2106 3067 4564
3309 1511 4722
2633 2053 3662
322 798 1674
1194 2435 2035
865 653 2558
1241 2697 1823
2416 589 2310
1776 143 2910
1537 2657 3196
254 2305 2039
3183 2281 4244
1089 1438 4803
3205 2022 910
192 1479 1106
698 1134 2474
2509 336 682
71 2508 1855
887 2858 2303
3012 33 2055
793 1787 3337
2509 975 3058
851 1283 3489
701 2032 4372
2070 2100 3913
118 1424 2347
2448 3010 3731
1364 3008 240
1259 84 3703
2577 2662 641
2849 2879 3927
2187 2877 4544
314 3381 2215
3114 1281 2733
1992 523 191
137 1787 2857
2071 2715 448
3334 429 1645
380 1733 4674
1371 2323 2396
907 750 4225
3082 1345 3446
2112 3347 571
3010 189 1598
1074 2602 2114
2895 755 159
793 668 4499
587 1493 1861
348 3226 4057
1182 2362 1891
2353 2372 1010
721 2998 4481
1712 1193 2651
1369 164 4050
2502 2089 1117
1040 2442 1876
2330 1266 110
76 3017 1339
3273 3369 3861
1595 1978 662
1267 756 1279
1413 492 2902
2783 1498 1513
765 1394 41
1573 1586 2862
141 2418 2807
2175 1206 3576
1843 2644 688
3161 2204 2915
7 707 3001
2818 1386 4074
1237 79 2221
2379 564 3522
3257 2579 4336
3253 1208 2429
914 1602 980
1062 3197 3710
3181 903 2061
2374 3095 950
3277 3228 965
1171 1500 1820
2836 173 1228
2501 1959 4121
1265 2152 1829
1999 2689 2955
1882 1687 3885
2393 1446 20
1817 3024 1304
929 941 2911
3130 1964 3938
2937 172 1103
2704 1500 1766
2451 2881 719
426 2014 1514
795 1805 3537
1686 1205 1031
1549 1713 481
3279 2474 1140
980 2717 1946
1415 434 271
2663 1596 487
2170 1593 3254
2562 2685 3317
965 1480 4622
174 2030 1845
2160 2441 1897
2295 1335 590
2639 3004 816
2317 1868 3701
363 1030 4549
2649 1844 2637
2983 3314 304
1207 1755 4385
1597 3192 1723
2976 2532 4731
284 823 756
1058 1139 2681
2557 3027 2603
80 3031 1832
1344 2079 3949
496 113 2779
972 2285 2682
1133 351 4038
3331 1302 4053
1352 2779 4699
38 383 2371
621 2852 2693
2070 2089 3962
1251 2599 816
1922 2719 1475
2531 273 720
1975 3108 4042
1109 486 3296
716 2091 553
2997 2465 861
2807 807 293
2749 2837 2198
2133 3000 4495
417 2520 1137
611 3100 1071
2460 1352 2335
1390 3282 1698
29 1401 1739
3077 2313 1799
3057 1117 2805
2621 2341 546
1476 1046 1407
2314 284 2310
714 2164 1798
2800 1084 2159
1707 1785 3465
2728 1728 2068
2787 3056 3495
2186 1662 2415
2782 503 512
3341 2684 3609
1569 460 2911
932 427 1043
2966 1349 386
563 2508 4468
217 1929 3310
663 1433 2528
2555 3006 4412
1715 933 1185
3144 2732 860
1940 515 2210
269 1239 1853
1454 227 4052
696 2140 3583
3318 1573 3114
1351 1564 3812
2070 117 2425
91 576 4754
2343 3151 3780
1884 2320 2052
680 1682 3063
3306 168 3886
29 1171 3443
70 3155 3811
170 505 3705
1821 1085 764
1887 2370 1723
838 1626 1579
2111 114 2434
1373 1775 269
2075 2116 1593
995 2518 1614
3157 2611 931
1118 3032 1278
2328 2118 1237
675 833 2120
372 887 3612
2774 2802 778
2599 1047 2063
1859 1236 34
1771 3083 414
2335 1473 1863
274 1144 2518
578 290 1978
3277 796 4046
191 559 948
2666 853 2735
1569 1976 4642
1236 2032 915
1965 135 1902
2008 1042 728
3178 2019 2059
2550 2676 309
2731 439 3491
1818 912 260
830 1669 3611
2073 1870 2250
2236 2787 3660
3019 3132 3370
936 2446 3554
2842 58 3936
3067 2427 2253
3396 2427 129
64 1167 549
634 2370 2917
2791 526 4396
794 2697 710
2644 2266 2719
3373 2780 3471
391 3008 1004
1588 151 3315
342 47 1098
541 1412 238
2291 2398 634
1030 2059 3021
2925 2696 1029
1373 404 4556
575 373 1469
1072 855 3631
1202 2178 3473
1282 2595 4260
2723 1316 1669
2634 2562 359
157 525 2434
1505 937 3256
3101 1365 2428
1801 834 3938
759 981 4498
2710 2292 1356
296 660 2698
1918 952 3227
1032 1589 4678
3373 567 884
1544 2888 1398
2092 132 155
3024 1038 2284
116 831 830
2773 2744 3357
1668 1080 2161
1508 459 3642
2012 402 864
2537 2705 571
1224 2724 3545
1156 1672 1979
2779 580 4480
3093 2739 1913
3273 1435 3090
3294 1060 554
952 1256 4717
1849 262 2623
2121 1227 3130
3353 2846 4149
1970 2115 681
2774 2455 2930
1847 209 2842
1478 2568 546
941 3125 3750
1353 2996 4242
3336 3114 2896
3043 3325 2779
650 157 451
3335 1569 3538
2268 237 2259
2243 2957 3505
8 2769 1383
257 804 3737
2568 2696 1026
3003 1050 3083
277 245 4094
177 859 4001
3356 2149 1296
696 389 2108
2798 3245 4540
1569 2844 4483
548 2795 487
792 2356 4158
592 96 3943
353 1241 1130
1783 180 4484
1251 40 4278
1624 2248 1989
435 1039 875
2623 725 4532
3391 711 1778
300 1955 4725
536 516 3645
661 1714 1271
2593 2290 3534
870 209 3188
2646 2217 3564
444 817 3956
2255 1271 41
3349 510 2794
139 1226 2037
3248 1189 1315
728 2767 2718
2738 1516 3843
1844 1174 1363
1316 3012 300
2544 792 2522
2897 99 1533
36 310 1184
1559 2080 4487
1462 1740 3900
2465 2734 3627
1059 1768 3890
1334 877 2700
2011 1110 4811
3024 112 2974
2557 1292 3078
3267 724 4333
3089 444 4111
2292 2398 3141
213 3150 3303
739 740 3824
2508 2407 2943
346 2497 869
137 854 4612
2754 2122 2621
1358 128 3210
400 1739 1472
1791 276 1276
2072 3289 3920
300 232 3481
2935 1288 3975
2085 2834 4517
661 427 4203
895 2760 766
140 3358 3425
3096 1381 2820
2243 1737 3470
249 2071 945
2805 106 919
2608 728 4244
188 1257 2835
1957 1390 2610
3005 664 100
678 544 3071
1665 2197 2818
2156 2112 390
492 1199 4662
2767 1463 476
893 2468 171
1073 2190 3285
1892 2964 3658
2030 191 1652
1139 3227 3481
2420 2043 2999
1369 3156 968
2813 384 2330
3099 2545 195
286 565 3286
2427 617 1797
2025 2800 3383
675 1873 3004
2243 495 2883
1919 2987 1073
2940 1492 1354
219 383 3981
366 2804 1006
3225 1077 1661
1671 590 298
2597 1889 183
651 1679 3596
531 210 584
1729 2783 54
398 3387 1206
30 2698 213
240 2740 3079
2220 2966 491
650 1568 830
1775 1195 3316
1380 607 4367
2988 1541 4593
3075 2744 3975
693 3002 3317
844 250 4100
2607 3351 4003
3399 2474 2323
178 323 2506
1991 2820 859
2602 3137 1195
1804 3267 2199
3261 1996 2533
1460 691 3384
2262 1230 317
1023 1423 3265
2652 3306 4201
2260 1430 2066
1739 3194 46
741 2766 1186
348 2616 3725
2441 39 3496
2397 3283 3482
1017 923 4185
1279 2166 4811
339 2011 2103
664 1896 1901
687 2798 138
1327 1507 1867
165 3357 2698
1317 2210 2590
1096 2733 306
571 1178 601
2042 1517 1375
1473 3336 892
600 2751 2131
1173 220 652
3059 1199 2260
2713 1657 561
3029 3088 4327
1488 1733 2675
2651 2592 4064
808 2043 3169
777 830 1606
2929 747 166
1808 3278 884
644 84 3855
193 1834 3265
834 2220 3061
2563 563 3035
1055 2211 1578
1995 1829 2866
254 165 907
3029 2335 1707
2534 1326 1649
2279 2525 132
2234 3382 4656
1352 716 602
1062 2957 3447
3172 223 1964
1388 320 4734
318 1449 1667
2355 13 1307
1857 2618 2373
1987 495 3398
3288 3168 1549
3290 3339 2418
646 148 1638
2892 2224 3912
216 617 4128
37 211 1090
3288 3300 179
105 2435 3343
416 1836 4331
1833 2115 4049
2342 2989 3112
371 2926 1224
444 391 2312
3110 3112 4810
899 2091 3244
629 1765 835
2640 3385 232
1615 1159 2444
2391 2057 1108
2545 2829 2016
1117 1502 1299
427 2150 3292
2472 2429 4611
2628 792 649
1840 240 188
2690 1823 771
2183 1595 645
2992 3211 3108
2814 2525 2704
3097 993 4184
1081 966 1036
3023 1074 653
2390 3079 4097
1839 575 2502
2056 3338 4374
1170 3395 1205
2868 2338 2076
3186 2828 3812
59 944 3894
2966 2670 3043
2061 547 3393
2564 3294 760
858 194 246
1636 1483 774
819 459 4132
3380 820 44
1204 1112 962
449 474 2954
1876 2417 2988
1496 958 1823
629 3078 3024
653 1862 1034
994 180 1366
1478 2211 2751
2786 388 1316
2843 1531 4351
1328 669 3754
531 2402 4637
154 2156 4691
2371 1179 2226
1257 2450 895
435 92 4829
49 1158 1062
3382 2510 1432
137 111 3209
2866 515 2422
1346 2868 1126
647 515 3120
2555 1033 1422
694 469 1149
2700 697 1630
1929 852 3085
403 803 378
1156 2685 1810
1440 1760 949
64 3036 3308
2131 2122 2902
3313 2590 1301
2464 550 945
533 638 30
3368 2914 1716
1755 571 4150
339 403 3184
2382 247 1181
2379 3314 4005
135 2401 295
3070 2981 3916
1871 926 605
1826 2658 3503
1684 158 1392
675 822 2494
2765 2826 401
189 2597 4697
2098 2825 2368
451 3273 4428
977 319 1955
1794 2559 621
1512 1868 3357
2656 3129 2763
615 1055 156
2699 2769 1798
858 729 2866
1267 74 3733
1740 1256 4164
1597 2577 2835
664 21 3730
749 230 1106
2523 1085 710
390 2747 1889
3278 1642 1148
851 3086 242
418 2380 832
1253 380 1734
385 1912 1945
1457 2496 369
84 218 289
994 3113 2132
2211 1420 3136
2264 2795 2657
2006 2507 2958
1371 3091 2275
845 782 3342
1607 3346 1682
1455 2175 4727
276 2018 3876
715 723 3914
2181 163 1242
562 1033 2542
2379 2979 3729
2350 1656 1074
123 1087 2
1372 1527 1287
1578 1525 2021
1776 462 1077
2190 154 2317
3294 1206 1440
1819 667 411
2146 2136 1896
1031 2327 2417
1992 3092 1107
2782 300 1487
1874 1319 832
189 2618 106
1576 1333 4694
1351 833 1232
33 2365 1840
550 949 3948
2106 408 500
2572 1441 4778
3028 235 3592
2904 1217 2419
2814 665 2586
1798 2851 1080
2554 2046 55
712 2125 2579
2918 1734 2648
677 1387 1607
2388 2467 60
2118 2061 3814
946 276 630
1743 3271 1317
2637 286 2135
1392 3240 1859
1923 711 202
502 2101 2692
2362 1301 1272
1644 1093 4173
1722 287 3922
1368 3320 2443
2645 2207 4137
2645 3072 3785
2571 193 3120
810 1306 2450
1403 2071 1091
3360 263 1183
327 3342 2130
907 2174 1724
439 1302 2037
2125 3269 3899
2213 1360 2049
1914 1347 333
3101 1619 1336
2966 718 2359
1132 113 621
3094 1220 1077
979 1551 158
1472 45 247
3225 404 3466
3375 2743 599
3035 3365 2846
3308 448 4170
2943 1585 3738
2509 1377 1319
260 764 249
1830 789 272
2214 819 1635
2445 992 3486
3015 2160 3870
1710 3209 427
59 1347 3467
3143 2903 895
552 1949 887
3235 1864 2013
2330 81 3762
624 2829 1042
2084 2608 2712
1513 109 2943
3113 2609 2649
3174 2636 4200
1757 3306 530
522 3357 4386
1789 1657 865
720 507 3014
2064 2737 1448
1979 782 1573
91 583 4063
2369 2044 2192
56 992 2664
2227 2545 1352
454 1031 4429
1649 3383 4564
1886 2117 2841
920 1996 3867
1344 1608 3803
2167 2076 4147
2195 2911 1339
483 1231 1976
1160 1234 4036
1402 1199 2719
722 1885 3461
2308 2857 392
2859 2749 1581
2853 1256 975
2257 2012 1431
376 453 823
3263 3104 624
2654 1520 2626
550 2251 3615
1731 1445 4616
2186 821 4201
1530 16 4376
973 4 304
684 2658 833
1566 3150 2559
472 2315 3730
1821 2704 300
432 2648 2758
3270 2895 3025
29 925 3004
2509 1714 4063
3257 2094 1137
2110 2655 3633
1995 609 161
720 2320 4820
1106 2223 2917
3235 2569 4688
729 210 3952
1002 216 4087
1263 718 1718
1283 2694 3583
1847 3315 3501
3280 3372 3909
2806 530 787
3075 3003 2423
1332 1106 1045
1038 509 3346
1690 3338 3510
111 1393 142
2875 579 4523
1978 3154 1934
1485 3108 999
1095 777 432
1612 1039 4044
320 2314 16
153 55 2911
3064 1455 1796
2119 702 1342
445 2202 3987
894 3384 932
3032 2052 1643
1872 2281 1524
3070 442 3997
1479 679 3112
2250 296 1584
1052 1583 3568
2446 2248 1017
2071 1825 2226
2945 2640 2191
1289 38 3630
2247 627 2901
3150 1742 944
2759 3387 1373
2561 2487 3641
1618 663 1237
601 454 1235
2153 811 3925
512 92 900
2435 1140 1192
1071 231 581
1342 938 2046
1749 1480 3264
1392 259 2530
557 983 2566
1195 610 2146
2575 1220 2422
2850 1095 3685
2550 144 3452
2338 739 1206
3357 258 4139
1117 828 3168
2444 469 2671
78 714 939
919 1816 1103
1479 1930 3840
906 2969 1215
714 191 4638
1605 2934 2891
1389 610 2876
3090 3278 3643
2825 1321 926
1678 2696 2764
524 3220 4252
2291 422 1307
268 1762 2793
1396 103 3821
2620 2020 4171
113 314 3574
566 12 3201
670 595 1297
3247 501 1598
2964 1723 1687
1268 516 1797
1132 2020 4818
2317 2292 4408
1169 2328 3024
1731 38 3265
2355 2470 1693
1422 253 4836
407 1494 1659
2511 2982 3587
2946 139 3971
1777 2384 3389
3132 2920 923
3266 915 3458
2 1547 3090
3134 3080 4631
837 1601 1020
1403 2169 850
3317 1982 2825
1174 2430 1307
433 2373 3082
1480 2804 2819
1498 855 541
630 713 1394
818 2186 516
1327 371 1327
3324 307 2705
111 2830 4106
426 1608 2954
2227 98 3053
2226 507 4705
2996 2891 3639
1625 1742 759
317 2439 86
2494 2119 2011
2496 116 3796
710 1715 3001
605 2209 2267
252 2107 78
960 3397 2572
1635 733 3683
1332 150 935
2466 1288 2735
1470 1139 1850
1143 597 1016
1351 2211 543
253 842 3632
2558 976 656
2031 771 1885
1899 1259 2373
1952 2294 3140
1404 1951 254
33 1401 1378
2261 1996 995
1842 2250 3717
468 2945 3444
2071 2706 1994
1921 695 2666
940 108 3147
2355 452 1817
2876 1936 2476
1895 3363 1543
2684 2661 2469
743 1060 4493
791 891 4017
362 652 1912
1587 1908 2853
288 2078 3398
2552 1525 19
1733 2503 325
513 2191 1445
1143 2618 3892
560 2455 2045
1661 2185 4283
2420 1091 2474
2753 1366 2265
3164 1538 3191
339 2726 2393
1170 2860 2837
1675 3058 4136
184 856 3660
983 1942 1031
1435 592 4707
1189 2425 2701
916 2014 2618
230 265 1438
1883 2774 270
386 3083 4356
132 1250 4269
1700 2385 2624
780 851 279
934 987 972
2021 3268 4812
1874 749 4424
2947 2456 4053
3332 815 3609
2360 310 743
373 1000 4317
3002 1884 4248
114 590 155
3142 211 541
181 1740 4497
703 2838 4858
2563 2491 1028
1337 2348 4349
2453 1840 1855
1408 700 1823
52 2860 4542
198 216 10
1297 1165 2904
2027 773 119
3042 2687 928
150 3302 4844
1965 2569 802
2844 945 2083
1213 499 4746
2226 2997 4632
1581 3033 1719
879 284 2150
2692 2425 2841
987 1133 423
339 1881 747
994 2492 3860
2070 2580 2003
1510 3066 2064
2154 2447 1462
835 2347 3736
3068 2597 3063
244 666 775
1702 3347 3529
803 3060 798
1473 2644 3107
2468 2494 3278
465 1510 4554
2687 69 2152
2997 2167 4240
1031 927 510
2188 1938 1382
2102 647 462
1065 1843 4536
689 1713 2394
326 1099 1301
2368 1989 4710
177 733 325
1048 2033 2554
2804 1634 3657
2946 2913 4736
1873 2036 3918
1557 1797 1424
3112 3159 1678
2964 598 3075
2141 2768 1786
2501 1581 4725
1730 2945 1206
1721 2820 2889
573 1981 4239
1658 1054 4745
87 2028 848
531 2610 1944
2477 792 3496
2023 2147 1021
232 1915 2748
2700 3362 4774
3270 989 1391
1758 1990 1788
2777 2915 671
151 2556 1354
84 524 537
1800 1024 2405
1759 2545 1753
3288 76 607
1735 2314 944
2778 3352 1026
2994 2372 4066
2799 2438 2748
1851 1384 4463
2758 386 1529
1414 205 4475
1507 1174 3841
1957 241 3914
290 1222 3614
97 1456 2540
2649 1694 2708
2874 2859 1632
2615 419 1236
3090 2745 2340
1438 678 640
2022 336 4764
402 644 1099
1150 2407 164
2076 282 4245
940 1350 4460
689 2844 3001
1890 3108 3492
559 2296 4796
987 1617 779
3273 791 4484
420 599 2458
199 2775 1129
1290 2353 3867
865 186 3118
2457 2674 925
2521 2495 2592
1642 1269 3527
3321 803 3770
396 1647 1386
775 2037 3733
1694 1999 878
2039 3295 4732
525 3375 299
798 2602 4081
2705 1519 192
2487 931 3022
2467 2081 1932
213 2364 945
2422 2471 1386
489 2242 3385
1142 2673 1264
2196 357 1561
2688 664 20
887 1911 281
345 1111 4293
1234 2428 3756
1926 2121 610
160 2712 3378
1937 1183 3733
2281 3073 486
2888 1808 2201
2311 1184 664
2823 282 1591
2636 3008 2114
2882 948 2526
2148 280 321
1392 680 3997
160 1448 3603
1570 2294 1218
1672 1510 3741
1101 1118 1036
312 697 137
3297 1839 1754
942 412 571
1469 2457 2434
2524 2183 3918
2437 3024 4264
81 75 2678
1198 158 4534
3262 3030 4518
2755 2924 3856
364 470 3809
1419 1696 249
118 934 4024
1899 659 3469
1302 3268 1197
1231 572 1598
2205 805 3795
117 3178 4354
1816 2104 561
3337 631 3535
1688 6 3843
2554 792 2336
697 1252 954
2997 1296 1286
1886 640 172
1901 813 1128
2848 837 4288
1917 2490 3135
1013 1860 2687
2632 3387 856
500 133 280
2364 1679 857
2115 2623 3382
2602 1639 3426
1795 845 4688
1228 2556 1236
859 3315 4338
1537 3357 369
1047 2747 4179
3289 642 459
598 197 4683
3163 1971 2618
1852 416 4641
2430 2466 2477
3346 2852 3158
247 2915 4059
2430 3187 1666
421 868 502
1970 415 3508
2142 44 1940
1632 1285 1140
1502 278 3497
815 315 1708
2584 2454 3257
2992 266 1261
1030 2770 3772
2005 2890 2458
2476 2114 3824
2203 317 4203
122 165 2425
1705 707 3564
265 3205 2846
1503 2094 4826
3307 2618 1858
2526 187 4121
1016 1575 6
2562 1246 4607
242 3336 2443
170 1481 273
2986 2236 2923
1581 2425 653
2752 3259 321
1976 3303 4097
1786 3191 1451
2364 1690 4215
412 1868 380
2407 2955 489
2503 1812 2236
857 276 1669
2088 3168 2801
1392 1063 1931
959 2951 1405
2512 2047 1658
1378 1740 4655
1283 432 1589
2728 1201 3932
1834 707 1021
2124 3203 4150
203 913 2543
660 2950 2691
1746 3354 3492
325 2102 634
1106 642 3277
2853 988 4212
2413 1416 3964
1679 2110 91
1308 3278 986
232 2627 568
2736 1059 2982
625 2516 3771
1280 3133 922
2804 2149 3182
1382 2516 4098
50 1346 1711
973 1267 582
262 3300 1302
306 2217 4739
2474 2290 3677
1372 2182 1930
3034 1309 200
3367 860 655
3167 2722 1133
1180 3400 601
469 1320 1836
57 2619 1283
2070 1397 784
1622 768 1981
943 522 27
2518 2429 3376
1170 946 2603
2080 2683 3777
2857 1284 508
1658 1558 4069
3118 870 2952
1828 1863 1969
1656 2436 2038
2869 2992 445
3302 3246 1171
2457 1580 1679
85 1045 3910
1252 1715 3571
1040 1655 906
7 1812 11
401 89 2129
1334 796 2805
1445 1303 994
2140 3190 4016
3177 660 433
962 274 3309
71 3221 2955
308 3010 2090
1820 2588 283
2229 3052 1926
2082 2192 2844
3008 828 123
2363 2304 3260
2029 2339 1188
2873 2797 1250
682 297 2841
417 52 4714
902 1415 3681
981 3338 3406
2712 1543 2621
3066 556 49
2016 673 1218
2993 269 2816
204 1659 3483
665 484 4366
277 2675 94
2842 3219 786
2150 871 1443
1486 2799 701
570 3070 2869
671 425 4796
786 1992 3660
2553 2093 1311
2260 3251 814
2298 1413 1321
1340 913 4181
1189 1289 4118
2572 1719 3784
118 2343 2916
2639 3000 1894
867 60 2807
1006 3075 1409
1729 1456 1424
1457 412 2703
3057 407 149
2539 3066 3297
1320 3053 3430
703 1102 3795
1692 2996 691
2565 1169 2344
240 232 586
3213 2872 4754
1411 217 138
1378 1895 1653
1043 1819 4692
2482 38 4716
2359 717 4320
1410 1116 2208
643 2650 3716
191 1679 2979
1540 56 3307
3276 652 2318
1994 3319 2177
91 886 1707
138 1149 3382
1308 110 1756
437 2744 2767
2866 892 2757
1293 378 4053
3018 2590 1056
1289 1150 423
2700 680 2217
1663 1111 240
1111 2005 3892
634 1114 3262
895 699 1794
1205 480 4161
1514 3257 1720
2211 1309 1462
1077 864 4727
224 556 73
526 3017 3393
2283 2872 3168
609 1705 209
1043 84 2794
3146 2283 3915
612 965 4032
637 2749 2120
1837 2858 419
2507 2295 2832
363 2956 1965
648 1928 49
3313 2959 534
2328 1063 3333
2230 2184 3380
788 3312 2826
254 2970 729
2226 3246 1711
2009 3176 1269
3399 1663 4315
3304 898 1160
598 1237 4561
645 1412 3171
1152 1598 3120
604 923 742
1445 1364 475
1079 197 3482
786 3149 4044
1426 300 4305
613 2106 3137
2140 339 811
1089 2646 1627
963 162 1116
977 1537 4753
730 1124 515
1887 2965 2641
2268 1912 371
2404 2957 3650
2355 3011 1349
60 2808 1110
1120 2089 2200
1688 2844 2339
2436 2711 3874
387 280 2022
1848 522 3
255 448 530
3079 1117 3875
1299 337 601
65 2697 2390
1794 2703 4158
242 94 2257
283 3348 174
1752 2304 3704
960 1434 2088
2773 2697 3505
1459 1423 2897
1229 167 3874
718 2602 711
2777 3059 3048
1216 3212 3221
872 646 575
2322 976 1204
197 2604 31
1194 920 685
1369 668 3543
2665 1993 2996
3050 2126 441
3332 1176 4634
694 1487 4264
807 2918 3234
3118 3115 935
2981 2261 4784
2034 1803 4684
176 1210 4183
780 577 4214
1679 17 931
1348 853 516
1552 3156 1523
143 2655 105
2815 3318 2729
1248 1402 1209
656 403 3114
1676 1025 4535
2004 1171 1943
2160 2661 782
3044 2069 513
304 1800 3787
3382 758 4093
1257 2203 1998
1018 821 4323
3033 967 1545
2432 1744 4462
384 1724 4376
1160 1501 3126
1492 1925 1744
363 1039 346
434 2259 1935
1289 3187 4557
229 814 320
3278 648 3258
453 350 1709
2521 1849 989
1281 1049 3671
541 3120 623
366 262 898
1065 3190 4821
670 1380 4565
1222 1883 890
283 2347 3750
1204 2740 3105
2471 1102 3518
1167 198 2766
2388 814 4422
91 2369 1295
1014 333 4232
1648 1403 4143
816 2615 2584
3347 2511 4321
386 22 3076
77 167 74
3200 1994 1772
3354 126 1956
745 2138 3548
2519 3246 3183
1961 3157 2596
1448 1348 3319
1930 3227 4573
434 1900 4378
2878 1437 1356
3302 423 4221
127 2072 2943
1960 1615 988
482 652 27
979 307 493
101 244 3317
33 1987 3938
947 3194 2054
1022 44 4838
1774 1146 1129
594 263 4265
1223 2452 1606
1043 2182 2332
2679 1073 3210
1712 384 1468
3366 2900 1954
1960 881 1899
1458 1373 970
640 3038 2456
2538 466 2589
1273 1335 1255
99 2336 2630
1516 566 4055
1977 191 1909
3047 490 1003
2141 1283 3141
765 2573 372
1038 2538 1865
331 2080 1700
1866 1658 4053
2444 43 1039
969 1051 1112
242 460 4306
1821 2763 4734
1561 1692 859
2478 3342 691
2864 2876 4383
422 2284 1894
3042 554 508
1425 855 4386
2228 1025 372
2975 3301 2048
3299 491 3455
1471 232 2861
287 2488 409
660 697 4188
1059 2885 1106
991 1165 739
804 1896 1635
80 2536 2502
531 871 563
533 1552 4064
466 429 689
2488 493 3363
1780 1117 3974
1290 2070 2477
2942 923 1602
2890 258 4708
2972 1118 3896
55 654 619
1790 2497 354
3323 279 3976
2760 2447 634
2898 1677 2297
324 1680 4240
2871 2422 1652
925 2075 2650
2415 751 1366
3124 1204 3232
2900 3074 918
909 126 973
1317 436 4623
694 1455 799
3335 3277 2291
309 2015 1687
2295 856 3877
1956 2304 2918
3204 2046 210
671 592 1458
2424 2129 1411
1927 1659 2870
1451 1963 2354
2731 2932 1666
3061 2978 554
1954 648 1234
2703 2435 977
333 2140 4125
3036 1464 1941
2997 528 3084
1440 1726 3329
1315 993 3997
2947 1668 3649
3339 1375 1964
2851 1704 1371
3148 800 4756
845 2576 2521
2249 2522 2604
3142 1521 3665
2447 2985 3662
2444 703 3091
519 3084 4503
431 2253 2545
2701 1326 3440
1508 1381 4604
3119 2957 961
1731 2065 2009
3270 2636 1262
2918 2487 4553
3023 1421 2302
1988 1783 4744
1402 654 4200
2418 1733 2936
1813 3201 31
416 2751 888
37 1391 4845
1158 502 3712
2929 2696 794
2741 1758 4099
3299 1357 697
2035 2749 4367
1913 3010 904
806 3152 289
2422 389 2990
607 538 4636
915 2745 3637
1551 262 994
1945 2665 3236
465 3098 4247
226 2174 4405
339 740 4215
1696 1310 2169
1634 2773 3262
770 3186 3896
1696 57 770
1179 1468 2526
3099 1315 568
599 559 2787
714 258 1072
792 2616 723
2618 2150 4612
1717 1968 2148
1399 3339 1831
3188 2198 4443
712 3182 3245
1387 1791 1481
746 2602 1782
1117 2238 2565
2481 3266 2570
1205 868 4025
2235 957 3236
3317 3325 2578
1769 1920 4018
1176 1539 258
2431 3011 4215
1939 1605 1614
1553 2500 3132
1727 2482 1561
1901 2348 3862
834 3376 223
1508 3056 3519
940 1936 1045
1802 1472 4606
1153 2334 1518
1702 2366 4102
869 688 1532
2979 1815 4814
2996 1554 421
1433 1108 196
2260 920 2016
1530 2837 2465
718 1063 306
2847 583 1614
64 1223 4641
1321 730 1143
3381 2464 389
2177 1850 4388
1431 2331 149
1979 68 700
2229 2485 945
16 467 994
1838 1004 4214
2083 350 2910
2721 479 997
2961 1858 2177
2286 385 3870
2345 2455 1602
199 1323 3677
3161 2073 4738
1035 3104 165
2712 3308 3648
2723 177 1350
99 2943 4245
2063 2235 4810
566 1894 2624
1096 2193 12
3168 715 513
917 3212 2215
908 1904 2921
1956 1522 2930
272 853 2206
927 2867 2549
6 3183 2254
1322 2799 4490
2444 606 2561
1547 2243 4104
2999 2718 3729
1063 2612 2680
2751 1272 3095
1036 2961 93
1421 422 3660
2480 2356 181
2251 624 1724
1211 1593 2284
2374 1668 71
129 273 3357
1661 1797 3617
381 2728 2038
2303 843 1926
616 1600 4177
205 1514 2741
2440 2967 1773
1202 3204 735
2831 1760 3934
2803 1556 3633
1903 1085 1678
2776 1177 4107
1136 1041 2710
3197 3015 4794
150 731 4329
2387 3269 4234
147 2037 3318
2578 346 1916
1185 801 710
3227 840 3145
1914 2971 4020
1858 2915 633
3120 2308 4557
3110 1697 3626
1809 121 1879
2208 1984 3013
1776 84 1973
1780 1142 4512
3079 2692 4250
1300 1825 3600
1955 364 1316
954 1108 796
2856 1333 2172
1890 3206 2069
188 520 4221
1190 649 1540
1991 2935 3809
133 3048 3527
963 2474 2252
442 328 4192
916 549 4399
850 454 3496
89 954 2915
1154 1219 3679
2939 9 4184
463 2312 57
251 889 1232
1993 348 2515
2262 1878 357
2130 1745 2977
774 2791 4542
2092 1057 4072
2861 581 3177
3191 561 1446
2581 582 2836
2365 2559 4355
1372 2689 3926
1341 3331 419
1103 1115 4258
701 3228 2405
1499 1171 1886
68 118 3587
2703 1729 1131
434 3369 2340
2045 1546 1043
998 1542 4063
452 857 4139
1212 754 3410
2608 59 3330
469 3357 4618
336 1819 472
1638 347 691
3222 3147 2205
712 447 570
1271 3183 734
876 2771 4184
1296 573 4219
1905 1038 1669
2671 1320 1574
1691 2910 499
701 1954 3466
45 2190 4389
981 3037 1369
2224 272 1829
2027 2010 296
788 755 1757
2129 439 60
203 1540 1583
500 2494 2074
172 1119 1120
371 2749 4464
2872 2643 4388
1317 1610 2058
3142 1851 4386
2935 3366 2690
1727 2920 414
894 2817 1539
2244 1633 3927
2784 1905 3991
1009 1033 1748
3350 2011 4840
779 185 3860
3308 111 3411
2236 2120 3713
149 12 2319
2575 311 2257
3391 594 3293
2133 2959 3355
3315 2995 2151
3022 2408 3965
1886 1274 2007
2164 2493 643
1174 506 3878
2898 2860 2351
2360 3384 616
1548 558 4295
2421 521 2875
34 523 3792
3364 2384 2302
2242 3075 3019
2925 2582 4788
488 1992 928
1105 506 825
2649 600 4033
2230 1010 4547
135 2745 2649
2399 571 628
2026 1164 2711
1029 2770 3730
329 1821 3353
73 13 2249
1770 2314 3816
2338 2534 3046
3396 217 2999
1397 24 1522
214 849 2278
2794 2753 656
1077 854 2488
2185 833 3861
1247 487 2213
1261 2039 1173
961 2308 1582
2201 643 814
1180 2175 1258
2881 401 2027
1945 2333 98
1667 420 2864
2207 2809 1049
342 686 3200
2126 2304 3581
1808 3079 3274
263 2333 2526
2250 1222 1996
2785 950 3840
1403 1498 3055
937 910 1227
1661 58 1407
1448 394 1817
1136 1682 3783
1352 2209 4797
1087 1522 254
2216 3274 4252
199 990 4627
77 945 1128
2809 2686 4610
247 271 1892
366 2426 3978
3398 3151 935
715 197 4077
3088 1003 3260
1721 1732 2978
1247 2767 3291
2822 956 4377
1975 2493 2130
725 323 3032
817 2416 2381
2654 1874 1870
817 1734 716
256 1718 1879
1437 3182 2984
555 1439 3957
2277 958 338
1757 904 3829
969 127 3803
65 1884 3507
3228 2986 3213
1602 2256 11
3056 1567 4242
194 3198 1142
3309 2289 2015
2557 549 1945
2643 1665 1675
2943 358 3534
1362 1596 4845
1541 2031 4712
2525 187 144
1850 132 2774
3201 3287 1271
515 156 1577
177 3356 2914
3272 1493 3179
968 2784 3618
1445 3082 3246
3003 1659 3983
2130 2354 4548
2527 2138 130
2628 27 3066
1149 1468 2189
1101 355 896
1093 3106 2209
798 3324 182
1174 2946 4270
2012 884 2670
3324 935 978
2610 827 557
2714 2545 4722
2176 2254 4824
2925 1944 224
3095 572 4349
2427 878 3317
1344 1709 4290
2691 1919 2627
1556 116 2921
2391 2674 3789
1781 2036 3520
240 751 1002
1905 2481 1827
2812 3304 3737
149 1619 4665
650 2917 3308
175 3021 1122
971 71 3659
2295 1950 3124
722 1557 2256
989 3005 80
779 60 2598
3329 1041 4398
819 984 1848
2335 1080 183
759 1182 3354
3240 972 3571
191 1306 4636
1802 2110 3735
1953 1322 282
2462 1172 3359
1846 1564 4414
3095 1581 1166
3077 3158 2321
1898 967 654
2815 2522 1907
564 1379 596
3147 908 2912
1440 1334 2413
2409 682 1425
509 1054 2226
753 536 3424
372 2104 1802
618 2792 3050
2570 1165 378
1561 1431 560
950 1136 874
1786 1287 1764
2345 3067 2127
1128 365 3428
508 1746 2577
2167 1246 3308
1238 1206 3575
3070 1833 2626
2373 2656 2524
1352 3133 310
3287 1250 504
1560 888 2635
2335 215 2446
1816 1383 77
457 310 2548
1075 2886 739
517 1335 346
1930 2740 2062
912 2192 1272
1817 471 385
2623 2763 3256
608 800 4465
244 1527 3278
1192 2466 720
2329 1039 2621
2425 1942 3035
1434 2197 588
799 283 1002
1400 1041 1519
311 1023 2917
2762 760 1548
1778 3122 1238
3171 2616 684
2958 243 1679
3374 326 4550
3026 952 532
1614 3098 3790
368 1761 73
2956 1474 4763
2733 1988 620
195 545 704
3210 1904 3474
3244 161 2384
1838 238 3393
1946 356 4198
32 1332 4310
2625 3139 491
1829 1027 305
3156 2990 4259
641 1762 1884
3391 180 188
2452 2729 2610
2284 2068 1584
2934 2852 599
2651 2571 1929
1405 2191 631
2605 2464 438
2848 2635 3410
2205 735 3557
968 312 3410
676 1747 3619
191 2004 4021
1861 791 3140
2682 3361 2572
2109 2473 3681
1157 628 1949
1223 2090 3907
1218 1667 2999
890 1832 2053
2711 620 3227
930 304 2607
2570 3400 1883
2553 823 2645
2734 39 4829
2466 1760 581
449 2282 926
3248 126 99
3338 1037 716
1211 3345 3043
1151 1173 1240
749 1005 1357
1131 1903 1535
959 515 4244
975 3170 3252
1223 3366 2220
1785 2085 4771
3182 842 4579
2215 3363 2828
2429 832 138
1163 1222 2633
1856 439 2150
2707 471 305
653 394 4061
1565 1295 3120
726 272 3778
3062 11 1790
2083 1166 4070
328 2327 505
1650 2484 4649
2023 2213 2193
709 2349 3757
1807 3041 734
2176 2921 1846
2563 84 4703
2825 1095 4216
2369 1334 3675
2937 2447 3105
1460 792 4174
2561 2398 4191
1174 580 1295
2574 2300 3409
3119 3247 1873
251 493 1001
157 1675 330
1648 987 3767
1463 2250 1036
239 1647 4846
2599 49 2210
3180 1536 52
2853 2485 4778
792 2558 2242
125 1925 3102
2060 706 2595
2623 1 47
2237 2362 4730
2589 2144 4228
2276 2120 3795
1429 1339 4739
881 1599 4465
1506 3309 2693
606 541 1228
1823 2799 4016
2253 1837 1588
2390 2648 3433
2803 1459 1590
1665 3393 4234
2111 3355 4001
1521 1467 901
1516 1274 17
2874 2934 966
505 1409 4023
977 431 1551
1466 2261 3992
599 1747 3466
2297 2416 4129
3268 2028 466
2982 1634 1235
1360 746 2424
593 793 2876
143 2396 4172
895 1720 4536
2174 1219 1975
34 2027 1974
227 2675 1390
1745 3380 2090
723 2649 1913
2718 3375 4537
1725 880 2456
2833 2612 2781
2397 2213 2023
1347 1273 1916
790 1336 940
560 1759 4609
316 2318 3784
250 766 3558
735 623 4142
1084 1219 3290
3224 543 3880
1869 55 3900
3221 1886 4680
434 1901 4270
524 3247 1933
1723 258 2070
2582 3281 2563
2031 1388 235
422 65 49
2767 1993 3752
27 489 1602
1483 712 4279
1280 3195 882
552 2254 2
1129 918 4347
2027 1688 3531
2611 1028 825
1612 1842 2940
779 3037 4387
408 1039 2392
2416 2174 1600
2433 3298 402
484 2445 2161
3036 644 1733
1096 2591 1764
904 2993 2133
2331 1018 4541
2179 2883 2964
2026 863 2438
480 1905 3477
1651 2270 194
3139 1127 2724
2943 926 2963
1110 248 1389
580 3080 4750
2040 33 2060
1938 749 3805
2410 1311 2236
2540 2924 1836
795 2762 1114
1825 3351 4028
866 2803 4809
534 3354 3526
3069 1205 4535
255 1010 3716
7 302 579
843 2105 3650
1916 267 3028
216 3057 2286
1408 2715 2724
2435 1187 4088
209 382 2309
1164 1386 3558
849 2601 3896
806 1040 3588
320 2775 2382
2092 1308 3722
1249 1403 1702
1746 1744 4438
2837 2142 4058
553 2261 4751
527 2815 1230
674 3091 2942
3070 2812 2724
2427 29 3539
1341 2321 4173
1835 899 2811
2608 2534 1557
2448 1844 3943
425 3106 153
1730 55 2537
333 1450 4269
751 831 4811
44 189 2942
1678 2801 3936
2043 3292 631
2308 189 2665
2599 523 4035
622 2008 1490
1107 2638 4813
760 2578 3549
2990 690 140
567 3381 791
3210 1260 524
3091 325 1954
3135 2107 2239
269 153 849
2874 913 935
2707 3278 4209
1319 642 972
3220 3361 1574
1641 356 3433
3138 469 95
1422 784 3971
1878 124 742
953 999 2167
1592 2375 2502
1313 527 984
3260 1955 2222
2824 1027 4081
2868 893 4017
330 1151 1748
15 247 3217
1658 1610 3850
3336 2292 3400
1332 1015 1691
1354 1080 2243
1177 327 3323
1817 2189 2616
2367 231 2342
197 1863 841
1519 1851 702
2820 1256 3089
89 1361 4604
2584 9 2645
1289 1273 3842
3045 1414 4583
2391 2701 1950
2281 2749 2900
1722 1406 84
1928 212 3230
3320 1879 1195
202 1629 870
73 2563 440
117 114 4736
222 1136 4448
459 1651 474
1542 2027 2456
2628 3254 4276
2290 2136 2060
923 2778 41
2833 705 3336
2396 163 4346
1560 2615 2425
3254 3116 360
2865 2703 326
1903 968 3370
943 2093 4398
1836 710 1682
1933 1882 1192
82 3197 3232
2014 3344 423
2107 1169 3366
1386 2440 4762
3272 1348 3871
622 996 4846
923 2119 3148
526 449 3635
2603 1693 1397
326 2130 2454
925 620 4024
502 1674 332
2086 834 1636
1649 765 1150
3303 504 1934
86 3345 4327
760 429 4127
3381 161 1190
1437 461 2516
2666 3118 3215
1007 1154 2546
1024 1891 3140
1972 2169 3934
1424 3088 1834
3231 1378 2845
3255 207 945
3299 1737 4413
513 3398 1227
352 767 2787
1995 3252 2522
1925 1330 1515
729 580 284
1694 2774 2336
3130 1743 1656
1073 2807 2734
421 1673 3672
1147 3135 1072
127 2905 2960
2777 2659 2044
2856 2724 311
300 2697 3114
452 259 3280
1267 189 823
236 1321 1707
3330 2531 4548
3075 2733 1439
3173 1035 4430
1318 111 4712
1614 3045 4138
97 1459 4048
2734 1683 4080
3348 433 3873
503 304 4633
12 637 2222
645 2882 2018
1409 1780 3513
1288 3380 3368
2293 2319 171
305 2985 2574
86 2775 3245
3161 2509 659
2292 2833 2057
664 2217 4141
2090 2560 742
3359 2371 861
1991 929 820
967 569 2284
329 2880 170
1837 1267 715
1399 449 4661
2625 2712 1505
519 2907 4606
637 3207 3462
3074 784 4290
3302 2681 1700
1618 998 4136
2531 893 1266
517 1713 1125
881 166 3461
275 2438 3896
1108 100 1739
1181 2606 3230
2246 467 487
2027 752 134
3200 807 278
1304 303 2279
245 2595 3200
894 3285 2995
349 2866 2062
1112 2582 2628
578 2484 4762
2770 174 1915
1963 3123 2296
3171 363 4701
3272 524 2017
1884 2056 632
1546 451 30
307 3088 19
1310 3275 1311
959 647 2851
854 3134 1523
1652 1529 1957
2894 985 4529
2294 357 1034
3129 2894 2540
1189 1814 3622
59 3077 1110
3112 3358 80
1236 2503 504
551 1527 1582
1120 1574 1447
2914 2766 736
1537 1324 3704
1267 520 1276
488 1085 1150
2327 318 4234
1878 1425 3789
1018 2335 237
877 1914 840
966 271 3976
3243 3333 934
117 1617 1643
1167 3238 2287
3216 1908 1100
3054 693 2504
198 2576 3857
1859 3255 4237
1669 1332 2464
904 1735 458
200 1865 3723
829 173 1154
2848 2992 1194
1661 191 642
2746 356 2368
2986 2401 1030
1271 37 3203
2341 298 3453
821 2147 3177
2427 721 3740
1711 32 1042
1256 2524 1350
2443 1173 782
1349 3392 1749
48 2049 4847
1126 1365 2809
2966 2153 1847
1002 1035 1625
1182 3029 2104
3219 2291 1207
1755 1780 3161
2127 1477 3033
1187 1871 758
1267 2897 3159
1654 2286 1454
62 1423 1109
1204 1729 1149
275 832 3132
674 2841 3926
826 1762 1429
1690 746 4799
442 671 4823
375 1111 4338
125 2394 754
2018 3312 1420
306 2767 4738
2066 2607 1765
2919 2190 726
811 2538 1274
1116 458 3842
381 1319 4371
758 2963 1395
1975 3149 595
946 367 1068
340 2442 3422
1761 1774 4531
877 1131 3127
438 731 2394
2623 2835 4591
1537 1075 1812
3089 1164 3114
2882 3076 418
509 234 1647
673 395 2420
2734 1200 447
125 3052 3867
3176 869 471
80 877 1450
3214 1369 1777
655 344 2572
2783 2365 3883
2188 129 4612
2373 2622 3704
3236 816 1477
2082 2576 1522
3174 1564 1509
2686 2757 4745
2290 235 1846
1190 2029 2651
2139 2025 1675
1842 3240 4390
3 2246 2334
2356 1742 3671
2232 158 1870
1238 2190 3141
1724 2134 1684
2343 1827 3666
3183 2425 3724
827 1632 2625
3154 366 1804
357 2915 2880
3155 767 3683
2311 3056 1517
2140 436 2241
1284 2322 1919
140 2229 1387
886 18 1634
896 1826 2102
539 1915 4700
3299 2645 3963
2335 2432 800
1792 3094 1074
329 2415 413
2855 558 4737
150 1821 18
936 2691 483
2986 1541 1469
2536 252 3026
1082 3016 1644
69 313 3267
683 441 2226
456 789 1577
2752 2016 498
3346 1868 2893
2664 1835 4811
1628 2426 1683
3059 1263 137
508 2267 3034
1592 2334 3321
2513 466 1713
811 1802 1679
2652 396 4025
3090 383 4391
2996 3061 945
1466 2468 4526
2510 1899 2311
2133 3183 3107
945 2250 480
653 2832 1182
1072 983 2460
3370 2055 3669
214 2616 3878
2237 2813 4503
2001 1707 2343
1243 410 225
1133 191 4110
582 3366 2080
668 268 3250
2984 1964 3775
3352 654 1691
2828 1062 518
1885 1884 4255
323 1120 4859
815 2240 3605
1417 1551 268
469 107 4085
2093 1236 1382
1870 3204 1573
3032 1193 43
891 2578 3413
900 2102 3933
2306 2434 1728
1691 1992 49
46 1643 3565
2109 1006 188
2752 869 4031
2614 2626 3712
1462 444 3111
1092 362 429
1763 1727 2250
1381 2184 2308
3137 138 3103
2373 2433 1250
2276 1333 4021
2088 469 3543
764 6 797
1731 1752 2085
3189 1340 3819
2047 3081 3134
968 227 3497
2392 2676 2821
2309 743 3122
1635 1345 2481
3385 2132 1556
1843 1476 932
3217 2177 2352
1736 508 3096
1069 780 3743
3354 2975 3427
721 2077 317
902 2338 628
1098 2066 3988
1267 1349 1076
2711 2019 2400
3214 182 1181
2733 1587 1524
1690 1689 1995
2765 2022 2276
337 1794 2315
2766 1845 4537
1767 1983 3472
2932 1535 500
2704 1143 2927
2807 2638 1982
246 2401 1057
2927 1867 2602
1907 1611 2622
3310 156 577
1561 639 2590
2553 3128 4206
1389 44 3230
1331 2868 4680
2519 2676 4590
2204 4 3028
2668 342 3228
1967 1272 4436
1961 2 1175
2302 604 3590
1038 2211 1852
2147 3038 1550
735 3267 4087
2295 847 4705
3346 1299 617
2631 130 1896
2425 581 1208
2793 1256 2866
3054 2225 1807
2092 2115 2377
2815 968 4764
1844 1649 490
2894 2210 314
485 1216 3639
1884 2137 469
2167 1447 1677
2520 1610 1983
1068 1902 1688
2071 1162 2043
1079 558 3385
486 797 1320
800 944 1121
2927 136 4762
3347 371 664
3163 1564 4214
1296 2804 543
1559 1202 616
604 3060 1593
44 2832 3788
1721 228 1705
647 2518 2349
2102 2646 2784
2475 3097 2324
2213 75 3201
2534 542 142
426 1433 4218
738 498 1271
1287 2181 4250
935 2303 2039
2215 2115 1482
2878 2948 4677
848 2664 1263
2068 3378 4491
3322 2626 912
3333 905 2279
2751 2800 4262
3197 109 825
2052 1076 3349
2065 2673 3007
1195 970 326
2259 1402 1162
3077 592 4298
745 2306 457
1792 686 1983
1559 2998 4400
2544 647 552
536 1085 3218
508 2837 530
2730 2322 1769
3081 2873 3811
3105 3081 4708
135 2650 3195
2284 3252 3392
2668 3233 1314
2199 2691 4053
537 713 1308
3277 1563 4629
461 2913 2182
485 1502 2370
2374 2126 4544
308 434 198
1975 484 3041
28 914 2612
1609 793 3453
2902 2044 2640
3388 400 1908
303 811 2238
1745 261 156
2108 1410 3219
2685 996 4027
2336 340 950
690 1358 957
2129 2936 3999
3288 283 1237
783 142 1856
279 2215 408
2194 287 2498
2262 1398 3009
2490 2429 1934
2636 3379 3111
2929 2464 1723
73 1863 1621
2414 785 1613
3330 739 2396
1676 2423 1658
1886 221 356
2793 1187 3630
779 3085 4492
1282 2748 2140
2421 865 3772
1786 1209 3414
1793 2455 3388
1374 1432 3513
809 2367 4796
844 1898 993
1596 2527 2144
1813 2180 4678
3275 323 1761
2634 2262 312
2040 1313 1830
1619 861 661
1957 774 751
2758 3235 3343
2010 2702 3522
1274 1424 1876
3369 2776 2474
61 3326 2872
29 362 3453
1585 2044 1329
2566 2240 3885
377 3300 1505
2726 1269 1000
1719 1870 2956
544 1148 946
1538 2225 1086
3203 999 4114
1606 751 1011
3265 459 4
616 3375 1643
1357 2210 2794
3063 1807 2065
2291 1991 1210
1779 319 3957
762 3066 1023
545 3366 4340
3222 2826 2486
258 530 1200
3163 852 731
3033 2586 3961
714 2321 3785
2631 652 640
1106 409 4716
2595 2497 2788
171 110 3301
1459 3255 1900
2689 471 1752
470 830 2162
2375 943 1602
1455 2674 4710
645 2881 587
1657 1955 4445
748 921 816
2416 295 4235
636 2537 333
1946 302 4497
2824 918 929
2081 3317 2812
2841 929 296
486 2637 290
2701 989 1944
225 2786 2450
1038 2537 1992
1139 1213 1924
1280 3335 2030
1505 2731 1973
3077 1686 3968
2331 940 4070
2410 388 1249
437 88 4631
2247 832 1161
130 2413 2146
157 877 4613
163 2639 2208
1855 522 3348
1455 397 1261
45 2467 2775
1734 2122 4595
510 1676 3760
1320 1062 314
476 223 4485
1849 2190 3270
2836 886 3702
1070 2647 3901
2543 1160 4085
805 546 1568
1938 53 2398
752 2924 263
1205 1764 381
874 162 2769
746 1882 4526
733 2451 4504
1203 340 2272
2592 2888 4658
2536 996 4098
3156 2305 456
2302 1217 3949
20 530 424
323 2315 2995
1002 2460 3367
1219 2232 1719
2822 2119 529
1721 2940 2983
3122 3289 2053
2563 70 195
2966 1483 1183
102 559 3574
2774 708 2741
1206 1413 4572
2604 251 3704
3170 1407 4470
983 3040 4834
2088 1645 3133
972 2098 989
2823 2431 1637
476 1085 4678
1393 2423 2763
1164 2400 878
1394 268 3742
154 2656 3813
1721 3345 680
1050 2300 4419
750 796 1718
2585 2599 1121
3156 1306 1293
1121 110 177
1072 2835 3187
275 18 2547
2420 2991 4019
2483 834 210
361 612 4194
43 670 1415
3013 273 2027
1877 3095 4417
2268 2292 4048
74 2562 4066
2754 2436 2267
2818 2097 3750
1020 2152 3210
1509 848 1697
2726 1908 4195
855 1074 1870
917 2943 1415
3192 1890 779
431 3229 1428
1325 1887 2340
1045 640 94
1627 3312 1429
1780 1164 1134
966 3395 82
1642 2516 292
2584 2492 1620
2147 2011 4226
1156 2467 1106
1362 1965 1544
272 320 2549
645 883 4070
2415 1135 3668
3380 1002 168
761 1818 3938
409 1440 2692
2241 2628 1545
2156 1721 2435
3299 420 319
634 1094 2180
1833 2986 1711
109 3277 3204
1600 1393 3430
2188 2437 4017
2605 1790 4275
98 270 2242
1446 1845 1952
2294 3085 2841
3052 615 2027
1253 497 3797
3195 2936 2118
523 1323 310
3055 1137 238
1117 756 974
2191 2599 2134
919 3195 2561
3037 2425 1552
2620 1486 2658
1001 196 336
1099 1044 2476
1430 1285 287
1127 925 1823
2967 2194 3699
2435 3116 1539
2011 66 296
1053 963 1787
524 1115 3554
1511 578 2403
1192 2111 3372
2504 798 2153
3294 2993 3655
1868 3153 414
2627 2474 2717
940 1731 4471
2116 3258 4790
2855 2666 3935
1435 1029 2978
1380 1938 2844
671 1949 759
3145 3191 2548
3129 450 3587
1490 1578 1943
1761 187 4582
1443 511 142
1925 1614 1577
1249 1809 4759
576 980 4704
554 2557 4567
3164 376 3169
1423 3222 1707
2100 2186 2777
890 357 2713
1297 2941 589
2620 424 430
1376 431 925
1776 466 2641
427 293 4457
349 1634 1010
2398 1042 4397
191 356 1205
2540 1900 2413
742 788 3464
1455 1484 3250
2200 1227 3687
3271 1895 1536
881 2740 3539
1614 2800 1819
1437 2841 3676
2622 3387 2715
791 2775 3776
2452 1581 3115
601 3013 4645
1562 2569 4222
2923 828 4211
553 845 1729
116 2540 2330
1674 3256 1090
1214 2159 3848
1974 450 3875
1664 1787 2444
1230 201 2530
1178 126 567
1374 1332 495
440 1843 4527
557 755 1837
924 1082 344
2344 3221 4268
1627 19 3056
1145 770 4667
1782 579 362
1046 1782 4584
1726 2058 2487
2094 3383 2594
109 2568 242
101 3248 4714
577 3066 4258
2504 2884 1509
230 2473 1624
2140 2371 2433
2815 2804 4833
1119 3394 2818
1298 792 926
3186 1682 3066
1487 527 1975
2328 2691 4454
1340 1716 4079
3215 1429 4276
119 1705 3416
2179 185 2305
861 2275 3341
2060 639 1387
472 167 4735
3196 1098 36
897 731 1777
930 3244 963
2714 2138 64
2062 2857 977
172 97 3865
2288 1278 2582
2376 3130 54
1803 3168 2050
2465 3355 4356
2726 2865 4750
1585 3068 3005
216 676 4201
1242 164 651
466 193 3776
3141 3052 3789
140 2828 144
2951 2848 934
1830 1467 4445
397 743 2366
2988 449 4501
2475 1413 4348
2353 1846 4290
2901 1019 3124
2869 3196 553
2479 232 4477
3075 2512 4827
154 2270 326
2529 3266 704
1083 1896 3304
1651 126 363
3289 2430 31
1935 45 4169
3307 590 2826
262 3090 1631
154 900 4670
2197 3366 362
1692 1720 1164
3256 1605 931
126 2733 314
1058 2501 4153
757 2634 3551
1182 29 3779
350 391 2114
469 1036 3094
360 595 1734
2760 1379 2668
850 2646 1975
1613 2133 2727
99 597 153
1507 2494 296
657 1136 2140
1846 3189 3893
957 3224 842
103 233 1077
1102 1332 2496
2159 1506 4343
2873 2920 345
820 1641 2571
55 35 3802
1766 2000 1818
2738 2834 3442
709 3302 552
2902 3130 2979
3171 2488 2918
1626 1666 2792
1154 1433 2126
2906 2894 978
1067 419 3543
2823 655 1994
3011 2735 2452
55 1695 1874
3142 2926 2460
2633 121 2095
2666 278 3878
1498 927 2464
2167 2683 4251
2394 3314 3494
2988 1241 531
2653 491 4593
3106 2945 2368
406 2920 1413
3353 1733 1928
1094 2985 3761
371 1648 297
512 360 4722
217 2978 4647
2142 2565 3052
2490 480 4071
1457 1130 3040
2551 689 2415
2497 2730 3689
3199 319 4498
1541 913 2662
1453 145 2639
2126 1987 863
2843 3036 2980
2326 1947 349
1146 1052 1925
3019 3269 850
2588 2706 3644
2700 2960 977
