1
12085 5000
2607 4113 2736
9323 2125 4095
9939 6624 681
8672 8597 4509
1581 6159 392
6923 5360 3197
11306 11562 4806
1884 212 1851
5460 3098 4721
6713 1201 1326
844 8970 3975
5567 7553 3789
9799 1476 1495
1660 2630 1970
11615 6637 1164
1843 442 4486
7793 3878 1439
5377 5369 4896
4733 7888 4701
2982 9541 2304
10544 1876 268
6689 7495 2357
4242 7690 205
11031 2148 4247
2465 6793 60
7009 6371 4187
5852 7828 614
7617 941 3571
9508 3113 4689
11717 1385 2896
1829 8457 4062
6325 1785 856
597 10029 4491
6799 12085 2501
3587 6959 1851
104 8004 758
445 7542 3409
11962 583 1542
11958 5122 2987
11264 1325 268
5675 6147 1538
1482 7876 4266
8953 3585 565
4676 10538 3853
3861 9124 3985
1303 11328 4774
5793 6406 2785
11138 529 143
3173 2831 1633
6319 1918 938
3818 8561 2352
5502 10292 2037
6104 10085 1199
6750 1999 1759
11966 4308 2157
8024 8305 1258
9848 4112 1619
11252 4374 2013
11095 9327 3333
4301 10792 4544
536 5675 2679
8655 1680 4659
7995 7986 2476
5778 6107 416
9631 4124 3519
3030 3255 4580
4797 88 390
86 11248 3605
2611 7595 4237
5809 11643 1658
8355 11363 18
10635 3337 3351
4145 9836 2039
9624 3539 3064
3428 286 697
9579 10777 1685
9243 7002 4982
2797 3907 2481
3834 11726 3029
8743 3094 4466
4656 6872 3127
10036 2432 2435
11024 6271 2146
11990 5119 3495
2110 9697 3298
714 5389 4577
1760 996 2778
10051 10568 2876
11753 7365 4659
4085 6283 3609
1465 8478 4418
668 2374 67
2260 2990 2451
1717 2856 1449
7522 3515 3622
3802 11583 4940
9905 3068 3355
7983 10659 2992
4716 10572 4236
8837 7369 1651
8021 7007 1965
5315 1056 3667
6878 7401 4903
10983 6276 1421
1821 11105 107
2245 3725 304
5056 4418 4303
10911 7345 4605
6714 9950 3594
8511 6149 4180
456 10277 1181
10635 476 2967
8137 10534 603
8745 6997 4546
4871 7622 679
522 10267 2889
6791 1022 4214
8832 787 1711
3219 11082 2162
6042 3393 1466
6153 5336 104
11349 7155 2672
8987 10679 1018
4129 5421 1911
9178 3775 594
11822 2732 4271
11881 403 708
7820 5675 787
10793 2007 3126
11499 11793 2256
9568 4079 1160
5165 9916 4011
3188 1547 3504
7353 129 119
4944 9379 2338
5799 5842 1914
9452 6604 1996
6681 11845 4174
5727 5014 4795
2441 2053 4109
2367 7561 3648
4687 8548 4046
7513 3360 518
11887 7263 4192
541 2623 4988
355 11851 935
1108 7837 2540
3432 2688 2082
1358 1222 3039
2768 11936 1033
11388 2171 69
7813 5143 427
3816 507 172
10519 10565 1257
12008 4314 546
1962 10271 1720
1757 3191 2183
4354 8642 2984
11791 8495 686
2729 11254 3114
1800 6822 2261
4237 11508 3279
3924 2489 2788
2536 11198 1735
6992 4872 1246
3241 273 3283
921 813 4041
4419 99 41
10128 6119 1931
6188 1401 1668
6577 6056 1989
91 10025 2032
4283 821 598
8373 5087 1362
11583 2706 1251
6672 1281 653
9926 6764 4405
7928 12056 1324
1067 3187 4959
6054 24 3808
8721 5992 4393
11970 7809 3212
2706 3355 4411
11000 5502 3076
3577 7523 3331
10073 9475 4032
2233 3664 2528
9415 8215 4449
8905 7931 753
308 2838 668
7396 10055 3097
3022 4712 3113
7288 5693 407
5686 3559 3609
10993 5048 3166
9893 3902 1552
10264 7756 1985
3387 3699 55
8549 7103 1348
3757 4333 1369
5296 9920 2715
9231 1766 323
7032 9590 982
8215 4734 4528
3456 11177 446
5771 1963 3642
5912 9479 1596
1336 9747 2049
668 3000 720
10820 1747 3255
10005 10193 2736
3721 9138 2731
1015 3065 3186
7213 10064 3338
9057 7607 3281
9947 10074 4905
9989 629 2987
2387 3971 1418
3659 11661 980
5240 8810 750
3404 5606 675
11339 10726 1059
2969 4125 2979
2976 2669 3043
3085 2104 825
8262 6211 1261
6344 2789 3236
10297 10078 3380
9121 2450 1341
11681 11609 4703
8123 4926 2354
11329 4794 2839
897 1163 2258
1919 5765 2650
10360 663 2456
2889 1339 2000
4546 11961 3696
7883 202 3496
3594 2153 1419
204 838 734
6993 11352 116
4810 4120 4124
2156 9954 740
2425 9908 971
6492 7741 2331
11326 10876 3233
10876 10348 3546
4826 10249 1850
10485 11612 70
7683 6458 4635
8892 10972 4752
11120 5924 3070
11889 10768 3745
4894 4809 3340
11254 3530 1528
4974 4212 3081
9983 86 3115
2277 4806 4353
4906 11920 1845
2155 1205 2809
6759 6268 3346
10317 4109 1771
11451 10652 807
7434 5301 1935
5112 5012 1079
10404 11534 2963
4693 4607 2824
1484 1381 1076
7968 7498 4160
3161 4604 4204
1972 9907 4769
4737 11960 1165
3810 8258 1566
3589 2094 785
6965 9553 2972
1519 2011 3298
9896 2932 1070
3038 4118 3539
1501 4656 2071
8373 1233 805
6368 9040 2754
11536 4240 3172
8888 3612 2850
3371 1001 2310
5200 1232 1399
9278 4010 4056
10864 6425 4625
8445 6892 566
11083 11968 3081
660 11199 3065
11158 7743 1286
7808 2382 3259
11335 8369 3492
10688 4607 57
8319 11495 4517
4786 7612 175
7350 11550 3760
11045 8689 4654
7030 891 3678
11408 7159 4008
8033 8817 29
630 2246 3018
6851 8238 3718
9260 1778 758
11404 7415 3321
8453 3407 2785
7217 1427 896
6566 4351 3379
9532 7815 1092
3467 11324 1298
10910 1533 4884
1549 6745 3808
3194 415 164
6380 3225 36
9995 4256 4308
12020 3298 2522
11759 9958 2264
10624 6106 4721
8380 4052 1470
11806 4233 4555
5335 4873 4651
8428 11613 1672
7388 327 1950
2819 7223 269
1759 5468 1070
11140 6958 4463
5028 1202 112
11362 3917 2697
1797 10822 427
7772 2596 1610
4846 6658 4440
10045 6391 883
1558 4738 4990
10728 6123 3344
2352 11512 121
11641 381 197
3909 7600 1225
7489 8499 4410
4901 750 4305
11322 2448 8
1887 10395 2486
9744 2675 1121
5151 8001 4097
10018 312 3862
10565 8638 4874
1690 1670 4168
10302 9378 969
1470 523 3853
10749 5135 1964
657 1883 3833
5731 9350 4124
1859 5158 66
7696 4002 3210
11840 4157 3710
7953 5364 4931
11856 7659 3833
11130 4835 2137
4291 10654 1680
2655 11355 1807
2312 12048 2688
11624 8063 3975
1723 17 2709
1832 2170 4518
10961 8899 1289
8168 2749 4535
6801 2417 748
9021 7221 1431
5146 3753 1293
5504 2855 2705
3005 99 3578
10767 4458 3026
501 9186 3583
3696 6672 3870
6810 2135 1782
10139 2361 3937
1084 11528 3775
4453 11059 1204
1251 11367 1584
10573 8840 1466
3636 9221 27
3882 5213 2182
9527 9704 1496
11960 10745 542
4321 541 2304
3154 593 3792
6224 8163 3032
4922 1363 3287
4025 9962 2329
844 3200 1875
10493 1437 1748
3868 9232 4736
6736 3850 1988
9421 357 1069
1139 9904 4539
3478 1396 2697
3921 698 4016
3173 2574 3572
6003 2563 122
11051 5965 1675
6375 8956 2601
11650 5581 3466
8417 3536 1158
9027 4135 2848
4159 6839 3643
5741 817 4620
867 9270 1654
2417 8770 978
3745 375 2478
10118 391 472
2548 5412 2059
11023 9455 4937
2290 8777 3847
1743 6873 359
5215 6705 4663
5673 10110 2318
141 707 3468
1683 7911 3665
4028 1961 3278
1152 1202 2582
3486 10869 4968
5410 2743 2413
7715 2670 648
8506 10355 499
1261 8971 1966
4449 9224 245
10826 145 2829
11588 5908 4848
11436 11308 3661
6551 10361 2681
4406 5590 1144
8719 9382 3288
8751 9036 2589
9198 3865 2825
6403 1800 615
1583 896 4662
1998 3649 186
1876 478 3515
9344 297 2381
2778 9440 3172
3893 7609 1228
3304 11413 3504
4477 1006 4817
2501 1616 4120
4013 5337 4899
10291 1664 4075
10370 10687 4973
1560 1930 270
11647 7149 2558
9981 4561 4721
3876 447 4025
9238 2214 3928
5501 9440 4055
2046 4770 4714
1139 3064 3095
5338 2441 4909
4978 11314 575
10426 6529 3194
5703 9061 845
3668 1677 2719
11204 7112 2584
4773 6393 1718
1181 6973 4631
6686 7249 2207
7087 2733 3816
7316 6853 3571
1314 7063 3432
10006 5662 511
3853 8193 2875
554 11284 3732
9910 5809 878
5606 7825 4073
11905 3779 2924
11842 9859 2711
4364 2774 333
3063 5122 187
7729 10845 4784
9141 6995 4078
1126 7612 2597
4034 5042 4100
1788 7899 4895
7764 11171 4796
1401 6827 637
3845 3676 3277
4127 11481 2993
10685 3078 2742
9939 3189 2003
7243 6530 2375
11647 11632 175
9633 104 3938
4440 9164 3784
49 1638 3092
1885 10875 3206
6298 11975 2911
8944 4649 4607
2625 6512 267
11484 4042 1182
4706 2216 2426
8606 3394 4935
9998 1279 2982
3585 9188 1140
5682 2819 1146
11215 9905 457
3209 5686 53
1324 10384 1327
9497 9421 3185
4207 4834 1731
840 8312 2563
6939 9914 220
6986 5797 3252
8188 8473 3734
664 3393 637
1468 3662 4617
3288 5621 2917
4062 7812 2175
6879 4240 4279
794 10323 2175
5246 432 4117
9936 9202 428
4842 8422 1563
9866 7244 2679
6113 3954 1330
11014 5204 2506
143 9058 4525
4543 9889 932
1810 8942 4842
7156 7720 2847
9649 6629 3193
149 8008 426
983 4705 2971
3866 8328 1118
3359 583 2997
7179 5448 4419
2179 12022 4996
272 10861 552
11121 5141 4923
4762 1574 1697
1551 1897 4363
544 181 1963
7673 3104 2901
6205 9954 1887
10444 10885 3220
3134 6854 78
11001 5690 3781
7725 1266 2441
8474 3034 11
5608 6496 3023
3386 2000 3716
8594 6579 3273
4171 7351 1235
7586 6829 1743
8559 8976 604
10878 1684 895
2852 2894 3945
6498 8038 2843
158 4254 4481
7383 8355 3158
8370 2965 4710
4249 10576 2605
7042 4200 3741
11478 11949 1282
8514 7964 433
10928 10021 1186
5845 6484 1197
545 4179 2706
9308 378 135
10494 9876 2862
6320 8957 2791
11226 2288 2866
10341 1041 4833
4583 4861 3771
9883 6777 2457
8340 4853 1198
7232 10555 4837
1758 6139 702
6877 2051 198
8374 7363 2886
6576 7935 4871
10632 11390 4146
4261 6944 3353
5925 8064 15
1723 9218 3480
11430 433 4067
12001 2738 3167
11843 9667 4982
5226 11156 21
9069 7280 310
3488 4219 4484
1987 10384 1152
4748 12018 2971
6111 2002 3742
1021 9604 914
4450 7477 1433
3312 5061 1821
9370 1467 1353
3461 3605 1167
7914 5648 1941
8356 11341 3947
1460 9358 1001
4289 5185 769
6359 2678 954
10996 8512 4141
6156 1887 2877
4246 7659 393
5099 274 3386
812 7976 286
9523 8840 525
11550 11406 2474
660 8202 347
3639 11200 2798
8535 6490 705
10286 11329 3429
6553 5287 4246
11931 1279 4332
9608 7728 882
9824 8150 4219
5678 5587 949
10104 5717 3178
5329 5140 1391
6139 2248 1831
271 10171 1568
8185 2051 4072
6259 7820 246
4062 413 1072
3721 4739 3793
2541 3735 4511
385 7173 2808
8187 11078 4309
1591 777 3514
7911 5832 2498
3208 4353 3865
10006 2182 2630
9119 3422 4964
2619 2299 1396
1096 5147 3971
2826 1648 1661
11410 9094 1027
10191 3648 203
11601 9537 4760
5156 7726 2816
1108 9606 3585
1574 10898 2153
10062 4017 3054
7930 1162 1762
11238 6595 3632
10389 11592 4140
7318 4422 4989
1798 11666 4593
4696 4598 4557
2595 3791 339
1199 1043 1582
6406 11085 2866
954 7999 1724
9787 3511 4571
1696 3270 2942
9841 8244 3681
10774 10424 2534
6777 8159 485
5897 5980 1302
4197 8959 4139
4970 2537 2041
8513 6736 3412
8728 7351 4801
11834 4264 2651
2283 4873 4073
5793 6233 1014
4609 2924 2059
10445 8006 1873
8212 5021 3259
1139 1186 2424
7452 9774 910
9940 10150 2762
10141 11491 3176
8624 10205 4942
6525 954 2815
343 82 1894
12030 10872 1807
4810 645 2397
1674 9187 780
3556 6540 1658
711 3840 312
6358 9851 4527
3367 8700 4425
6950 3660 333
1542 243 1013
4917 10155 4056
9429 3833 4398
653 11222 3227
2446 1173 3364
1702 10886 1807
5090 7895 1889
3152 11369 398
7243 2092 4481
7781 4229 2254
7390 10538 2473
10397 1311 923
9125 1211 4182
8279 878 178
3694 1102 959
4168 5633 1300
8853 8347 3944
6390 8127 4220
970 11362 4380
10551 3356 4559
4993 1527 1416
10615 8254 1739
1977 8464 2684
6188 11693 454
7789 6181 3790
11303 3993 2298
7013 5466 716
8200 4593 2056
2245 11858 3771
3772 2852 832
7608 7779 4497
6716 6386 2656
7472 6798 552
6249 405 86
11686 9226 4881
10367 10036 1133
8395 5409 1049
8379 9632 2510
3030 2542 865
8821 5201 568
5072 3676 4400
7908 11078 2085
2711 295 74
10568 8113 2414
3671 4320 1359
2429 9331 4163
7947 10237 4497
11858 986 96
6965 2017 833
3408 11915 4777
11528 9177 2810
8736 6581 2741
8344 10605 2881
3913 10037 570
1906 7622 324
4828 2875 1590
1459 11075 3530
8918 3863 2253
8738 6297 1319
10309 5540 3275
4677 11304 2793
1176 7355 3687
4810 10058 4177
3890 1868 635
1602 8573 4707
10289 7200 3728
3721 10869 213
6494 1262 518
6124 10953 2963
3767 8700 3089
8859 11217 1920
456 8763 1576
3829 2795 4209
651 10224 573
11992 11611 990
5274 5343 1791
9876 1966 4133
6208 796 2063
8434 9348 3513
9450 3877 3971
4774 6012 605
3402 7513 1411
43 9760 2015
9692 7646 4824
10907 6688 3050
3758 6642 3320
1574 7296 2406
10285 57 1970
4957 11301 4299
7597 5224 1015
7636 7952 1249
4394 5945 561
332 2168 562
4218 5861 1247
4072 5438 3281
1939 8966 4800
1951 12026 2429
6029 10841 637
2186 7519 3054
1445 7498 57
1495 2033 877
5616 8001 3381
6870 2010 2871
10897 5784 2666
4016 6019 691
1569 4514 156
926 1901 83
1695 8716 4455
9872 12009 955
84 77 2559
572 731 4988
1334 5644 2096
10947 5915 1062
1893 2753 1963
1913 978 4718
7818 4342 3799
11578 7308 4746
265 2527 2927
12029 10415 3998
8056 4603 3516
3472 4777 478
2958 6329 2808
11651 9166 2398
7454 8731 604
10307 11552 2858
9341 11476 848
6889 7876 3390
9988 514 2053
11496 7050 4528
8269 416 2337
10908 11479 2819
4851 751 555
7477 8071 3187
9135 3907 3452
7327 4740 2087
3110 11228 1025
6487 287 1675
890 9475 392
4890 7743 2557
4912 7525 3454
10216 3693 2667
10267 5133 575
9731 7311 99
9506 11243 577
9884 6187 1208
6565 4929 824
11152 866 4132
6978 1811 613
7397 5625 3469
6556 4558 1208
603 2665 4659
10460 7969 2706
1638 10608 3718
10284 9832 1124
5686 4824 4487
7819 4309 2762
10842 5010 2073
10288 11639 2615
10535 10289 3238
9552 7378 4416
10061 553 2486
2011 90 3944
3369 5023 2899
9540 2315 4954
8450 5264 2856
7066 4736 1290
4302 9622 3679
6328 9860 3219
8318 4447 2560
7719 7806 1804
6295 4282 2949
9580 9047 4827
2773 11262 2041
1605 8835 4686
4340 5083 3340
9956 6258 2275
5345 9166 1845
10438 3079 226
335 11705 4643
8259 3478 3470
8700 10150 4233
9772 12023 2545
6804 1359 1865
8172 7053 708
1905 10553 2737
1558 4600 3871
4803 11927 3814
632 5666 2622
9064 4166 894
2199 212 2955
9386 10981 1123
1468 6962 3697
1142 11799 3074
1352 2453 1407
7462 1245 1998
11479 8868 2128
1604 3297 270
2534 6940 2724
4720 10245 3788
6661 10917 3874
6154 6632 1495
639 2010 4073
11968 8782 3812
7757 7754 3482
1767 520 629
6587 6366 2314
8759 7809 1293
11552 5694 522
8436 12029 238
720 10513 1810
9232 8146 2888
2979 3976 2287
5375 7504 3336
5157 9006 4319
7407 3439 2763
7818 8446 4517
958 8697 527
1109 6599 406
9291 687 3763
6149 1874 3530
5857 5094 1902
10298 6811 2706
211 9528 1063
6180 4297 1209
755 8829 3433
3577 11334 2820
11748 3794 2745
1678 9822 2145
11066 1382 3730
1127 5589 4017
7735 1918 4437
1916 3953 2704
8618 11405 2694
2879 6720 4608
4796 6749 1635
4976 5001 3304
7367 7314 4654
5277 2109 1543
509 6180 683
492 5554 3365
2591 3610 3047
8055 6142 3166
8197 9270 3396
6909 11919 4991
5214 8133 4334
3753 11025 1825
5139 7313 311
10624 1058 3616
8989 7301 2746
10889 11313 3922
7524 11177 3245
10172 12018 4361
9128 2503 1971
10387 5382 4853
8459 4460 357
4735 11464 2757
590 620 1203
6970 5850 1459
6693 3113 3165
9119 1337 3214
6270 5589 1018
7459 2207 1151
6498 11104 569
851 6837 3659
8566 306 4311
501 8021 4226
1606 11203 185
2720 361 2650
316 11217 332
8304 4929 3558
4617 1152 2202
10166 1705 1225
793 7369 3507
11872 579 4770
2284 2464 4233
2247 2716 956
6040 1026 3200
8301 10645 77
7408 543 4442
8276 3857 2666
11417 2852 1197
7417 10666 4517
5250 2846 3607
11644 6643 2754
4087 4624 1044
6497 6763 821
4482 1614 2070
2453 6212 4097
2281 10489 3858
9358 2157 955
7158 781 2482
3345 4960 2899
10673 4112 654
999 2639 1606
6998 1815 4589
6144 9594 4430
3660 6985 1172
9950 7755 4504
1236 4674 2584
1513 3434 608
7775 7135 3824
5798 6636 2694
3653 6021 4566
7465 11668 355
2256 3123 1840
521 4681 2535
5660 8101 257
481 8227 2297
2393 7857 958
7752 2046 3249
7919 11927 748
9578 4734 2314
2624 4823 3073
8985 6099 3054
4454 9600 2971
12004 3202 1398
11819 3369 1971
9780 3452 2812
10824 10466 697
6138 6096 384
2295 2386 3217
5395 1747 3999
11081 11144 4120
5438 6547 2481
794 3069 4562
3319 9333 1912
1019 2074 1954
3144 9565 4811
3228 7570 1954
4902 4060 407
1020 11063 4539
8432 12061 124
9059 8429 4585
2307 609 4169
8577 8030 3138
8823 1651 1826
3906 2837 2944
8424 4548 3266
2085 2640 3333
4510 9948 897
8972 8775 4693
2138 5454 2828
5031 6583 2446
100 7113 526
6702 872 4593
5230 407 2603
8226 11448 4182
6631 11300 1396
1209 1214 2195
10857 11619 2292
11757 2967 1264
7033 8346 2098
9062 529 1487
11618 6209 3307
5480 4399 994
9073 4348 2700
6601 11376 624
4791 3150 3483
11676 1784 4705
1225 1323 418
1659 6096 599
10624 11513 4431
1398 773 536
4900 11720 2094
2553 8998 567
897 685 4288
5579 6117 20
6406 11425 948
9333 2893 4746
10672 8310 3905
2288 5998 4808
5110 1432 1382
8024 11761 3574
11022 9966 2403
8173 1380 4583
10524 4165 163
5931 7031 3316
9076 11701 3304
8437 8683 612
9215 6100 2102
10024 10622 512
10215 5182 2213
10937 5062 2939
3178 7314 4552
1436 7786 4232
4086 5506 1081
3375 1354 4201
8515 229 1870
8346 8335 3516
2086 11668 2624
2595 10697 4113
1985 331 2387
9924 321 473
10822 6834 4397
7399 7867 679
6456 986 456
9705 11041 1781
134 6885 2458
2822 5183 2442
5608 11069 3678
10275 8734 1867
6088 9634 2885
4238 11108 1467
692 10420 649
5595 8670 4862
11890 4928 2610
4860 9769 1179
8304 4225 4556
5113 7877 4110
5403 11969 3806
6665 1997 4556
8106 11560 3452
8527 10498 1090
5146 5344 4832
5857 7445 1976
8349 6269 3107
3088 7862 2106
9939 1255 4271
9568 5995 1509
9110 10051 1724
4814 2616 4810
11538 9060 612
10312 1864 1986
9742 9632 2104
10291 6361 1601
6151 9136 1367
9491 11776 1565
10736 8647 3797
6741 2882 1202
8596 6486 2227
9613 1405 2179
4623 7667 3290
1737 9628 3082
5930 10566 4611
9327 3450 2023
9480 7397 180
9487 10211 2580
5713 167 1122
6519 5117 3806
449 6536 827
674 8291 4712
6510 61 2591
11540 1252 1064
785 9424 1158
5832 4540 1333
4013 5247 3586
5161 6599 3154
858 7854 1027
1295 10496 4194
1474 8823 10
941 950 3182
10952 5001 4812
3530 1404 814
94 8228 2798
6477 9448 3707
11237 3856 2864
7124 11929 1579
773 9446 428
181 1287 2047
8813 3696 2125
2386 3550 3556
6840 10250 1984
11414 8144 2271
6858 3797 4662
12025 8715 3665
11748 2246 3110
478 5002 2085
4719 9995 3317
6457 5400 2296
10378 3940 4483
11121 6345 1363
11966 9034 1228
9537 8844 2027
479 2690 3529
8885 1521 350
81 9159 533
9016 11654 3883
8135 731 1102
1116 6846 789
2032 8497 1029
7921 11121 445
11235 9801 4905
9568 11881 4551
6691 4418 2570
3511 10211 4240
4218 3015 908
4974 1574 4464
11385 4640 4537
6873 7571 4861
12081 7755 3691
9569 4158 1764
9216 223 3555
635 11529 673
5924 4699 4204
11547 9925 2231
2061 4337 4775
10474 8647 342
5388 2517 1488
10231 7931 2461
4357 7867 675
4019 5065 3793
10950 702 2811
2585 4077 3204
7040 3645 3256
7858 6478 4119
1950 8874 2009
7737 8423 3991
9421 7510 3673
1329 8430 243
663 8195 2298
8750 147 3899
4184 10873 2259
8659 11334 1291
5919 8577 1268
1823 11420 4900
6151 1726 411
11905 8327 1661
7764 5258 1841
5440 10712 1738
4945 8682 1223
7556 5693 960
6198 6239 1474
6698 3817 3856
5958 9247 2556
8311 9573 4438
9617 5327 3707
11478 7362 3385
3258 1148 657
742 7866 4158
2975 11666 4693
6231 1780 4119
11935 2610 3714
7341 8475 1346
4094 10778 4347
10102 8505 2770
8478 161 708
6196 1271 3770
3489 9353 4318
3395 9193 1285
7875 445 4131
10879 4913 4466
4245 8140 3113
4913 11201 4895
603 2744 1046
6319 2584 2706
163 1059 3513
10390 9967 904
3307 5610 1618
927 4610 1251
6627 4774 4542
10230 3286 4955
11947 9829 594
7274 4668 2768
10923 5264 3949
438 2353 1356
1812 7172 354
1149 8239 4304
11627 8611 4417
1949 11635 2693
3415 2966 1737
11107 9155 2131
9566 6767 1873
5465 9288 3813
5761 8330 258
4434 9005 1480
8255 306 2937
9135 10101 3056
9214 7529 4369
6895 4792 2617
1772 5123 4526
11320 7807 4205
10755 7438 2751
1221 446 1818
2996 3709 3691
10173 9020 2182
2291 8436 3018
1760 1779 4830
6512 9613 4472
5623 8049 4449
6916 8373 387
11136 9729 1225
10857 7275 4603
8371 11287 430
10970 4508 4721
2802 4218 4481
4076 11549 1438
6641 2739 3444
11152 7386 4697
10127 9366 1856
5465 1933 646
5187 6576 3214
2378 6381 1671
6272 11486 4715
6076 601 1251
11893 11625 1670
7545 930 320
40 5251 2239
8588 9281 3543
8970 11513 4310
9182 6911 540
10891 10937 3851
11842 3213 4355
9673 3604 4752
9769 11526 2483
10430 9248 638
7364 6611 1160
218 2913 3650
2106 1973 2975
3632 10310 3834
10309 5400 4565
7779 9031 3986
11936 8589 1312
10991 321 4876
4932 10220 2564
3439 11843 2378
451 9691 3453
8690 8933 1802
1841 9295 2777
2926 2099 2514
2054 5917 3637
9268 9219 4666
263 2615 4531
11699 9302 1711
7149 2721 646
10927 11594 3145
6259 941 1150
7124 7047 3922
9937 1276 3940
4448 11102 4655
2982 2823 2712
521 284 2373
73 2533 3909
8724 1420 3099
10861 3470 4910
1786 5723 3024
4416 3999 3404
6905 9765 2647
1094 5720 3476
10680 2649 648
11687 1316 1362
343 3331 587
2877 10114 4931
9467 854 2345
6346 5461 550
5509 6974 1280
6788 5830 2680
11394 4364 1217
59 7606 3297
7859 4211 4530
5466 12083 3199
10223 9927 413
1457 5038 2070
4973 7524 4506
6257 7038 770
5975 2988 2523
8201 709 3225
5221 7898 1137
5472 6080 1823
6950 8482 1093
169 3981 126
8348 11867 4539
5955 2567 1280
231 7388 3327
9520 11580 1649
3310 710 3764
2111 9108 2666
2218 2477 91
1715 3511 468
8052 10347 2792
2970 8097 4116
10148 6973 1909
360 2190 3969
4290 8040 3508
8593 341 4049
9085 10145 3519
232 8634 4776
9333 4896 3259
3733 6629 1187
6400 9655 2194
4733 5074 3028
378 10214 3755
126 10530 1934
10486 4422 3426
11939 11321 793
7745 3419 1317
2685 11889 856
3882 5312 2150
11690 8644 3867
7573 9010 1904
11668 1429 741
4050 9358 4773
11983 4242 2703
2507 6721 610
11260 882 1542
3297 7140 3021
906 5181 2929
9876 10127 182
300 6960 1979
5650 11224 3893
12083 4127 2158
10669 2347 4310
222 9254 2711
2855 9243 3719
7689 11161 3391
11933 8504 1534
8137 7505 4407
3447 114 3626
708 9773 1472
11140 4147 650
3875 1209 4312
5780 1670 388
10987 4844 1006
9665 7088 2899
7203 11165 4169
11597 975 3743
10994 1456 4034
5997 2357 2528
4161 9344 752
8561 9067 3981
5968 7506 2275
9829 6726 987
2769 10875 2543
1930 2775 3995
4893 9436 4490
11651 10606 4661
8345 4176 892
4808 899 1647
1326 1620 4216
11970 6973 1756
6405 5777 4735
11694 4549 3979
7940 2309 2285
165 4838 4569
10790 8002 2312
11039 6770 705
2122 2906 2623
802 4371 2162
11820 7735 2676
4306 6590 1826
10299 2484 2612
8239 11658 4124
2207 3492 4030
8611 5207 2167
9488 3130 4438
5622 8834 3948
8984 11561 4176
846 11481 425
6339 11539 4656
5522 953 3961
7965 7716 1928
1797 6346 1701
10607 4514 2955
6263 10576 856
6445 898 4280
4375 1338 3901
7054 2089 653
1489 837 2593
3729 4103 1348
5102 2622 3574
4192 1989 1990
11209 11478 4182
6441 8355 52
9593 9406 1785
6471 2004 1123
2884 1829 2027
3603 8012 3709
4506 10420 1134
12024 8530 428
1828 11784 3756
2647 11648 2799
684 7183 4051
3740 7518 103
767 1666 2631
4972 1163 2636
8676 3049 651
1100 561 2398
9519 927 4331
854 9855 1605
2022 9167 1972
8092 7118 1110
610 6944 3564
1175 6072 3119
4893 584 3764
2990 1983 2400
8752 3363 3335
9738 939 4286
3752 2086 1324
4036 4531 3598
12001 9821 2880
7515 2758 1726
9278 1905 1717
4493 6985 2396
4953 1733 2573
11565 4469 4313
1844 3570 77
9999 7080 2735
9033 7249 2228
2385 6851 757
10294 6517 1851
7255 2396 2076
3737 4396 4626
3486 3148 4168
7559 8431 4034
10473 3905 393
3676 9924 398
8504 8970 894
2799 11102 362
2473 6975 2401
9899 7226 3085
11805 11133 2148
5070 2530 77
5505 12082 4279
3542 10111 343
3333 6270 3333
6202 6496 4772
9581 10193 702
9954 7396 2458
11478 2073 2768
918 3985 1122
11577 6915 85
10200 4043 1115
5260 7972 4725
3124 3573 4079
11134 9704 1049
2611 10246 2097
4279 6941 1914
4929 5695 4297
5104 7217 3937
8211 6201 620
6339 8603 468
5578 7893 1227
10777 9773 529
9669 11837 2270
9419 9848 1385
472 7008 1973
4448 4527 3521
7856 257 4463
9742 2011 1094
813 4485 41
2979 8737 3485
9923 5627 1196
9745 8516 2167
7265 7733 1991
4032 8333 3537
730 7459 2295
6820 1572 3730
3837 3652 145
5172 348 2565
8378 5475 4841
7739 2332 1025
336 4270 2370
2389 11151 2483
9128 3296 2737
11175 7676 522
9389 6715 3845
8499 1577 4968
388 1797 284
10268 4795 3774
8758 2084 3384
104 10387 3047
7330 10980 1419
3452 7745 2695
3702 7072 354
8437 8263 4326
9460 1402 3378
5997 7524 776
3819 4897 1630
1289 4114 4162
9196 2079 4016
3972 6241 1594
7837 3792 4840
3152 761 65
9994 2433 2702
6603 11293 1781
2430 8849 3440
6607 7754 2353
3249 8699 4682
9433 2772 1520
3567 5356 51
10167 7257 3536
11198 8485 1523
5348 7628 2155
8976 9257 2237
1330 6069 2279
1468 3429 2460
2960 3465 3571
3490 11071 1240
7005 7974 3613
7454 10084 3941
4798 10343 3778
7112 1188 4626
6182 10211 3476
11202 1680 693
6892 3418 580
11185 3897 224
5240 1678 2070
10186 65 4245
7153 4193 1370
7679 8525 303
9533 6277 769
532 3800 1594
3029 4930 3642
3203 2236 2592
4349 7378 3486
50 961 1894
2558 5827 1286
11530 6880 2631
6012 2687 3044
2455 5275 13
11135 7293 1328
6774 11071 4167
9203 3763 4078
7982 7456 1917
4342 415 3777
3165 6996 1700
23 11732 3775
11450 1779 1847
426 11419 3839
691 7304 1592
9760 2122 2939
8955 11914 861
3496 5793 4034
5551 10751 176
10895 9226 3509
10164 3085 3439
1746 9214 3644
10381 7683 3659
8604 4634 4142
1355 3430 235
6043 7266 2900
4949 5345 1146
8721 12008 2764
5156 11451 343
692 8675 999
950 9587 4848
3389 8263 788
10406 11751 1627
2067 1677 4108
11963 1405 2581
4690 5419 4435
11839 1044 3125
7647 7734 3349
11861 4664 3763
9389 2672 407
7375 820 3724
1295 6470 4454
9368 8808 1856
3120 5316 3077
4660 4354 2424
9049 4558 2767
6581 1692 4495
3940 11662 2345
9055 1899 4224
2550 6725 2139
8495 566 4369
819 2025 714
10702 891 3492
4491 6462 382
8281 9363 1920
2385 7087 628
6812 4957 2613
1744 11610 2218
11858 1227 1660
11755 10478 1109
6192 3068 4221
10782 6844 2485
2559 809 1370
5522 11905 332
9426 2766 2652
7789 350 4635
6947 11723 2488
12003 5876 3100
7903 9207 2166
4617 6408 746
10243 5128 2086
5882 8149 4001
1552 694 2507
2950 12021 1169
3262 10746 4070
5878 9199 2446
8628 930 4371
582 1345 3546
4715 9498 2685
629 144 284
7818 8339 4861
8091 8946 4049
10138 7372 1893
7858 865 205
6697 10683 1277
8052 9848 3612
5988 1389 1869
1678 11475 4579
6070 1808 4578
998 9948 3667
4022 4990 2184
10471 4391 804
7380 9410 4992
7551 11036 1834
5199 2601 4413
3129 4294 1741
5466 4319 2479
9563 5408 2952
6974 6783 3880
2253 6014 171
8880 8924 1107
9423 8445 750
11227 1362 1724
674 5450 1060
5085 4290 3105
5604 8785 709
7714 7474 3700
11351 4931 2563
488 819 893
716 8016 3422
5747 4762 287
909 7096 1346
6566 8378 4230
255 8714 2008
8187 9831 3096
9287 9381 4847
3308 2327 1635
10963 5622 2165
2567 10249 1577
2371 7574 4210
6216 7653 3812
4973 1787 2004
6378 11130 3914
8553 3367 1212
3717 3071 4866
1704 5891 2429
3974 2160 2359
4901 10562 3551
5534 8054 1870
2297 6975 4244
1819 7971 4516
705 3435 2370
8358 12021 1431
4842 3377 3457
2733 11732 3248
3253 217 4731
4908 4718 2995
7065 2681 4736
3214 9114 3833
6589 2544 4043
422 1432 781
1849 10836 1349
8639 1957 590
4314 9587 1725
6693 5538 1364
10204 5979 69
3807 8212 4394
9074 6248 2829
4846 11265 335
398 6215 2907
7376 11021 4260
3084 5211 1565
2035 2408 1893
6862 7995 4619
3840 3063 2880
7418 10726 1460
9888 10188 774
1006 5904 2206
3037 6048 816
8167 9907 1956
8536 11029 4046
3342 815 740
6173 10066 3331
10888 4476 4015
10377 4669 2110
5988 7240 1339
7154 2094 3824
9297 7855 4543
11474 4938 2089
10944 11995 1742
7525 2566 2829
4174 4295 1872
3178 6059 2526
6506 2169 676
9221 10418 823
8767 6677 410
8954 2928 698
995 4866 1337
5038 1937 3694
8052 9766 4458
10131 2293 4864
8335 357 2979
1112 5779 1056
4073 5425 955
7625 1267 4431
4306 9243 2396
9429 8789 3982
980 4799 684
10226 94 197
8510 2910 4488
325 3839 4603
9021 624 1391
1938 6442 2764
2203 2813 2191
4881 11790 1507
10613 720 882
10772 1478 4024
6576 328 3538
10721 10567 4799
6818 5241 1742
7563 6036 3385
7488 7372 3366
9800 9617 4964
8106 4436 2813
11732 3773 2642
8917 1454 2709
2386 1522 4019
6026 4049 439
1446 6951 1017
7650 8969 1782
1922 6485 24
10835 7820 2237
5119 11626 2653
10732 2747 4513
4971 89 110
8710 8802 2389
5159 1014 2208
11554 10573 1755
11995 3085 2845
9660 11290 1937
6244 7845 3413
7281 7900 163
6659 4909 2145
4612 977 3858
9542 3930 1258
10687 6878 117
504 7473 3608
6277 3352 4854
5315 10051 2442
2459 274 3742
3778 4914 1881
7958 6839 3462
4915 2390 2648
980 1248 3897
4995 2003 1441
8713 659 845
5541 1582 3408
9058 3866 2037
4615 4066 4
7427 9199 2900
7085 2325 1326
4352 9720 615
3129 5085 783
93 12021 909
3845 895 2463
1094 5270 171
5060 5480 1479
10268 6729 3107
11256 4090 4323
9785 8430 374
6260 7718 2156
2651 2218 2135
1507 10217 2246
237 7150 1635
9712 3950 2093
829 5410 1673
8050 223 2260
9279 2225 2450
10146 9852 4811
1025 10594 2994
9676 5149 2270
675 6508 1470
7982 8335 914
7038 6442 760
442 8887 1295
1386 6867 1433
1592 7630 2763
7485 7547 465
10763 9283 1418
4482 2540 4432
2481 4475 297
9448 9233 529
5214 9565 1143
1900 3126 2094
8672 3464 2757
10088 11917 3230
8492 4377 4230
10550 1813 4153
8154 752 4280
6084 772 2376
6209 9450 1588
64 8567 3757
7863 8022 272
10481 7150 4351
10126 3346 2834
9241 5911 1572
2602 9961 4863
5980 1290 1575
511 2942 3300
11090 4284 3552
7270 10897 2335
7700 11374 2260
5955 5761 3071
862 9572 1688
6199 6566 246
9101 5291 2660
973 6889 3986
9798 776 3145
7399 3918 4015
7980 9701 91
3960 2554 906
11377 12036 3983
2388 3899 4451
8639 881 408
3977 7219 4199
1107 11658 430
2990 5702 521
4880 8324 871
5727 10141 4211
7960 6087 56
1281 58 2693
6103 1503 2519
7499 1973 4712
1759 6406 2217
3316 113 570
7281 6188 2198
446 3570 157
10833 386 219
2560 7751 725
6171 2436 2852
5932 11417 3290
6438 10880 2231
199 3038 274
1973 9677 4873
3605 1921 23
103 11020 960
8971 10173 3398
8461 4283 1773
5121 4495 66
2186 8319 2579
10680 8135 4649
9500 3171 1155
11178 6533 4508
7018 9035 2038
12085 9129 276
6141 6358 1145
3609 7724 2201
6092 10877 3838
3774 2374 4205
1713 9411 2342
7555 10134 102
220 6928 1426
731 3649 4631
1901 11842 4037
4809 2886 2396
8618 1663 911
9706 4098 618
3218 3431 2759
3267 8030 3997
3866 8340 2211
11666 2878 1341
132 11975 3621
959 6324 4388
3699 953 174
7247 6152 1248
8841 11395 1781
8207 10492 4872
9123 2715 2731
1124 9563 2374
11515 9696 284
3718 8583 3349
1686 1731 1694
4653 10573 127
3651 1654 2893
6206 1328 3215
316 5671 1494
6545 2109 2393
2520 10630 1378
6927 2958 1233
1872 7455 4093
11985 8096 396
4113 3228 4712
944 184 817
841 5110 1154
3049 4342 3242
9696 1456 2664
3805 4655 3211
4872 6534 2511
1049 11085 3507
6451 1253 4788
2249 6167 4878
8181 2861 3903
8161 10225 361
6373 10760 2948
2129 295 618
3412 4604 1647
221 2834 1457
3486 1581 1276
9368 10337 3319
11106 4834 1620
7363 8690 2571
1590 5712 4530
648 9344 2994
7606 2088 2025
7187 5523 1200
6616 4689 3192
6986 637 4251
2517 4731 4763
2512 7574 3625
11242 7289 3481
3177 11958 4551
3074 2588 1151
9675 8092 2898
7471 10062 3886
8769 6848 3633
6243 3281 576
1364 7343 4963
11881 11377 2256
7480 11466 1441
7702 2390 3947
7467 3914 3732
858 3192 2984
7759 2370 1008
3845 1293 3820
6674 11137 2638
2610 7180 3916
5148 6202 4556
11067 9304 2560
5934 6901 4081
238 2081 4593
9470 7172 4699
2727 2849 3773
487 5554 3088
4296 6703 4309
9600 9839 4605
11550 5267 4075
197 3423 1358
3102 6214 2089
10717 4666 3160
7467 8720 3360
8530 11445 2683
1834 10445 2182
5827 2003 3767
5192 8900 2872
7548 4610 2351
12012 4537 113
8612 8688 418
2575 7199 374
1562 6687 2023
5241 9482 4732
9214 2182 4433
11223 1058 4125
9602 10118 2419
10028 11592 615
5271 9503 4435
2962 2250 4461
9486 11489 1448
7144 9211 4836
3470 1676 3556
7836 4278 4438
8749 5647 4741
1598 9235 1729
2007 876 3882
9753 3141 458
1866 1056 3061
1821 8275 4688
5174 9972 2098
10563 8053 342
7058 2105 998
11202 12040 540
2874 4209 3508
2295 2778 4629
4215 3894 3929
306 1014 450
2398 820 986
11270 2049 2471
323 11496 3540
11257 978 278
9955 4118 1280
3531 9819 946
5530 10032 2309
4810 547 96
3944 3329 1536
7536 7986 2695
8711 8887 1294
10580 5907 41
9839 1449 1810
11811 769 2597
2753 2202 1147
11887 3658 3881
6407 4044 334
8188 664 3176
636 1483 1494
10254 7183 3355
10359 8768 1485
12067 2935 4210
11389 2706 107
10366 10075 4847
698 10465 3508
9358 10424 3757
9193 1796 1979
2958 7323 939
187 3136 1808
10567 9636 3033
10870 2304 1137
9366 844 4408
4920 7786 4191
99 11518 2927
12025 765 4809
264 11749 170
8879 691 1459
6093 9109 807
7877 11308 1501
4682 4701 3889
8601 706 2602
6528 5305 1809
11735 2428 4998
8622 8320 1071
6508 7486 2260
9696 342 4783
2669 112 1541
8046 11676 4018
10970 5971 2788
11805 10355 3702
455 6179 556
10382 3357 3772
10217 8886 2221
7980 4612 608
9413 3950 3872
7408 10836 1515
959 4326 4627
1598 3255 933
4134 2565 3360
1866 6904 1100
10901 3297 1412
1990 33 4562
7064 3 484
735 5470 738
8720 10452 2696
10195 8747 3043
11236 4972 2307
9204 5847 3937
4237 4778 252
3716 6807 2839
5930 6370 1451
2811 6176 1252
8152 4563 1801
15 8448 2335
1209 6705 2487
2510 8898 696
9021 1566 774
6673 3060 1099
5037 3162 1279
11969 3383 2605
3818 2219 1924
7444 6487 2063
1638 2861 3648
9188 2694 3710
11730 8554 3248
2406 3701 240
7840 3027 943
4763 2541 4460
9678 5501 2239
11518 11375 1516
2622 9284 3921
2945 6336 793
7157 8092 3938
10577 4977 2943
7288 12050 4135
8693 4597 2025
3158 8927 4016
6786 6631 113
3467 9581 208
7224 1285 3290
973 706 459
10639 9693 693
3291 10303 3195
500 3860 2368
4241 6238 2239
9810 9421 4102
1867 4461 1248
3895 8197 4828
3529 866 4714
2740 373 964
335 11495 4357
5899 5106 226
1276 861 3786
431 366 234
6880 9167 1053
7816 4373 1024
847 3827 3006
10665 3685 4852
6504 1802 3436
9834 11326 866
7748 10110 2741
9725 6224 1852
7111 1086 4941
7427 9244 4997
10804 1716 1541
4476 3548 4426
2107 4041 2756
11433 5243 2151
12066 5795 1463
11244 11043 982
5938 691 138
10678 4090 1096
9852 10214 163
4963 9501 3040
4104 4792 4019
8093 4176 2743
3629 1713 2954
3325 1786 522
3515 2905 2421
2126 3628 3248
5289 5569 2341
363 10525 3627
11087 7197 2544
3271 2674 2855
3887 669 1522
3157 5611 4475
8953 207 1859
6316 7093 1760
3200 2731 980
2340 8739 989
7335 8021 2015
9906 2839 3452
6539 4094 4906
9436 887 874
1219 4901 527
10120 681 2244
9986 6902 927
4681 786 1868
8997 10932 3513
1222 4539 1114
7690 8536 413
488 531 4467
4680 6014 2503
3933 7433 2332
11819 9696 378
11866 10677 4723
3482 7066 163
2937 9653 4395
9959 7795 2021
539 10495 1911
2275 9937 4836
3096 4416 3861
4688 6046 374
2103 1376 3505
8735 7875 724
8471 2931 4538
10606 7568 589
11302 8903 2483
6634 10206 4155
4092 7265 544
2795 7292 2616
8615 2409 2156
193 10896 4120
5383 10156 974
10751 7424 3002
9885 1491 2859
3361 2791 537
5506 2153 2008
1709 6167 3012
10776 2060 3899
2700 9665 4779
6663 11189 331
6604 7916 439
5227 5426 744
7725 5323 3457
2417 3652 2521
7265 11293 1950
3630 2510 748
4204 351 2447
6844 3681 4194
9317 9918 4916
1197 9743 2744
4902 3547 4937
1044 9094 3883
8490 5280 1216
7029 10395 3233
1600 293 2900
6754 1317 1156
2558 4631 1602
6444 11025 615
10812 11519 4064
121 1212 2992
5844 1973 483
827 8122 3505
357 9846 3423
1217 5510 4058
1222 2167 2566
5363 5372 1530
2553 9236 1006
1941 2678 3725
10142 6291 3968
1885 9602 3162
11742 6872 3365
2706 11084 435
7141 3633 373
5208 3916 149
9877 1501 935
6982 7754 4318
2886 6217 432
7109 1276 2564
10573 10782 4795
8725 46 1826
9008 1235 2841
3412 11350 1367
2527 7534 146
7013 8074 4989
93 9774 183
1389 2792 1441
930 159 176
6259 3776 1323
4251 10222 2683
4150 2146 1021
2850 4658 792
104 3064 3423
3228 8057 4238
5558 1886 1011
7856 10965 4997
11399 6842 3665
7840 8164 3421
4462 6941 4467
8501 3568 1070
6767 6891 699
9112 11064 4111
2364 1868 754
9569 4970 963
7168 838 2293
8711 5362 2589
4510 1460 4601
7777 8950 3567
7878 6798 248
2331 8025 3647
9352 971 776
3893 4426 2899
7339 10479 4673
6907 10067 4234
3908 6021 4821
6582 6299 4405
8149 8191 947
5399 5603 4542
9732 11014 2292
1412 8606 4243
5297 1834 2915
7917 11451 2164
11501 7508 989
691 7147 1609
7457 3116 4864
8658 7715 1946
4581 793 1326
5454 2208 4818
6085 3376 647
3992 8636 711
4521 8883 7
11120 7644 2045
3880 1966 3767
7633 7674 4115
8488 7784 2016
3609 4954 4786
8551 10050 461
8324 7631 2289
2880 7468 1192
3540 9564 828
10894 7750 2993
9995 9441 1040
2431 5030 4632
866 7099 2116
668 85 506
5613 797 377
2763 11664 364
7972 5291 3311
12079 6147 923
6960 4888 4100
9981 8534 4220
647 1217 951
1997 10602 4784
482 5623 347
7249 10363 2792
9224 6288 927
6307 1027 4234
6032 9106 4600
10256 8839 4801
1030 11500 1633
11123 361 730
4751 4438 709
8898 10553 2916
799 387 1142
7725 5138 1873
8705 1352 2725
5322 345 3727
4304 3976 2323
6282 6751 3305
5422 4044 3346
4961 16 843
6854 2703 1564
10290 1445 1799
4709 7458 3939
4287 4478 2595
9782 7278 333
2022 6991 1948
4231 1570 2640
5103 5842 2716
12066 3645 3835
9524 9346 847
11867 5629 2024
11997 11530 95
9245 7933 2288
10445 8652 4795
7178 6838 4425
385 2598 1767
3023 5215 1136
483 10915 2404
9080 80 2708
6919 10518 2256
8695 10743 3013
949 7152 2135
8692 10970 3196
3392 11579 2145
1994 3978 4286
6394 1088 4871
5918 11185 4693
6269 5305 848
242 4313 1413
10950 65 1642
5345 7218 3413
10364 9539 2136
6800 198 358
4895 7037 550
10323 5212 1328
2581 2331 2438
4767 10050 4902
7506 2992 2495
11673 2055 2028
6466 4728 3718
5629 9867 1264
2727 1436 223
6039 1793 4042
11467 11204 224
11957 11797 4046
9652 6519 2106
6754 8142 4421
9584 2455 1138
200 4125 2821
7317 8310 136
8435 6439 3459
8724 3201 2113
5065 3862 4708
4155 7397 4431
1449 5172 2
1451 10667 2413
7191 10049 4204
7736 3786 4306
10645 3531 3047
911 5217 711
7962 164 1179
6914 2510 4997
11469 6394 191
5461 4060 3618
9562 7761 1173
1086 10244 2467
6019 9575 383
2580 1417 3316
11069 3093 2515
1291 5619 300
12071 6965 2130
4834 7378 3845
11030 2895 4742
4043 6964 2684
436 6947 4498
4959 3402 3304
6691 6434 2931
7400 6405 4786
606 1617 4734
8546 1286 1458
10174 3895 1830
9377 4693 2591
4886 9456 1817
10243 7190 3801
6973 11417 4310
7238 1820 438
1442 1587 4748
6513 3427 2259
5086 5173 4153
6780 7474 694
8316 11469 3079
8389 791 2235
6422 936 3452
9941 8580 2336
4220 11471 3758
8039 1300 2170
2123 3086 4009
93 7319 4036
10227 5290 162
6723 392 1216
3358 3997 1961
347 6506 2631
959 6303 1841
10368 7273 2690
9195 890 3470
1144 7142 2243
6044 6933 683
4400 10078 307
7874 7191 953
9616 4249 3820
4840 11939 4015
10159 9147 1697
10294 6537 3911
4293 11272 4582
5817 11526 871
402 7527 2543
1068 8943 1869
6638 11213 3793
8835 9820 4847
7622 7483 623
4238 1365 768
4835 5931 1407
4451 5329 2291
641 11460 3366
1731 9058 2511
9129 325 1672
6201 4139 3416
1814 281 3122
369 8034 2110
9810 2436 1984
10334 354 2411
9518 4421 2139
5620 11332 1795
2697 4332 2527
1547 10932 2340
2570 1091 2914
1081 6479 3121
8771 4217 4740
540 3882 2651
7518 5034 254
4105 4856 4442
5031 6441 1919
11776 7751 3322
7974 1817 1904
4939 7043 4132
11830 7017 36
1220 7848 1234
3103 10480 566
9375 2480 4222
10814 822 4126
9865 3332 4036
7361 6000 4180
3607 10321 1393
5526 11961 4616
407 5941 985
11254 8097 1305
8585 187 682
10932 10930 666
1903 8542 4970
11124 3619 220
1634 9740 2769
8573 5237 1801
910 5771 612
3069 2294 2407
205 8361 173
7825 10452 3436
3041 10655 664
6124 11190 909
8504 11102 169
7503 11468 1162
2857 8092 4423
5416 10814 2131
9976 10520 3376
6239 443 3645
577 6242 545
1632 5331 2314
4789 4172 1411
2611 3414 77
3527 6974 3038
4353 2295 2612
2283 9902 4251
848 5661 319
3361 3247 4976
4399 2277 1161
4333 9382 2279
10533 5996 801
11807 5280 1746
3973 965 1756
1095 7062 702
2395 977 240
10990 10815 1094
10668 10333 4853
7535 3072 346
5064 350 4510
4860 30 3911
2801 8638 2968
3358 6878 2108
2579 5683 4262
831 8017 3413
8628 4068 129
125 11472 1825
3988 5362 3361
5278 11292 1459
6806 6813 3806
5899 1820 4260
10654 6100 4795
7837 3529 681
4098 6582 3032
498 3890 985
456 10096 4675
10215 10272 3370
3621 3142 883
6750 5284 1395
103 6295 4425
1511 1993 4760
11059 8999 3408
6125 5539 728
2034 5516 4342
1592 3387 1030
9398 6850 4291
9450 8665 2379
4695 1004 1639
8952 1427 1746
8610 2886 3174
11239 5677 718
10998 11859 4656
6239 8720 733
297 763 3832
4054 1570 1659
7427 2601 4666
5519 5187 2994
9139 8682 1492
2618 9078 1668
7748 9136 4104
9572 11086 2073
9378 10546 4570
2381 1160 4949
555 11569 2686
976 10835 4739
438 4698 3236
1385 7847 682
6332 2864 3980
1437 1831 3585
4967 3808 2163
1586 8099 3
1581 3356 1597
9209 11546 3953
8148 10408 1982
417 8117 3857
7195 6852 1896
3963 956 3650
9826 3516 1446
3248 1331 3886
11622 9442 581
6131 7033 3233
2747 9855 4372
10385 10888 2214
10375 151 384
11784 3807 3594
5042 7354 4648
321 10873 2986
2764 3773 1849
5648 11616 1744
933 7960 2316
6635 11597 1286
4813 1950 4368
10600 6688 2354
943 10497 4313
4186 138 3641
9221 2341 649
11009 6206 386
5466 9559 1911
3553 4908 4991
5263 112 4482
10313 10291 1587
433 5564 2564
5369 3495 2504
11817 5390 1778
8328 10822 3731
1429 2938 3221
9181 4501 2734
1623 7679 4051
3537 2124 3817
9516 7967 1696
11900 8810 3109
8155 10603 4262
2125 6570 4980
11363 8694 4299
6119 11914 3139
2559 5509 4361
9662 3561 4889
703 8096 3367
163 2569 4854
6819 4965 1300
7746 636 2897
1054 4628 2405
3980 5367 1140
5827 11115 4834
11778 9664 2179
6909 1090 3257
10612 2245 2604
5311 2312 2506
11946 7606 3666
3650 6381 4501
11656 7652 1812
945 702 3559
8046 7229 1620
7560 9957 4259
10313 9759 4201
5166 1447 2734
11027 1488 3049
2419 4025 1148
7861 9330 2775
9289 1838 3956
92 4652 32
7005 2708 1971
4070 5996 4855
541 3419 1333
6503 4826 654
9067 6695 1588
8565 3383 1743
1895 6539 2435
5211 6085 344
11207 2636 3097
1452 11742 3768
1771 3746 3666
9513 9308 3561
6726 10442 2943
8236 9182 560
9195 4303 962
8965 9027 2917
11281 1829 2791
11563 4866 2298
5578 2571 767
7069 934 3824
8790 1823 3615
3204 4889 307
10205 5584 828
1115 11636 1121
11041 1436 4263
5748 11319 4578
7531 9632 3246
2293 10029 4977
3708 5671 4
3484 11707 3369
10743 6285 229
4770 5203 2812
3563 10592 4399
9839 2956 1499
4940 6731 2153
5952 3326 3226
2350 455 3405
6629 975 1036
11412 9324 1918
7821 7926 4388
5920 11404 2160
6492 2153 1501
6126 2158 1477
9786 8955 1824
4368 3973 3757
2810 11170 30
2724 8598 302
4064 7269 4298
1817 2575 3195
9829 10008 3926
538 5110 953
1282 1478 92
1849 430 1659
4302 5735 2306
1248 9104 2193
2543 9074 3427
9310 11322 4424
8184 6257 601
9086 663 4057
6663 200 3672
4494 7340 2733
3925 10739 3997
5649 6544 107
9078 3042 1164
10015 5137 3626
11144 11554 2502
6157 5320 170
9743 7321 4367
4150 2498 4208
3356 4485 3476
6498 8508 2471
11103 6263 3753
7307 497 119
5415 11201 1398
9247 7568 4473
1918 11051 2281
2910 10121 334
618 10327 390
3816 7921 995
264 6748 1817
2043 1307 2128
10451 799 3430
7706 114 2968
11959 11515 4512
11145 1315 2493
12068 4873 1639
6296 8137 876
9492 4615 2796
3236 11709 2691
5052 8426 3073
11827 10231 3977
10020 4019 2652
1154 7361 3997
8043 5101 945
5159 6318 1646
1618 2963 2572
8483 2013 894
8887 5296 1183
10327 10072 1644
7318 6856 4691
11420 351 2580
4738 10683 1864
6151 6466 3294
6381 11705 2740
6661 3428 2758
3918 459 2828
6462 3296 3652
4555 5028 389
1852 3431 2865
10421 7571 771
4833 4136 2975
10215 3316 1518
4953 735 108
11674 9713 4070
10269 11206 1520
3545 8621 474
9220 4598 108
2003 1937 626
6294 4683 2108
1186 10501 3943
886 929 3757
9804 3178 140
10048 11261 3182
8401 7011 328
1310 2793 560
1504 1277 2457
49 4316 4982
4178 11578 4132
2995 6286 1766
7175 11925 2241
359 2730 3441
223 5343 4295
9449 9614 3852
3233 4564 4736
1060 3609 204
11295 8141 2046
10208 7680 164
3024 5651 3462
8417 6243 1641
2009 11269 1286
4190 10554 1986
9323 11301 4324
5938 2714 2940
4726 9740 225
445 6097 3107
11203 10426 4846
4461 8594 5000
7528 6152 2841
8224 10103 4936
307 2790 4939
4162 11677 2563
8611 1160 4115
9835 8758 2218
7504 1872 3217
9210 2202 728
706 4497 1241
6522 1466 2529
9674 418 3086
7175 5255 4760
1824 10528 4300
7202 8923 4880
3742 6272 4357
5702 6366 4777
5907 9745 2310
5171 8933 4214
9316 1178 2404
5022 5288 4092
10655 4624 2087
5306 2318 2278
4078 8579 14
201 4507 780
5811 5228 3042
7331 9607 1031
4499 1488 2882
10297 1947 4267
9073 3990 500
9714 10376 1681
10929 6968 1515
1991 1596 4856
6701 10150 4961
5970 11798 3095
6945 7671 2267
4310 5672 4966
11685 2230 4064
5033 10909 3183
8039 8648 2662
11749 1654 537
3966 349 660
10274 11779 1576
3996 2860 2324
4476 6172 3488
10727 4477 4782
10521 11470 446
2733 7500 1903
4563 3304 1521
6518 1778 2476
3320 10589 4044
9308 7560 1499
6098 6222 4360
1586 7041 524
1293 8304 3169
4084 2237 4308
9466 303 52
10778 11302 1221
4519 2584 4312
10474 9074 1260
1361 4588 4940
11813 10270 3701
3424 6763 3874
3423 2124 4590
10941 4605 721
2151 7060 2627
6016 1860 2411
1411 10139 4088
1783 3827 4298
5522 573 4895
952 7974 2927
1533 2075 4806
11628 2395 2573
5646 8123 1437
6310 10912 4152
3536 812 4577
6061 1590 2244
221 5364 3107
8832 618 4228
2158 5933 3930
5693 9484 2169
2088 4064 1388
4217 201 692
3396 5503 1843
10713 683 1039
7157 1330 3809
5196 7804 172
9395 4627 4312
11841 10222 4608
8127 11034 4062
5391 9168 3411
8226 7902 3447
5139 801 3814
11994 8536 1512
9168 10934 1291
9744 3558 1706
3840 5768 2496
10417 3707 3864
5706 6366 1958
9339 1991 1836
11333 3807 3892
4158 10305 2881
9612 10125 1602
524 11729 3423
2532 169 2650
5518 10070 4940
1696 6624 2923
7027 1145 2733
3173 3246 250
4999 8451 4856
10796 9438 2924
8482 4422 2374
3452 1951 2363
5000 6391 645
6226 8774 3679
1255 278 1145
7897 6950 1403
1958 1687 1535
2606 7597 68
1970 1903 894
5814 7420 3099
4089 11883 4519
9909 8389 1953
9436 5731 4122
10123 3462 2890
9328 11768 4255
6318 4770 3779
9538 12084 742
7689 2816 4836
1493 7601 1216
10980 11862 4990
7874 7415 922
11807 898 3260
9013 5488 2217
9947 10212 3584
1978 5678 2151
120 11194 4013
4759 3041 3144
786 4379 3382
9290 4146 466
257 8161 3570
10769 2883 936
5491 3735 2013
2326 8598 3353
10671 2437 1214
910 5928 2501
7959 6553 845
11829 240 2665
7705 822 4327
9582 10550 1507
10380 8854 209
3352 7928 1334
1301 3509 736
4217 1560 2759
9439 8154 182
7895 7810 2573
11697 331 3218
6502 10089 2923
9950 4476 3517
5914 3286 3081
9411 3723 3666
668 10433 239
8977 6691 614
7572 6546 1342
9522 3117 3983
7464 7103 4528
10902 537 2060
2081 6858 687
9588 8288 1312
9549 4383 1661
10958 2127 3818
1596 3998 2494
5277 1980 4894
8288 3116 1866
3984 5994 4236
10419 1833 2799
10932 904 2085
2676 8818 1271
11293 11719 2735
11486 9038 45
5770 73 2611
11334 10513 1856
5324 3534 1977
2840 3541 3959
8372 8146 1069
2450 2649 2360
9103 2825 4271
11795 8946 3551
669 7296 1090
10106 10680 2438
3330 10868 225
1698 4720 1572
6212 7663 641
10764 3280 1761
1695 11995 1108
5364 8083 3626
5218 1126 219
5205 7494 1483
9660 8080 2598
9588 6870 2752
10172 8543 348
10483 9699 2996
4686 8110 570
2259 7827 3191
5765 11394 841
5386 11715 2502
6123 8578 1685
5822 1901 1532
11874 10165 2176
3348 130 2336
5299 904 1651
4947 7416 1436
7577 11668 2434
3822 5513 1302
3320 11581 619
6729 701 1306
11509 667 2521
9153 10512 2998
6832 11637 229
9042 1603 2310
11222 104 3763
6560 11983 151
9244 1484 1479
3292 4343 1998
5270 4101 4518
3914 10425 192
898 4446 1645
10676 8427 4438
476 507 2284
8871 3641 2004
3875 3664 980
3660 4291 1142
11385 556 138
7454 6574 4409
4919 6141 4944
7065 6425 1008
7044 11401 1402
1004 7356 598
8634 6119 448
10608 11006 2125
2507 836 187
10648 9402 1659
3531 5635 4139
6689 11847 4626
2723 4781 4839
6424 4372 2377
3117 2000 4754
7996 2840 117
10892 1905 1874
7481 7443 2805
4631 7132 1857
6710 7035 3157
6709 11729 1123
7919 5145 678
2818 4968 968
855 9281 1778
5814 1662 3041
1768 9871 3576
10853 4010 4486
1462 7593 4471
4817 6672 1929
1523 10182 4941
2178 1316 4805
9059 1126 1520
4058 296 2406
10002 8026 1739
95 9698 1895
11611 2112 1633
10353 7252 4358
283 8252 2759
4184 2684 523
11174 8556 3586
79 11102 4946
4473 1105 2067
11293 11243 168
10789 2678 384
11191 2376 1253
4193 2038 1190
10284 5674 2004
12053 11202 1440
473 7252 4806
2756 1372 4210
10946 1098 511
3018 4872 4408
1676 4405 3474
7764 11705 3236
6417 2859 906
2455 1700 605
11093 836 3474
2382 3864 797
5512 7354 4578
1685 10858 3421
6858 10317 3074
385 7258 999
6129 5514 1639
7561 9128 807
2603 3424 4752
1787 5064 3813
2826 2690 4540
5131 8491 2944
8309 799 3039
6065 3376 2261
8672 3929 2076
11881 4322 1990
4147 10521 1661
3846 6612 3663
5798 8315 1311
8746 10543 2758
6598 6443 4683
7349 9529 2787
3232 11161 1147
442 11764 395
2317 5313 2396
11847 8382 3770
9924 9102 1813
7266 5679 2449
3192 1565 645
846 7422 2035
9386 11503 319
4633 1764 3242
11768 10805 524
6896 7545 3760
3363 8160 1130
9041 12064 4436
5780 4615 3594
12003 8 1989
11979 10870 2908
4582 7799 4550
1656 5309 3991
4341 925 2337
11454 6444 4914
11805 6169 2576
4240 1867 3081
196 379 381
6253 2987 3201
9199 10750 589
7071 8536 4509
10026 9491 2047
5538 8769 4734
2502 3696 2301
3934 5625 2755
7164 472 3224
3335 5708 2300
8978 3593 4893
1614 7565 3493
6409 3681 4541
11306 11163 1058
1016 10964 1267
10127 4515 3069
11295 7505 1388
3236 3627 114
1041 11023 1713
1557 5790 1455
8527 4146 666
3278 1092 4048
3463 2181 1345
4163 5328 2740
5520 8305 331
8201 12072 4440
10071 5056 1923
10434 2669 2908
2006 1438 3191
8545 1951 3609
1466 11765 2715
9677 4541 716
3398 10623 232
3630 10973 4648
6132 2141 2440
316 8182 3686
3993 9444 319
7038 3063 4980
4106 4988 2636
3380 11431 4654
1515 6539 30
10978 9937 3289
2808 6375 4319
2686 10254 979
10404 5497 4673
11680 2015 2480
9426 9851 496
11907 2550 2254
4655 7863 2212
10628 3154 1160
11664 10425 3189
5055 11490 4923
9115 7438 1944
5890 23 869
11350 10841 4605
1212 11171 105
6711 4884 4879
11476 5724 2495
9276 11017 37
1567 11382 1580
10131 4791 4546
2139 11676 3377
3116 10250 2274
486 854 2369
10990 4767 4574
9542 3919 1301
9443 4116 3851
6643 5720 3571
8344 707 2760
10955 1831 1365
190 9669 3894
6410 5588 1998
1376 4746 192
5884 3458 1369
8433 4091 2043
8271 4648 2279
6843 5620 2727
1661 9892 2391
4227 2864 871
5118 7078 161
6843 11403 3966
2088 11354 3713
8136 6700 2734
10255 6956 3160
5081 9819 426
7273 252 2071
7495 1836 208
12058 7401 4456
5606 5365 4091
3115 3956 4780
721 971 1288
4663 8459 2954
4697 8767 2734
8591 9082 477
10772 7 3367
6951 5385 742
4163 3256 1992
9742 4125 3682
11006 1914 3541
9707 2423 4118
4974 2008 2048
4422 1221 60
2294 6137 2984
12080 7861 802
6571 5767 2746
9886 7154 2642
6452 2753 4117
3444 7631 4658
6172 11050 4374
6981 9167 4642
6048 6720 1101
7537 9554 1769
10234 1724 2958
9460 5457 374
10255 10434 1819
4643 11486 1150
9688 7799 510
3398 4835 1018
4419 11155 3299
8205 1290 1521
11699 4252 3024
4412 579 4312
930 6569 818
8555 5180 3774
2210 7881 1595
6138 3877 1956
9391 10762 169
2321 1664 97
3501 2376 4783
897 2073 4281
9337 3718 3487
9278 4883 4602
8897 3140 2543
1954 10496 2375
8617 10525 1961
3672 6954 4559
3292 8424 15
11182 10490 3133
6396 10405 2197
11401 9175 4595
8307 2782 3403
3245 5075 1157
10371 11097 4863
9982 9984 1260
8671 2370 3053
3085 5870 677
4394 611 673
2591 10362 521
9253 6513 3665
11855 8468 4701
1690 11548 4178
5517 954 3310
6274 2594 243
7090 2753 1476
8922 4727 3038
8312 5499 3001
823 9257 3590
10962 11297 4557
8197 7174 407
11665 4461 1768
4054 11307 507
7788 11319 1815
1945 11206 88
366 9288 775
8219 5315 988
882 4499 2384
11359 4349 1465
6558 12014 2474
11472 604 1767
11169 10057 2073
5025 7794 3017
4809 8908 346
10750 616 1136
8565 4678 4290
8659 7217 3029
8870 8894 3187
11600 4170 282
10357 662 2388
9125 10792 437
7741 4713 95
5314 2803 2528
3813 346 2759
287 10644 3459
10354 5622 4777
2429 4064 2910
254 526 1744
3117 9852 2746
10531 4137 2631
6377 5528 1265
11293 9222 3747
4237 222 3852
9986 3709 627
11172 9202 3103
2795 3425 2270
8664 555 4166
10421 10603 6
6064 3935 3501
7346 10000 2016
5905 7780 4545
7300 3770 662
1533 4202 3502
5683 9104 4261
4345 6522 3770
10558 3512 1445
3204 8051 1077
9193 4320 541
1141 3187 3617
11188 8318 1703
3979 11691 2753
6876 10234 866
1698 985 2548
1293 418 3856
1409 650 2847
4219 4759 629
1431 2333 1610
10001 8885 2193
11147 6824 1416
9822 3616 437
1184 5921 1635
6622 8205 870
498 5503 3157
784 4789 242
7694 1477 843
4353 7706 3570
1963 4080 247
1659 11677 2973
9725 5761 2162
3426 8224 2674
6200 4811 3913
1455 10168 3004
5396 2430 499
4037 11918 1029
1174 1507 1967
709 10908 1962
10412 2884 2764
7749 4891 386
9884 7735 445
5618 5680 3384
744 7129 3312
8688 6719 3497
7057 11554 3132
41 4945 1221
2689 8600 3885
3595 4538 190
2915 4899 1878
5180 6834 249
10040 9066 1659
7308 8196 2668
11324 10126 3104
10333 3684 3042
4032 10118 1060
8864 6833 1389
5392 2247 4383
5272 6266 793
1577 5136 4401
11467 2592 4139
9101 669 999
8765 1997 4261
494 2956 261
800 9632 1420
3976 3957 4371
8047 7551 4827
1532 1831 2877
3308 8719 1696
1941 2611 683
5857 4859 4448
8485 6761 4015
10529 10131 4924
8157 10814 1154
8575 6582 3655
3324 1589 3421
7874 9822 2647
5974 10788 2552
568 8800 125
6631 2512 4226
5435 7487 1653
1379 3496 3476
8404 9272 4402
12021 6113 3193
6439 4301 2962
11225 6418 911
11177 4926 3873
7653 2863 2677
2528 1713 4988
1915 1188 3052
7168 9559 1918
4696 4629 2501
1956 5818 4353
9276 1606 824
4498 4718 1016
11356 11264 1067
8062 8941 2046
4117 10584 4620
2569 7397 4466
9146 4150 4786
11399 87 350
5631 3788 1858
5769 9642 208
8162 522 1793
10671 460 1179
11811 10348 2779
2128 5422 675
6757 4434 3904
3518 10663 4451
6817 6469 3535
8768 7722 4919
11959 1516 4479
7097 11414 1925
6848 3323 2633
2632 7196 919
10122 2256 3388
81 9308 3658
5402 11463 884
10474 7135 2576
779 388 618
7890 11291 2994
66 11869 4905
10777 11707 4014
1904 385 3805
1325 6639 2953
6692 8470 492
8387 86 4033
7934 11779 3390
11510 2332 3364
10042 3542 3214
5393 8869 973
2958 5120 3296
1138 9430 4
10899 9196 4923
9325 6651 2108
6973 11639 815
2113 3736 3826
8707 9685 124
4564 7268 3344
9311 3081 788
9164 7725 4348
10839 5152 2149
4665 2833 3789
6449 5223 3353
9970 2205 3941
2561 9031 4192
1568 3007 534
6345 9335 805
9318 2096 3952
9103 5492 4229
5792 6145 919
7688 6840 2856
2710 6120 3396
2415 8918 4059
1058 649 4808
1067 4691 2039
5261 6001 4047
2640 2815 4398
2128 5400 2141
3649 1410 1215
2605 7431 4757
2615 3841 530
9676 3293 1652
11896 7561 3157
7770 1358 2293
10074 6003 1763
10603 6725 1198
5775 10422 2678
4321 2742 2991
2354 3022 1327
4038 2736 1742
5148 4803 2090
951 9993 1480
2724 7487 547
5565 2853 1915
5649 11290 3912
11620 7587 1083
8064 7416 3613
8704 5313 46
1378 1225 2357
3149 181 3550
5114 4016 419
2949 7220 4590
11045 6449 4733
5676 9636 369
1464 11497 3442
10536 2250 1352
4842 8666 4165
10448 11291 1942
4946 6770 27
8048 9905 2463
4434 2519 1849
2928 6003 2083
2029 10281 605
5208 7737 1802
3448 2156 831
3365 12010 1402
8158 184 1166
4754 7378 4562
132 11421 4726
2482 8350 1556
12026 7942 4796
7088 7549 3873
4530 9745 1855
8045 438 4654
5400 4966 371
8465 7166 4895
9158 10912 2531
2574 1321 2424
8034 7538 995
8390 983 1117
5268 11474 2565
8481 4207 678
5020 6281 1513
6732 1165 3151
5234 9653 2830
9249 8131 3008
2704 4392 2653
9633 2047 1634
10023 4326 2485
8322 9152 2429
9720 4010 384
317 7603 4372
6421 7334 1674
2581 563 2980
11331 9133 1526
2129 1960 59
8479 9590 4463
9731 4992 2525
11014 10367 955
3812 10766 2632
7127 9226 924
4682 8748 1965
11971 4652 2474
9560 8364 2866
7012 4352 3450
8031 3268 4421
2166 3174 3429
10232 10643 4084
9812 3197 3353
6898 7851 1152
7800 11703 4425
11146 444 666
11557 3515 552
923 2147 3726
7754 2749 362
1289 192 905
1198 2072 4428
8213 2256 3374
9307 1 3411
9574 9210 4705
2613 343 3516
1032 57 4868
4737 8950 1534
2396 2053 2314
6994 6870 3790
4546 65 932
7632 4691 4470
5485 7851 2498
5661 14 2479
1578 11463 633
11467 5668 3128
10769 8688 2082
1540 10051 3480
7744 7204 758
10990 9168 2448
7893 10977 3509
7381 2471 425
2572 4784 981
4440 2225 1256
490 1158 9
4440 6032 3136
4278 6905 4437
2279 10722 4978
4900 467 3706
8391 3 722
11480 4075 1117
2139 7064 1938
6188 3689 3883
10253 2885 3415
5695 8759 2926
10628 5487 4591
11612 9594 964
6343 7981 1221
6690 3050 233
10691 4427 1964
8333 6289 3418
5677 9445 4745
8129 4376 2049
908 506 2875
6687 5139 1257
8055 760 4966
6157 4281 4815
5713 1902 3870
4314 1944 3916
244 5642 3819
304 1477 4172
5425 4650 2790
9693 7899 3161
7651 10563 1705
5907 3270 2710
4937 3137 1559
3319 11709 3389
5136 11514 1499
10747 5775 4751
252 963 2428
6551 210 3916
2969 7103 4585
2824 11551 2423
1378 3539 1153
11187 7001 3604
6302 9787 2669
9461 6758 3647
7172 9238 20
7929 5639 1038
6115 11124 2350
893 4840 1947
11824 5663 1993
3805 8103 2422
9201 6510 3707
8875 2492 3866
2331 8531 3387
7259 11294 3064
7286 1666 340
5320 1344 4989
6002 5002 513
10041 8500 79
2554 9983 849
3988 3432 456
4145 10084 1987
3217 531 4265
8405 3140 1813
6358 10572 1916
2510 4926 4134
11723 3638 318
11205 4841 1001
3252 7369 1649
4433 9365 4993
6761 8880 4795
526 2185 1079
6366 1803 3938
4678 11613 1082
9258 3623 1322
4689 10201 2597
10994 3615 2363
3768 10412 1112
8149 9752 692
2789 11114 621
8106 3022 3225
9966 955 3276
3845 6483 4501
3021 4009 4517
2005 12026 2306
6943 7383 2929
9668 4506 2822
808 5121 4771
5343 11304 2736
5159 3497 1857
7129 11753 4817
2173 3832 3089
2372 5599 1041
508 1849 678
8430 3762 4474
5593 10077 4516
8627 7608 4079
3792 990 3606
7209 3889 934
623 4870 2000
1570 4302 4839
11736 10225 746
3528 10295 960
4074 10099 4963
4029 3382 2367
11468 7195 1398
539 2582 281
11767 3321 1892
12017 7480 1324
1654 11021 1887
750 9374 4780
10110 6249 1534
116 2060 2471
8321 826 3931
7786 1297 4692
8209 7105 1496
3044 11519 778
806 6772 1797
6445 3928 1026
6049 11355 534
3466 4419 769
5404 8693 459
5173 350 2873
990 4533 3268
8990 9666 4698
12011 1135 2532
2759 813 1678
9657 2216 4450
7173 11572 4957
2272 10372 3678
5446 8716 769
3261 9467 4118
9093 4301 2398
6391 4489 4818
6174 8595 715
2150 4756 4288
10903 3836 3047
1912 10972 3410
6968 11432 618
9440 7709 3036
6330 8646 2251
7577 11843 4340
7069 9059 3047
3843 5202 484
11458 226 2181
11418 1278 4535
2239 1364 4426
5135 3832 4861
5513 3194 2261
6342 802 1102
8812 1971 4087
6688 8656 3936
11431 6 3334
7663 8793 4215
4990 7891 2323
7289 7601 946
1141 11767 3378
1859 7163 4551
326 8002 4251
8461 12056 2896
6350 1204 4714
6639 10043 3810
5885 9799 4427
9340 3077 2426
11830 6539 2578
4015 1454 2276
2487 8494 3588
11546 3739 3313
7509 6533 1135
6816 1663 4677
405 2473 253
8886 851 1873
4105 3001 2516
6181 11186 505
10013 1936 243
3830 5435 1822
7346 10042 4667
3607 62 3986
1411 5940 83
11263 10544 589
319 2630 2660
1228 11563 3331
2788 4479 360
8826 9193 3725
6599 6689 1537
9216 749 4482
1693 9701 2383
10420 1256 3390
2844 7020 158
2744 8654 4503
4888 2554 567
7328 8536 4413
7010 7743 2859
11159 12035 3624
8476 7645 2843
7733 4219 343
8549 11472 3063
10160 6180 2117
1953 7285 1597
11820 2955 1799
8208 10101 494
2319 1227 74
8136 11305 2184
10857 2739 3030
10018 1733 4837
1709 3631 4681
11463 4899 2711
240 11878 2418
3095 1795 3642
2725 2627 3351
4655 1178 1113
1581 10884 2924
132 1510 1017
5635 10024 4327
9483 1681 4917
4625 5943 190
6390 3641 4424
5199 5140 2718
1380 5402 2754
197 5274 687
1345 1349 3746
4842 6070 4165
10193 8142 2349
8006 8564 234
1629 13 3810
3399 8086 2787
4181 9904 355
1676 2630 594
537 8303 1332
49 8049 3578
9525 7099 1311
4725 1814 2188
1378 249 4801
8375 855 1523
7903 4016 2758
6177 6949 1605
7864 5620 3704
9313 896 3009
4936 7828 376
4090 994 4186
4191 1471 75
506 9943 125
10508 10607 3827
6120 7483 2089
11 2641 1886
2351 7754 280
9188 2443 3142
11138 10967 2350
11626 5403 3144
8340 8430 1826
9313 126 59
8802 1599 2685
953 10724 1624
6227 3103 2759
5831 3562 4016
4733 524 543
1787 11975 4466
4603 6833 817
11985 9987 1180
1037 7228 2007
1749 3490 1255
5845 1048 1414
9998 8179 1647
1245 4721 1865
1006 9153 2363
3528 5531 3988
9775 5848 2300
3380 5616 4757
11122 6045 230
10016 1203 743
2923 7026 3885
1967 4159 773
4763 7675 4197
1836 2824 2602
1097 2630 999
4623 8488 4816
4940 737 4939
1250 8715 133
7955 11753 957
7185 10072 746
7547 1847 523
11362 1311 3855
10348 9979 1875
8262 5617 3838
103 6974 1382
11383 4112 3576
9917 8446 4504
6728 8733 3168
5058 4223 25
5283 10018 600
6333 10245 426
3383 253 869
6805 1472 2901
3569 7385 757
4377 1300 2645
8231 4883 1633
3569 5781 1308
8767 774 2005
11866 11413 2021
7140 9697 3155
8542 4554 3001
7358 6179 712
7646 6783 1248
4969 7567 4750
11035 5755 1455
9567 10568 2433
9371 2552 1083
8724 6648 1487
7025 6486 1497
10750 6691 2409
2785 4077 890
3361 242 1585
3412 839 4352
10453 10553 105
10685 10026 876
6108 9456 4442
3067 7516 4101
9985 4716 1737
9992 3218 993
1955 3451 4850
5937 11082 384
7552 3612 857
10368 5546 3501
4665 5698 4206
4202 6266 4687
11364 2816 1471
4750 4216 1709
3983 2221 421
1562 11716 4857
11962 5557 1300
7473 227 1337
7615 10254 3840
6811 7729 1497
9938 3439 1265
5872 9986 3479
3769 1346 4989
3649 6403 1765
12018 2467 880
7314 1900 1155
1906 4765 4927
3958 2046 1299
6051 7551 550
3486 11119 187
1576 6224 2906
11238 2397 4600
9132 7718 684
4000 1890 514
1749 2239 429
2496 11567 743
10935 5011 1202
5069 9114 3727
2806 10402 2259
1581 10405 1692
118 11038 1289
2576 4776 651
2516 10454 1494
619 3047 4422
8867 377 4986
924 9013 2120
2354 9595 1177
8522 10300 4747
7815 10758 3045
4982 6469 4055
6575 715 1848
8253 7591 2685
7515 3417 2627
8155 11836 2203
6470 11221 2248
6707 3894 4977
8046 10994 363
2984 724 853
9663 10576 3994
10388 4298 1818
11510 8893 3244
1842 10787 2927
6550 846 2328
5052 1063 3928
4872 721 570
3666 10286 2612
6624 926 3196
4212 8701 4024
5616 9147 250
3134 4401 4237
2903 3524 1780
454 10822 2485
5696 1193 4541
11329 9190 2569
8056 3574 1858
2099 126 4286
4783 10971 354
2255 6138 356
9134 4288 1125
1031 3988 4343
11778 2198 1888
3544 11490 544
10525 7910 4551
4435 6027 2883
2187 11144 3517
3583 840 3177
562 5569 1138
1913 3385 4597
979 8428 307
713 2074 1421
6318 715 3755
4459 4372 4083
6633 11362 2521
4201 10164 2324
11104 264 1329
11033 1086 4990
2455 9602 4674
4755 576 1616
8666 5319 4835
3207 1013 948
7060 5835 956
8311 9487 1914
10441 3549 4456
5069 10417 3719
11613 1822 1355
4962 5473 4835
9046 5227 2623
312 11800 988
7717 10259 111
5294 5999 3252
9238 9469 282
7815 6271 4122
3876 6156 1897
4912 9986 3785
705 4385 3078
4591 2375 2568
9857 5490 1756
7194 7608 3257
2828 4224 1777
257 236 3723
7272 4363 2291
8578 6122 1253
5150 7122 784
2641 1313 4567
4107 93 313
7544 2122 2913
11157 2649 2757
5765 1363 241
6389 1368 3978
11962 3746 1085
7541 1214 2010
5276 3834 1186
11558 3235 639
11315 6546 133
6741 3821 4022
3356 7894 3648
1787 8583 2066
4593 5016 1242
12 2979 4957
3442 5087 3254
9979 9828 3848
4040 9819 2095
12082 9829 1204
4893 4205 129
8307 6964 3165
8272 4218 2614
5168 2180 1493
9499 1826 1802
10234 6744 2094
887 7147 3002
8185 10836 677
4463 3614 1186
2175 530 2554
7699 5243 1716
2579 8366 1471
9467 4714 4722
2701 5335 2103
11882 1111 4208
5806 3626 444
1864 4951 3618
1271 8425 4571
2857 11580 400
9330 7410 3928
2839 5618 2715
9476 6221 4720
286 1976 3908
6021 2710 4348
8026 2026 368
8888 7036 4822
9136 5043 1943
7803 1968 4217
6199 7946 2755
9725 10612 3933
3813 7478 4766
7478 9097 124
1914 7036 3879
1093 209 2391
5945 9682 4169
4422 9581 3338
7893 1746 3799
9802 3200 3319
8315 7508 1373
9062 2044 4589
8720 363 9
5188 10336 3020
3283 7353 4497
8546 7722 3730
11240 738 1105
8127 7814 1102
995 4625 3412
4957 2080 4468
9069 6226 2334
4044 10340 3347
4286 9574 3890
3649 10990 1941
4315 2201 3108
2894 5517 1235
1071 6376 4524
3161 7777 2012
3040 10019 3575
6853 12031 2396
8137 5355 867
3167 8145 3534
10521 2526 927
3661 4258 3268
5550 5923 1543
1200 8320 4092
6539 9045 566
11751 11314 4817
9096 8903 4292
574 4658 3356
10729 11221 4370
9775 2726 4966
9370 7692 3844
11164 10748 1050
4988 2128 624
9910 1080 4580
11178 6181 1231
9119 8611 2588
8551 10763 4305
9896 5917 4809
2914 168 2604
7200 2466 4656
3445 5511 4152
8637 9214 4651
230 4743 4478
3036 4847 3263
6276 12019 1241
6961 1566 1143
9447 3400 4522
683 4358 2370
10083 1856 3930
10474 8617 135
8550 21 2527
7149 11251 3456
4531 6492 4809
11756 6941 1772
606 690 4620
6346 7497 1890
5881 6439 1293
1122 5826 360
4292 11169 56
1003 5118 1923
1867 905 7
2435 719 4771
11131 2151 2447
9733 10794 3668
615 6494 3282
9446 8915 4152
6406 2031 2118
6134 8298 3915
6433 5976 3584
11753 2545 1959
12035 1066 1133
11368 4392 1499
3763 6444 146
4703 1153 1216
3941 10350 2787
1083 9190 1678
1129 11603 4022
923 1318 4986
3534 11097 3803
9714 5312 1656
10244 5345 825
4971 1857 3815
491 934 1239
2479 11709 4343
3553 11098 3015
10339 1881 2407
4133 6035 1257
10802 1744 2768
4359 3096 1606
3887 1906 4831
8717 1804 4874
7894 4478 3470
11546 2878 1667
4750 2651 38
7826 7365 1672
7378 12008 2510
3772 8480 4917
8909 11094 29
3335 891 2429
10852 6506 4076
7084 8337 3168
2790 1822 925
1423 9105 2504
8450 7378 4668
10725 2531 423
7487 8773 452
8315 12041 1876
10919 7846 3154
9193 8099 3142
5413 4202 1
1605 8984 1209
4791 1625 3658
6428 5574 2059
11364 11075 1489
3903 5249 3733
4501 10060 2875
7102 10256 2032
7686 3257 1618
8730 7901 3260
8696 7438 3171
811 10149 3338
10159 5694 21
9918 4840 407
4069 5192 2589
9718 3840 3019
9390 2805 2287
10632 3017 387
8318 11648 3872
1556 9308 1001
7066 5323 3400
5752 8886 4319
3737 9713 2244
6589 5732 3909
6171 3974 2090
7715 5157 2537
6983 8302 3659
8933 6787 817
8033 4952 902
8239 8490 4319
7442 2931 1933
419 4687 194
805 5744 2245
4059 3640 3604
6525 1080 2170
1816 10288 4640
5313 6917 2268
4304 8261 4517
2324 8520 1314
2093 1642 385
2410 6461 409
4770 625 4893
4663 1690 4709
2235 1499 62
11422 3673 4356
325 4153 2515
11324 604 592
12019 10438 3548
8595 4904 4101
9745 3003 3591
6617 5500 594
6952 1331 4640
9242 10754 1697
8471 4117 3453
6867 7811 4640
7302 8245 4698
3341 11801 2150
668 3227 2225
8806 4342 3301
11295 8457 543
5741 10232 1533
6704 9210 4513
11495 8863 2499
9589 8947 562
8874 4216 2684
10979 3904 2436
9489 8284 1765
1145 4467 1967
9414 12008 2476
5912 1702 4267
2330 2347 3899
1085 5313 3744
2102 3097 1579
9950 8485 2265
10602 4660 4487
5043 5547 3595
8631 3679 2443
10183 5910 4823
7526 8284 416
1743 4987 1076
3699 7587 1540
2268 2425 1672
5405 5146 3826
10723 4739 295
66 3364 3441
1724 5849 3452
726 6822 3722
902 7558 1027
5649 1230 664
7615 996 106
3984 8753 3029
8720 9093 4831
9560 11359 2342
8791 10484 4290
6307 2457 4435
7187 214 4611
6085 8116 442
9475 430 1019
11719 5957 2667
9959 7293 597
10070 3964 4642
6467 10300 1645
4692 6515 3349
444 7429 3143
7053 6733 2430
6582 10242 3376
10762 1649 2504
6584 10606 963
46 4585 1730
10537 7708 443
5897 5567 3203
3199 6263 2561
1063 5361 2532
8885 5898 2398
6231 7470 3069
8782 6941 4326
267 4680 3859
7523 1647 2578
1245 5109 4730
1628 2 620
7776 1224 2412
8557 4623 1837
11012 8589 4134
10927 5803 4399
6060 5405 745
2574 9175 3757
8432 5619 3252
7273 3322 2096
2826 4342 840
8072 5353 3351
4434 615 242
4491 3085 2112
2215 9672 3946
12005 3732 4740
1318 7273 3569
2396 2940 2809
11877 1326 3926
7767 4586 114
2688 8011 679
2818 11361 269
4577 2464 4418
8727 7466 1950
4301 3442 2492
8896 6625 3951
214 11156 4391
9723 10726 943
8344 2287 2328
583 304 3280
2547 4710 4492
850 1755 1829
678 11750 2885
4499 1860 3383
3101 4385 2750
12079 5473 1266
6007 7834 91
5235 11393 2259
3507 2550 4275
5296 4541 4303
8287 4873 2822
11150 454 3917
2951 8376 377
7287 3058 98
1569 8350 2556
4614 4177 1474
10582 7904 633
6457 5440 243
529 7403 847
3344 6027 1561
9307 1669 571
6422 1556 520
6701 2718 659
2318 10454 4764
3205 7577 375
23 10190 4996
7299 1094 4380
11690 3423 2342
1086 9605 4177
2095 8673 168
4887 5523 536
3381 11376 4955
5500 9311 655
4423 1669 1811
4434 5699 4373
8652 7221 55
6422 11263 2424
1866 9595 4862
7806 10055 2864
8427 687 827
4226 2914 259
11611 2892 955
3529 11280 3969
1944 5340 3107
5427 10524 2068
9921 2226 3379
11584 6910 3528
10591 11483 1594
3658 1070 3707
3454 1251 3940
44 9284 1570
7552 5050 1815
9226 8905 3320
1425 5339 3600
3531 4634 3233
2291 313 4466
6362 3249 1130
4679 10905 4883
3604 4614 2315
10835 8172 3
4280 2883 4647
7347 712 4704
10808 8492 3420
5244 6363 765
5347 768 4996
9644 11112 361
8149 9624 1671
2117 7874 1755
7685 6948 514
1210 1130 3073
801 2888 2764
1167 9125 3631
11567 5513 449
5768 2666 1821
6350 1914 3890
9178 910 3490
3331 1266 769
1373 11658 4429
11246 4996 2133
10149 4537 3340
10591 9149 4798
2425 5376 4737
8624 2729 240
1069 4618 1606
11567 10194 2263
8716 10190 756
8264 2946 2794
3911 10441 4316
8561 6799 4601
6301 3076 125
1143 10930 3022
8423 5873 3341
11939 2784 2638
11646 4921 2215
3577 12020 1809
11586 4270 3090
9395 9382 3066
3836 3042 3058
2256 10621 3126
8835 6044 3316
1312 10378 3294
10947 11124 765
1755 4099 3623
8346 8029 4970
9029 309 3976
142 6718 1837
7933 3113 3067
4709 9585 783
9504 3519 1471
5462 2727 4287
1985 10483 4718
8737 10375 29
1805 3455 4804
9200 1908 4218
4405 4702 2223
2902 10090 2233
10828 5631 3316
11607 957 777
6183 406 572
1414 850 4454
4950 5287 2858
7931 9404 305
6547 1256 3289
4249 11599 3079
2053 7654 4611
8982 5396 52
9161 3142 4107
10664 8827 4412
7496 9816 3672
11312 4948 1617
8624 9636 1533
7625 12080 2115
8780 5269 4327
152 4467 4286
8099 10882 4769
5277 2192 2880
2551 9673 1850
5506 11759 3175
8756 5368 4891
11633 3278 2780
1736 1541 63
1820 4176 2811
7665 2679 2257
7391 7994 567
6656 7701 630
4028 533 427
10527 7115 1603
7637 3005 2494
7034 4654 2918
7883 6246 4607
9665 6669 879
510 8626 4229
4298 1314 803
1980 4607 4158
11863 8806 2754
6544 11883 4073
3939 4637 4151
3065 10927 4797
7615 5703 2259
2148 9899 2173
545 5936 3206
7805 114 4551
3659 10897 2367
8125 9041 3495
6884 8794 888
6323 8245 3826
5992 2335 4599
6739 4554 1019
9219 8171 4813
5278 8830 3826
4270 5388 3245
10130 11004 143
7698 10913 3078
6420 10339 3836
1199 11299 2711
4355 3642 2130
10810 5015 3848
1037 8512 3913
2649 5687 3529
4016 11546 581
7321 5435 586
4675 8061 746
11580 5157 2129
6010 3793 4566
12078 11471 4232
82 7839 3229
697 1186 4260
4568 10150 1268
3375 11672 342
1818 6074 945
1084 9223 4931
1803 10356 2632
3320 9636 3457
1281 10277 2556
3124 679 1433
7438 11533 4878
20 10039 1076
9464 1904 1273
10708 7801 4256
11785 4790 3319
8325 1680 2611
5018 11077 2266
8655 11638 1966
10957 4236 4259
11548 11546 2060
5860 5351 822
6172 529 2421
163 203 3011
1369 10635 698
5970 10171 1890
5170 8913 2691
11546 4244 3740
5651 1159 2148
7755 5485 2821
6785 6866 264
6508 809 1117
11143 6002 2397
10007 10180 3394
10013 12060 3912
1611 4280 4123
10679 9178 2077
5367 8351 4424
3106 7475 2680
5859 10957 2482
5227 2593 3232
488 4989 3327
8577 1504 1032
6966 10337 3199
5139 1728 4656
5626 4934 3229
11089 7702 2748
6768 8551 1158
5869 2422 2240
904 7436 1992
612 8933 2480
742 8885 278
9879 855 1426
3818 64 468
308 4969 3240
1341 6987 3895
7810 7964 3621
5129 1810 1397
374 10107 983
8820 9778 2319
3120 5457 1094
10743 3169 2830
10851 3670 1962
4440 3350 223
1428 4434 2009
9795 7407 1235
3633 236 2981
9591 1680 27
10055 7684 4876
10433 619 4143
7307 4956 209
6556 214 1775
6909 5166 2880
2705 858 3596
4517 10900 2722
8388 10297 2625
10940 5365 1350
6948 7212 2931
4220 6341 3468
7001 2540 2156
8606 2341 3964
1644 1920 3761
11222 6717 3825
6686 7365 2468
2646 7874 98
5812 6113 569
1059 2357 3409
9328 9908 225
8524 2486 3448
6693 6825 2038
7463 8666 645
2582 3904 609
11207 11705 4760
5020 4565 655
3670 2160 230
7037 10847 4051
9131 8116 1200
8004 11949 4196
104 6003 644
5293 11896 4425
1803 9631 1455
3204 7630 902
1405 1376 4903
10212 8146 3304
2966 5261 4020
8604 3940 2472
1795 844 981
10756 4256 4419
7535 4302 3445
2508 1119 1110
12066 10452 4133
11704 7500 1665
11279 4876 2432
4605 6876 131
6546 5345 225
11081 5262 230
4981 1591 4612
9718 8790 2060
1818 5522 1962
6715 1309 1702
10744 11845 1240
1863 6784 4262
10464 2999 4714
5580 11178 2425
9954 11758 730
8890 7093 3698
3247 11862 855
9371 9713 3934
5606 7202 3141
10246 5049 3741
896 9939 1941
4852 8755 3082
3615 4367 3552
2557 760 2239
1904 1295 2321
8594 3382 433
1386 3659 1918
6332 8099 3343
1232 1267 2314
9247 30 1792
619 9519 263
2389 1475 3375
7582 11998 2914
524 10196 2595
11360 44 4617
6162 7808 2426
11898 908 2172
402 10244 33
9960 3267 643
1687 10082 541
672 6615 1764
6261 2440 1411
3389 8427 1255
6798 7407 1660
3049 3929 2600
8905 5854 468
10587 2685 1
11464 6389 1695
349 2887 2456
3175 9401 3123
8359 5174 3410
9275 11774 450
7550 5399 707
9293 8726 4166
8379 11727 4843
8068 1775 1120
9386 8443 3599
1300 8475 304
5079 11140 4234
11713 3639 4883
97 186 4313
10767 2481 4933
6946 4772 3314
7670 774 1511
8147 2788 4167
9594 11300 1134
10667 11132 488
7754 658 3357
495 6320 4303
4061 10142 3562
5079 10890 840
3056 6291 2622
6267 693 3766
2793 9078 1653
4666 2787 3792
9072 4602 297
5914 4008 4526
8269 611 2354
3503 8587 2621
3561 8343 1634
9193 2300 1014
7059 6234 2299
9307 7196 956
8129 221 4104
7611 11484 413
2506 8411 749
4058 10364 4870
5487 1111 3754
7336 6878 1716
9233 5576 3121
587 925 429
2317 5395 790
5891 10952 1475
6749 11955 4344
10976 893 4839
2355 4653 2276
12036 3183 4988
5021 4610 2764
11524 795 4782
3992 9397 1745
11243 4162 1662
3481 9731 337
5448 4891 2918
4020 10601 2331
2229 11369 4993
5373 714 1617
9932 2783 4836
3878 2272 3732
4301 11917 4782
1333 83 2239
4740 6063 314
9045 3299 2879
3136 10651 4561
1269 3725 1687
3929 7016 1907
7606 325 1831
549 8692 4709
11215 6081 502
10532 461 2973
5975 11010 2454
1892 1606 4008
11186 10518 4617
7028 6684 3642
11743 3607 3990
1547 25 4327
8751 6139 1442
11235 4698 3757
2408 11913 2535
9392 4060 4551
4789 6307 1611
8724 1660 842
470 502 1916
6630 5813 2649
8651 8131 3877
7201 8189 292
3970 10111 4671
8814 10831 3567
611 10045 4558
429 4757 1459
8846 11189 709
11623 11734 4024
4431 10933 4055
5928 889 3360
3066 8449 2948
1599 6173 3995
7516 10657 4961
1958 10151 483
7564 7124 1449
11723 9582 4952
10165 1075 1729
8533 6813 1303
10061 5641 1805
8344 11930 2804
832 4411 3089
9679 3833 1821
2200 11015 3873
5700 427 1277
11248 7535 1399
10897 10308 4344
9557 10616 3188
7324 9659 2522
5869 1907 1033
8356 718 2651
8775 10587 2331
8410 5345 4376
5905 9938 1931
2426 7031 3576
9597 7315 839
1168 7671 2593
9863 6881 302
599 6607 1023
1884 11968 2595
2050 6426 4336
11023 9503 4223
6262 2214 3402
4997 3630 3513
8912 6613 2904
11680 9258 4568
2588 11445 4452
4054 6750 3814
344 2895 970
2458 4638 3164
11859 3698 284
1343 152 3628
3671 11085 2949
170 8741 3657
480 10437 2170
7083 4385 523
4585 252 560
2156 1843 2829
1220 1269 4432
7326 9206 4193
234 11364 2057
3202 2739 581
6347 1475 4511
9401 9603 2972
11422 4135 4559
9541 3273 3077
8244 5736 4701
6464 6478 2884
8162 1813 4255
2363 10927 2303
7495 3992 124
8813 5147 1458
8478 6265 1554
199 11805 81
9843 8032 955
10365 10585 4814
9518 9912 3208
5342 6035 4945
3479 2247 1989
9826 4722 2992
11655 8880 1379
12054 8485 4065
180 3976 3698
8458 4375 2497
1570 4037 2856
10607 3060 3557
4216 4855 3878
1582 5994 2958
7122 4040 3940
3257 6979 1733
906 4745 1456
3674 8059 481
2702 11575 4750
8357 9916 3200
9120 9458 1837
3932 6541 4737
7588 5519 2110
6810 6885 301
4935 929 2184
4251 5756 3126
1460 11689 1984
11500 5519 653
10753 4298 2878
10126 5165 1585
7877 8973 2884
1877 935 299
6489 45 2271
539 7474 3014
11274 841 1072
483 760 4061
11178 5334 4914
11050 4631 4054
4328 10706 67
9157 11786 2070
3440 1366 4057
8717 5369 4294
1500 4733 4334
5343 11760 2333
3180 10695 145
9366 10446 192
11453 7340 957
7739 6086 3994
8772 10851 1197
4384 11902 1588
7368 1975 2208
2802 2361 1527
2112 7993 3123
459 8613 607
6901 1064 787
9596 10500 3139
11625 11566 2787
1758 10983 3883
8381 8841 3107
4900 9500 4862
11809 1154 2787
8199 2533 4206
7149 8303 2933
8147 4172 369
4664 2689 3071
5103 1726 586
3749 10828 167
4607 2442 346
7769 6882 2954
9967 1726 621
3372 10638 2704
404 10871 80
4563 7263 200
11198 4055 2727
2109 12047 929
8905 11973 3136
7395 1781 2309
806 6813 624
557 2871 4764
2065 4097 1967
3210 2510 1451
11390 541 2604
3716 2839 2472
9513 2924 2719
725 8568 1053
2161 4246 3847
2230 2949 3715
7862 10788 2183
11073 3293 4407
11512 11892 4452
539 8351 2326
2792 10622 4609
249 2346 2107
8907 4205 2404
2705 3876 656
11266 11404 585
5566 6518 3782
7035 2890 3513
3107 12011 3966
9105 2496 823
5295 4674 4330
3455 1805 1674
5091 4836 4563
3306 849 1852
7858 3868 4596
2659 1891 2518
7637 4999 3812
4833 5684 376
4344 5738 3080
11871 8741 3210
8654 3300 3296
10191 385 1657
6898 1935 2399
1010 8252 868
7937 1565 576
4683 1124 790
6124 4339 4262
