1
2905 4482
2145 769 2995
768 1249 1203
1200 1226 3064
1998 1241 1493
390 2363 781
1310 1570 3649
1367 21 3431
2301 2786 317
956 857 733
239 2074 2298
2179 2555 3087
492 247 3470
2720 98 1112
1466 1014 3407
997 1409 2181
147 2070 1014
1481 669 1775
32 2823 1042
1209 1075 2624
2167 97 2398
1893 93 2619
1529 1099 3248
1394 1564 1568
1940 1097 3257
1495 947 1886
158 440 1042
2715 1769 2895
2410 680 1943
174 1584 2200
1998 1115 74
1172 2704 1359
1148 1495 117
1377 1610 3375
6 2024 1666
243 1186 3845
2667 2842 3127
1996 2537 1097
2865 2780 285
1186 1208 2401
2733 1982 1461
744 2007 3521
862 188 3196
868 1038 2941
256 2430 364
1651 791 3592
720 2814 632
959 2027 1974
1829 1190 744
2492 2190 4292
2746 2722 2483
1422 2859 2035
540 1214 969
2679 248 3315
2244 1294 3472
2172 1897 4191
2451 2650 714
2534 94 3323
1908 1482 731
846 625 3700
2671 1028 3309
1855 2238 2800
108 2252 4363
619 1264 1168
1101 1903 328
1072 2126 1814
2595 2478 3154
1607 2400 4375
670 1647 3400
2490 1015 3858
1436 1087 2772
771 1652 2211
2732 1753 2684
2841 1871 3508
100 1008 1925
507 1662 861
2867 1110 829
783 1201 406
1208 1447 3372
2322 1619 406
2430 216 2529
84 1989 1248
2076 1159 347
128 2766 2003
1565 102 2220
2761 1257 484
2790 1272 4258
2538 1626 1027
2005 1435 4048
183 19 4078
2148 539 2187
2579 2326 1079
2230 1316 56
2275 2147 4378
2407 2422 886
1711 918 3214
475 1806 3061
1050 2730 429
1276 1664 976
2649 1435 791
573 1037 1857
1701 630 3867
2904 2274 3749
1332 2289 2513
1932 2455 562
1325 1201 3047
259 389 268
2822 2673 2199
1285 137 1099
547 305 715
37 1583 3392
1397 596 3423
117 1934 2089
2002 1473 290
1384 2519 2763
491 329 2125
1175 2332 918
31 2161 3314
561 93 972
264 1614 364
1551 175 3215
1332 1960 1526
1368 980 2206
1830 790 1148
2664 1791 53
2307 1433 1602
2301 1582 570
2203 2595 1256
296 286 3777
421 2120 502
2739 1039 808
848 2256 2521
1474 1359 1097
567 2171 3768
1096 2443 2603
67 2706 2935
1641 2426 864
2730 564 1145
943 502 4026
141 383 3506
711 1448 1968
1779 1297 2965
1015 1242 601
2795 1300 1694
2329 1884 1153
636 66 3561
2465 2524 2212
626 1836 1334
866 2498 1903
322 1368 637
2880 718 4111
1998 73 1052
2900 2605 395
1755 1837 2477
471 2902 1727
1203 256 792
2522 1280 1819
1303 1788 513
2809 2149 3557
2714 2327 2411
2539 698 3013
2845 2529 4281
2580 2690 2058
2787 245 1707
1008 747 301
1109 2835 631
2467 2466 1013
1062 529 186
1831 656 2994
1840 76 806
2772 1897 95
468 300 2904
2026 2273 117
833 702 1973
2905 1401 2553
358 534 1973
1109 2905 212
1448 1401 163
865 2571 3849
499 1485 3673
2338 2468 3552
625 2768 517
2898 2785 3770
53 2343 2606
1992 1929 3576
1117 276 2889
591 1449 2100
2780 416 3569
822 946 1435
642 2176 1539
2350 995 3592
1176 2738 4045
1633 595 3144
1326 2844 301
2412 1644 2449
1666 6 223
1403 589 140
1595 1673 2558
795 1271 2260
123 932 772
1210 2087 375
2244 371 1661
1474 1031 4289
2075 1015 472
704 2286 335
476 1238 2621
2685 934 4232
1357 1042 2568
2161 1956 3145
863 1793 4471
824 461 2983
2621 87 4241
315 2829 4089
1391 846 3486
182 2341 2338
2709 1634 3993
1361 2020 3181
1873 1263 2237
8 2577 3178
1567 1236 1424
285 697 4463
1031 874 2143
750 2245 2039
1824 2272 9
2548 1774 2516
942 515 1421
2580 2448 4046
1638 1367 3522
1583 1471 2961
13 2424 3138
2200 2009 1290
1719 1110 1323
2197 24 2723
2705 1134 1620
1690 1041 3814
1948 714 3704
989 434 2150
2795 977 3433
2080 1824 45
389 2079 397
442 530 324
1180 32 922
115 2122 3862
2588 2420 3978
1580 2443 1783
1211 1186 4013
2639 1720 246
879 1328 750
2266 1445 4067
1953 395 2628
1899 1529 1313
2836 262 2934
2004 1500 1711
1238 2317 1919
1908 247 191
2161 683 781
2318 282 1109
157 862 2408
862 118 3963
2680 2598 1104
1838 1117 4343
2408 1736 1099
118 1892 4406
457 2694 3471
486 1273 2105
844 2536 2725
1527 165 2938
845 2806 4324
103 2899 3131
2750 2159 97
2702 2322 3640
2467 681 760
41 130 4023
2096 1725 2945
2701 1066 3848
1894 1037 1298
2397 852 1322
2571 787 4378
2133 1562 1529
1823 568 2867
1967 2055 3937
418 1593 1456
656 1329 1882
1684 1090 3121
519 1524 40
90 2868 1831
1137 2802 3451
2546 2483 2768
1454 1295 3941
736 1057 4114
602 681 3665
1220 2250 864
900 427 3869
1933 548 1435
1030 2812 2411
2866 2242 1461
2467 587 2907
2242 1196 3711
300 232 1160
1975 2476 3212
1400 974 3855
350 2453 725
782 2296 3023
1783 726 913
2541 180 3903
419 2314 2126
1699 2004 1105
213 2235 3007
2839 1152 504
2085 2472 1300
2009 2449 1705
2049 2007 2066
1128 104 123
792 2268 2182
350 161 964
2687 1291 1431
1454 1388 2058
930 1947 3441
616 2281 2122
278 280 3988
1016 1139 4251
1757 487 3229
1285 2749 2245
2740 2550 847
2627 1286 390
2045 822 4135
1918 1 3172
656 1745 505
843 2739 1452
2544 1192 1383
2793 1845 4073
1686 1847 1628
1668 817 1067
115 2296 309
1222 742 1914
372 2539 3233
2025 2303 3122
725 1363 3309
2009 11 3089
2578 189 3507
1015 1270 917
2172 2510 2639
1480 14 3087
2229 376 1874
2505 2500 3201
1062 607 1828
1634 2869 2370
2590 2714 4439
1429 896 1323
805 1126 3801
1179 1248 3203
760 545 462
1709 2196 3945
1713 35 812
675 2486 852
2731 1337 2372
1149 656 4250
765 1043 372
2823 2853 268
2023 2445 845
2552 678 3648
933 1469 2894
1005 433 4010
2831 522 3007
1025 1398 1899
573 1667 3427
286 684 3422
1300 2113 1636
525 2449 2422
405 1814 2299
135 2165 1808
1925 2680 2755
1565 222 3041
2842 73 3547
11 104 4280
2068 257 2708
713 1201 3272
2767 1571 2438
272 2278 2673
1807 953 875
2045 2234 712
1540 1921 2928
389 2134 1971
43 2281 3951
1098 1430 738
2535 2273 163
1172 1777 3437
1880 2010 1493
299 1331 1308
2607 442 3696
2440 811 2133
932 955 1121
2894 430 2906
2184 796 60
1046 2758 2600
1999 1118 2173
2565 427 1263
2742 2095 2451
1991 721 1622
1842 1851 3262
2827 2459 3852
2868 11 1605
942 2068 3262
2793 1728 2289
2355 569 3786
2335 2536 325
2646 1196 4040
1257 2077 3995
404 2108 4330
1141 1102 4203
2544 2184 3291
1961 2716 692
1728 242 1139
121 2628 4442
254 933 1126
757 798 4323
2680 1552 2256
2425 683 4467
1894 1167 3883
1351 1864 3233
482 226 3728
1535 123 535
495 2387 3167
2329 518 4316
2846 1183 526
420 2659 3381
1081 140 680
2394 2472 4289
2827 837 3849
962 1212 1871
1755 535 2862
2727 1605 801
2627 2478 3057
2422 227 1964
1088 2308 1867
385 2769 1138
387 669 596
99 2807 1494
820 1388 3537
612 1870 2149
319 2606 3637
1099 1681 2455
2796 2840 1076
749 304 4051
531 1721 1202
1589 1461 736
371 2745 1301
2264 1172 1822
954 903 2960
1259 880 2163
1733 711 2695
1999 2569 114
883 2727 4241
1381 2569 2122
2182 2363 4219
2615 1743 236
2880 2332 2918
2477 1752 737
1293 1657 4283
1195 905 2114
1873 2480 306
1003 2520 2215
588 602 384
122 1186 3790
2836 418 3561
1447 838 1896
1479 2668 3461
277 1035 1874
1070 2314 1553
2444 825 1835
1748 2555 1098
1440 2115 2663
615 225 3956
1516 1355 4084
13 1628 2624
1839 2467 2972
2576 467 3723
1002 1475 4413
1027 1442 1699
2647 457 3967
1531 757 3238
835 856 1009
1177 2046 1786
491 1143 3534
1380 2500 3975
2591 2037 1810
357 2541 2354
1632 116 1899
106 361 3403
2327 1891 3619
68 130 2860
203 1198 2899
1624 1603 2145
2846 223 85
1898 304 2583
2215 2241 659
1496 1456 4072
973 1839 2521
2149 1108 870
703 2243 2082
2144 347 3481
722 2120 2833
1710 2857 3891
1578 1716 3594
2607 2431 4012
1408 497 45
2520 1683 2659
684 1364 1227
2543 2468 867
1061 730 996
356 798 1744
920 397 1700
673 1807 2410
2514 2591 3364
1076 2792 4086
1864 568 4467
2054 1214 654
382 530 3538
245 1029 2852
2103 769 1209
494 2665 1155
585 2330 900
1169 1754 995
207 2804 606
1950 787 1394
538 2336 1504
541 458 2842
115 587 4176
138 1528 1432
280 478 912
505 1220 72
1743 499 224
2514 871 1445
1307 2379 707
128 2756 3320
1715 259 3869
1239 812 1991
1090 92 4062
1431 1143 413
2067 1233 3019
2860 61 4402
257 2190 2572
1185 51 4100
1829 1261 913
2222 72 758
2531 355 964
243 1497 456
643 2295 2279
1264 1644 2249
2189 136 1264
1505 1581 2455
724 605 2092
1104 1763 3941
353 1130 3797
1925 447 3185
934 1985 347
2521 1461 1170
228 950 3248
1182 175 1694
2389 2628 1842
682 1596 1251
1927 588 4257
687 2135 1357
405 1578 3625
317 960 2652
363 1443 2854
1877 1530 1496
2818 2695 1022
1402 2505 2358
1122 2377 4328
44 1891 4115
1299 1417 2296
2244 2282 2139
2104 430 1155
424 1660 749
2440 2507 2705
1831 2572 3467
533 458 1263
1508 2203 1133
1849 844 778
978 2451 914
1420 740 1182
2217 2041 3773
1858 2236 408
1133 1096 1378
2545 2300 3728
2339 2158 2506
2633 2747 882
178 1560 1705
272 2403 626
441 786 385
2563 205 62
916 2250 3717
1588 436 3960
2313 247 4461
111 490 1489
2279 615 4407
256 2701 177
18 2726 1086
353 1791 3635
2389 2804 2807
2502 1460 2400
1409 1325 1045
2660 2146 4048
2257 522 1447
2267 1414 1397
2144 1273 23
572 385 4155
2901 2474 338
258 2378 2815
162 2430 3208
18 2107 899
649 1563 2337
37 2535 700
842 220 228
1139 994 1438
889 2297 260
443 1784 1086
2505 1882 3012
2792 494 1254
583 699 3621
1780 2641 3883
314 2017 3645
603 1662 1970
2775 1265 4028
1594 379 3595
1711 2345 109
2209 2005 2301
717 8 349
2741 2768 1035
379 1835 3442
1953 1438 2901
164 1114 3974
434 2667 3822
1046 2331 2022
1103 1377 3242
297 758 3987
1248 727 3557
2318 298 988
1867 1378 3541
1619 2591 915
710 1821 1427
690 96 2827
1925 394 2746
2012 2421 4004
2826 1991 4223
1432 453 3687
361 1588 555
2518 2131 4142
1184 1785 3401
722 2751 2561
2425 166 2112
1380 1199 617
400 450 3057
428 135 894
1124 2500 2585
1392 2115 969
2459 1332 2826
366 2731 97
1302 1725 2093
1795 185 3420
638 901 2240
5 1834 2876
478 297 987
388 52 4314
2071 1498 4452
507 1531 484
362 2837 3816
1561 1569 2674
2565 1379 150
1083 2004 3608
2312 294 3506
895 734 489
1200 2072 1658
790 2552 2969
972 2844 908
793 1969 350
2170 52 1660
1584 1254 2026
39 1401 3616
1805 2582 3485
2161 2192 4175
351 1215 1335
2713 895 610
2440 1462 626
2631 2515 2446
723 564 538
429 353 145
1402 2104 1695
2549 312 4014
2125 1343 2940
1142 2803 539
628 2792 858
920 1810 1596
795 2072 1811
1145 2683 1564
1196 1242 2057
461 1032 2003
2146 2855 2264
1811 2127 1306
2376 1766 3592
88 989 3523
320 586 2946
918 1796 2497
2030 317 2816
279 728 3345
2343 1438 2992
2413 1993 1263
2479 2219 1149
2246 500 911
1104 1383 3753
2283 184 305
308 2836 3674
1565 192 3681
1840 704 1549
1815 1443 633
1949 256 4466
2030 1593 2282
958 211 3982
2696 2863 722
1519 2190 760
79 406 1781
1597 2858 2646
1420 506 1555
987 969 4197
614 998 1780
487 1888 4003
380 923 749
2445 29 4400
2105 2219 68
1231 386 1797
2900 2672 3927
2230 2337 424
2127 2492 2543
1908 1864 1178
369 1206 1048
1460 233 3327
1165 2846 2371
1640 1214 1794
2055 1045 3205
2265 2505 4115
1969 627 384
335 1231 285
1718 1881 3496
351 2526 2104
1736 997 3956
56 2618 3452
2347 731 1570
2765 1616 1010
1165 2075 1137
1371 2776 3220
1980 1809 551
2106 2499 2243
1661 767 506
257 2746 4075
1974 2606 682
1031 2423 3931
2901 1417 4113
253 1180 423
377 1536 3789
1699 214 3560
1818 2160 3866
460 670 4403
2847 1986 1589
100 1832 2884
300 2243 3047
1289 1288 28
2841 1552 4134
2302 1048 3998
1063 904 4073
337 2417 3808
2765 2456 886
436 1607 1319
876 570 2800
2435 263 761
2247 613 3929
783 330 312
854 2129 1884
1189 1015 2202
2394 1801 494
1592 2067 4175
176 199 2198
1950 792 1719
63 608 1566
2050 1980 1937
1020 5 4346
2273 514 2586
1360 435 1617
191 2009 1431
2793 199 3549
2013 217 3022
1678 626 2116
739 2848 3481
1652 1663 607
2460 497 725
687 1880 1268
1450 563 1945
607 2087 3095
1084 342 116
691 2761 3601
32 1903 3414
1893 2827 646
889 2068 1851
1023 1940 2864
1514 1917 1224
2720 2111 1477
972 2001 1822
2247 2178 3346
1294 2525 919
17 467 3316
2305 1318 3423
2320 1252 1066
1481 1100 1924
613 2182 249
565 681 2182
1207 1803 3080
2322 2734 157
2812 30 377
2503 940 3236
1122 202 1266
1719 845 3876
720 1281 15
398 783 1831
1238 801 851
2054 2457 659
1201 169 4329
366 816 224
479 1402 2353
1079 2245 4195
6 358 196
113 823 3992
1399 420 852
619 1036 3208
2600 956 1485
2398 2786 3601
2 1651 663
1994 2018 3212
1485 2801 3985
1675 1864 1979
2354 2530 1506
555 1607 3448
2234 315 2274
8 1300 1399
473 2057 4184
1078 1747 334
1778 795 3535
338 2491 938
1955 165 3340
1491 2336 1865
1892 1693 771
106 2642 2146
1114 1375 2561
1270 608 300
449 806 1210
1343 1413 142
343 2716 3174
895 583 630
1795 2889 395
1902 133 2375
131 1364 1195
1087 541 1165
785 1742 4009
2380 2524 1732
2544 2254 2002
1965 2546 534
306 2270 3357
2438 1286 1311
606 2822 634
2685 1725 2800
390 915 162
1563 1529 2825
1331 337 2540
578 2024 1908
325 1858 2838
1302 1471 2755
344 2256 710
802 2770 505
577 1525 1131
2895 2200 822
671 937 3317
2741 2351 374
883 34 1339
830 1569 502
2523 167 2749
1958 2282 372
2642 1470 2278
2154 2513 329
967 884 4257
2625 2693 3680
2470 2116 3935
1080 2352 2737
2470 1660 2303
2658 1418 1858
2853 72 4162
739 2398 758
1848 109 1320
896 153 1522
1497 856 528
2608 1973 3558
503 1734 2850
2564 1091 330
438 378 4408
792 126 2708
2557 508 2564
1576 361 1521
1430 378 2280
1567 2160 1382
952 282 4418
1460 1734 2585
1482 2549 1382
2700 1608 2404
2328 1145 1049
282 161 2052
2355 2448 235
1268 2785 3508
1653 2242 4106
1988 1927 1206
2841 2357 1822
1417 302 4263
166 2382 3878
1455 1952 383
2654 1788 4403
956 1516 3656
1675 1128 516
1140 2591 846
1301 1360 1656
338 2754 3893
542 1868 432
1642 1194 107
2689 218 4033
2034 2388 3777
1453 2195 1760
1235 767 3760
794 679 2603
1260 2754 3721
2807 932 477
2772 396 849
1759 2587 415
989 2557 3589
319 1049 2767
1976 1090 1515
2356 2319 1648
2379 2392 1631
253 2544 3556
2802 2617 3785
1335 988 65
2258 226 1850
779 946 3814
1271 1520 4440
2353 2723 2991
1946 1987 2034
1664 945 4378
463 1914 1753
2421 1228 4251
1261 1563 552
1843 468 1418
986 2126 4332
207 2459 3069
1080 637 2707
295 918 2928
321 2538 991
2674 265 2174
19 636 2363
2848 524 2100
2196 293 3347
2860 1618 3842
2875 721 426
2837 1849 4027
2310 291 332
2081 399 1607
2216 2107 3535
2104 725 845
1061 1534 3192
336 181 3321
2171 181 4205
1318 1766 504
81 539 1445
2325 2173 3632
2684 2760 537
2894 2155 1074
1753 2254 3438
1538 1743 2510
663 1988 1260
2246 1855 2051
1786 2282 3743
2528 2869 4006
1912 776 2345
1733 2045 3491
2687 1403 658
882 2247 739
111 2309 3911
1996 2363 2331
276 2036 2583
1042 2455 1128
33 207 3577
2239 1227 2714
167 1171 167
2440 635 2328
73 436 898
1257 290 1641
248 1957 2998
2830 2321 1547
727 276 1277
2161 244 1072
683 2571 4030
2106 2229 3091
362 2464 3707
464 788 156
2727 732 3916
2858 2387 643
2865 1194 536
595 272 274
856 1042 1877
171 1428 1683
302 2054 399
2660 2513 4109
1205 2790 4283
413 52 445
1373 127 3005
90 1563 4474
1565 1530 1574
1088 2000 1813
783 1965 3546
737 227 3352
2167 2653 2531
2547 1401 4181
1707 2452 150
494 2898 171
1677 330 3709
1725 286 2697
229 2158 1229
2566 1389 969
2505 2220 3198
1554 1150 1946
1059 2827 728
941 103 184
941 1859 1008
1471 2766 1553
2549 2642 1932
1781 1438 1387
2904 619 2779
1182 2302 2379
1745 2343 1599
1903 77 3282
1399 1343 2977
2025 1887 2466
280 2170 4116
2673 2428 213
1015 666 590
107 2250 3448
349 2077 23
986 255 3312
377 1848 1172
617 2318 3861
1393 1580 826
2539 679 1329
1724 2046 556
1596 161 3664
1240 597 2950
943 457 1470
1452 733 2520
2418 2251 4421
1595 1847 3810
619 198 2538
1233 843 3333
2003 2665 2351
92 68 537
2204 889 3177
1954 2670 3568
2639 697 2393
1834 1989 2437
2563 2615 3216
1178 888 3526
1063 1566 463
816 1772 163
623 2604 420
2155 1944 544
927 1687 1948
2208 187 2986
2468 1910 1201
1779 289 3343
661 2753 2113
115 1580 1219
1920 997 3868
307 684 3622
1082 1444 943
1924 1578 3259
197 2522 1325
973 1589 3878
1569 2391 1117
2573 186 1680
429 2830 443
1556 1070 550
2055 2766 450
795 2715 1514
2478 1149 1822
1366 1284 773
297 1123 856
1361 1653 3157
1622 2690 1574
2751 1249 278
1955 561 2599
72 566 2780
155 628 465
847 414 2651
1243 1919 488
2238 31 3976
2833 366 2367
504 2615 3215
2071 2792 3354
1710 1016 1143
127 1339 586
1881 2540 3367
373 908 1365
2228 1985 1337
291 2 4068
2476 107 3391
783 1302 4050
1337 754 3438
1565 1282 59
2804 1172 1956
2184 45 115
2420 2891 4257
1057 1429 1519
568 2643 273
2608 627 1931
1872 2210 2366
1460 1860 800
1962 1870 2577
2899 1214 4348
1456 1349 2001
2626 73 3201
1485 1589 1512
456 76 1793
742 2769 1447
322 609 2080
1669 588 2887
1312 345 2200
2363 1552 647
1162 17 2439
2301 2403 3730
2260 2783 3355
1557 2407 2375
958 1123 706
524 445 2150
1222 801 3118
423 1419 2537
1647 1299 777
519 1938 889
1443 2594 2875
1706 2850 3826
2203 2199 1
1435 2518 1984
708 444 4337
1247 94 1093
942 2879 4283
2330 2745 1591
269 1533 3085
1778 441 4377
2663 2847 568
2809 1890 828
178 1800 1307
2695 1241 2142
1664 1665 1661
550 1875 3928
1431 1500 955
2892 480 4025
451 533 4317
654 1259 2740
2214 2107 3884
2423 1757 1779
1995 2728 4447
1586 1767 2092
111 527 2139
1676 1228 579
337 374 3055
87 1197 328
43 205 1665
626 318 1922
1959 807 2707
779 2413 2892
2451 1993 3766
183 2827 4209
2241 1325 3981
1262 2196 2107
2533 1291 1861
2045 1852 500
2768 161 642
744 489 3989
2029 662 2543
1845 2640 335
454 2235 1670
481 290 990
1343 144 2203
1650 401 3196
6 1943 4159
1280 2068 927
792 298 1176
370 1964 4282
2200 946 2817
2808 2518 2523
2491 1051 2634
1942 1954 3445
962 2882 159
2409 2570 682
912 2562 971
2413 1509 2170
2802 1063 2523
2805 1132 1847
2449 1602 3204
2669 156 3218
685 863 1657
253 2463 3108
210 4 3712
687 1122 2002
2227 2620 4419
1123 2314 1272
916 1542 3827
1295 775 1346
392 166 1918
2309 1263 2699
252 1445 936
994 1425 3454
414 1252 4226
1 542 1434
2599 1970 4291
535 1565 4362
2270 2470 3476
1950 1874 2151
1288 1206 72
2289 1893 3471
238 2189 370
2833 2698 3722
1578 196 444
1068 2051 1936
1099 2804 4445
40 2430 146
2050 2393 3533
1320 2051 1634
794 1235 4402
1415 2181 986
274 1440 2759
2751 472 1234
2487 2891 2805
1688 49 65
418 2256 4311
1371 823 1132
2221 40 325
166 2754 3089
94 1699 742
2428 258 1603
904 2891 2068
1815 2290 2313
2319 904 3934
1551 1289 3555
748 376 2573
2049 1454 61
445 612 1883
351 1211 4077
290 2347 950
1188 2573 2768
2100 1035 892
2119 734 2582
587 2503 2983
349 1350 2663
1229 894 666
708 2460 3669
765 2419 1013
1937 276 3734
2099 2234 679
926 2317 1581
1463 653 1154
1673 2066 2812
458 2753 800
1914 1575 677
666 2462 4085
874 1575 4147
313 1300 1991
2512 2563 1695
459 1869 2121
1422 2242 1070
1111 1383 3235
2408 2773 3958
778 2010 820
361 800 4032
1086 2825 104
672 2290 1651
1 2733 3190
1135 285 2517
1993 1433 1546
1369 1231 2204
1270 1535 1189
1182 2195 846
2409 1844 3910
411 1733 208
2446 606 618
2848 769 2162
1555 1079 3707
2624 2018 2831
2842 2164 467
1362 492 1549
989 467 1366
2702 1647 1999
2121 1162 544
1220 2347 818
2583 1372 3753
1797 2406 3801
1164 1448 3530
2861 652 880
1220 1686 3939
2474 2739 109
1612 80 540
1644 1031 2729
2074 1073 2282
1804 1022 4292
1234 1845 2254
2614 1324 3748
1563 2068 3998
1331 2247 1606
1125 1421 4340
1831 578 594
1431 1547 2107
2706 2483 1693
1642 520 3586
1597 1097 2195
2537 841 3775
1378 2221 3783
57 821 2255
600 1443 2431
709 1174 1449
1848 1863 2187
2879 128 1196
2227 956 907
542 1675 706
2827 912 2686
2371 646 54
819 319 1582
1940 1015 1655
2249 1011 1516
1237 1990 3677
1349 1167 3010
772 1319 3755
2427 836 3167
1085 89 2819
1300 1540 2283
66 1685 4165
41 715 2947
2126 1995 2516
2799 2479 1048
76 847 4180
324 58 2830
882 359 859
1729 2639 499
799 1306 1623
2481 123 503
2740 984 303
1139 1061 2064
1934 1435 384
1811 2249 2795
1965 1696 1440
2772 447 3780
2313 2560 3109
2008 1505 2299
1736 2703 3471
414 2094 1205
2611 274 1114
2805 2685 4395
1573 1128 3368
997 2061 392
2801 1113 3406
2687 2328 11
2665 462 503
758 1300 2421
2046 2740 447
442 2066 3474
1442 388 2495
1204 322 3231
548 1654 369
1210 1045 1439
1300 1609 1452
992 118 3184
2457 512 3394
2832 2058 4465
2079 1020 21
1455 886 194
102 1335 1420
1836 2099 1698
1036 1199 3602
2500 663 1429
2045 2377 3796
2898 561 1383
1204 981 3804
1114 306 1767
1744 2684 51
114 2549 2713
889 1064 4276
2338 866 602
1272 949 2585
1091 2228 1873
2825 351 3472
2190 2479 1851
2055 745 1390
2252 149 4413
2473 1697 1529
427 2068 1533
2888 2752 2954
616 2166 1632
446 2708 1742
1295 1722 1164
2653 559 1634
2026 1126 193
1798 119 1208
119 1043 3907
1028 64 2230
2592 1479 1513
1283 1582 1574
1898 1518 1816
834 10 1249
1551 457 3753
2228 2357 1955
2313 2777 1625
536 1572 2428
2749 1419 3167
1449 60 2093
1650 1654 3242
2687 291 2707
2893 602 3297
1257 552 995
2467 2895 1300
2072 527 3460
1934 2566 1422
1879 1287 4356
703 1414 1837
1782 1771 2865
945 1410 2969
690 1951 2649
2323 2264 3192
2564 2839 2166
112 2040 3686
1833 485 3013
2517 345 1019
745 569 45
245 2055 3687
2821 1824 101
1841 173 1612
1304 1663 2985
1132 293 1319
122 1307 298
1546 1123 308
2735 1610 3706
886 2596 1052
909 1019 2211
312 1955 4437
2859 1007 725
759 646 1770
1298 2894 4269
1015 618 1958
1911 1372 3171
1073 936 1164
401 2792 3411
1163 1054 2388
857 2704 4062
1049 38 3703
599 656 475
545 1571 456
1301 2473 671
1902 785 1094
2136 2217 3220
1397 2858 1959
1021 2870 4290
1273 1471 4172
622 152 1937
1787 270 1296
2836 680 479
495 536 21
214 2331 2398
692 2383 679
1087 1218 1365
1402 2875 2007
834 1471 58
138 312 3202
480 2770 3478
1349 1348 1533
1398 1977 3098
2796 310 766
2405 1008 1850
2512 1013 3631
1829 250 3768
2624 1895 3964
198 1025 467
1292 1131 3134
1075 180 3216
629 2237 3579
1533 1667 3957
1336 2181 4064
2725 1493 548
1604 1978 333
1755 1493 3177
2102 1506 2255
1050 912 149
35 2470 2708
1803 2043 2634
888 2500 325
2183 128 1607
1611 1591 583
1448 2739 3330
2095 109 2774
2508 1748 1025
483 1072 2389
340 1264 1463
1744 404 121
2383 569 3526
1974 560 3883
1949 292 1549
2230 19 3842
2808 1325 4348
260 1091 1420
144 1608 789
785 2723 3535
662 1425 2445
2559 2743 1933
1419 1960 707
2812 1964 4362
2702 930 1191
2678 885 3585
811 1839 107
728 368 3971
948 1903 2825
924 1991 3915
1687 1057 869
83 1414 215
129 1376 949
1104 2395 3236
2862 2008 881
560 323 2027
51 2088 633
2254 2283 1507
168 1606 2656
545 2087 3100
1172 1706 2948
583 976 4424
595 1666 394
733 2590 3323
1066 509 3958
1472 646 342
1419 107 2566
2183 2048 1702
2239 2902 1578
1011 2250 4009
380 1502 896
1968 2113 2409
944 647 4104
1736 2645 355
2336 1416 2505
1956 1967 1572
1667 678 3804
1166 1251 4141
305 2687 4420
1427 549 1899
863 1881 78
1596 958 200
835 1027 3877
908 1767 1773
1772 518 1070
2817 2006 2262
1100 735 3996
1416 835 2698
2901 2232 2695
974 1970 1985
2351 619 3295
38 970 1845
887 1375 1474
1247 2866 3614
1 547 3565
492 2874 1113
490 485 3822
2209 652 4195
2237 1575 1309
47 1088 100
1157 2630 2882
320 1895 1322
2054 1811 103
1416 1930 288
120 1325 1426
1915 1724 1643
1143 1710 2806
2735 2633 4264
1491 1732 3776
2232 367 2710
2462 423 1724
2905 773 2160
73 2249 3892
2108 2390 4352
1322 2677 2367
95 462 2601
84 605 2796
1254 2565 4031
896 946 2308
2539 2198 2457
958 2438 1033
2478 837 4407
427 76 92
406 710 2167
2809 2118 2283
630 992 1147
226 1696 1876
1155 583 2127
843 547 250
319 2713 3202
1760 1297 2525
312 1331 2616
1600 1301 1068
174 1895 2060
2792 1277 3878
1758 2240 2250
2688 996 3965
1180 2450 1715
2553 2713 4015
514 2757 2233
755 381 3005
2195 579 1538
1564 58 3338
314 1079 3830
1915 1709 1732
2559 2575 4342
1427 1122 3483
820 611 418
1708 881 4279
1106 959 2780
2703 669 2647
2447 570 52
50 2168 4107
1144 118 3295
1957 2424 3118
1505 2092 1306
1435 306 55
193 965 739
1022 149 1627
1866 223 589
451 543 1172
1817 839 364
1624 932 2733
2007 2616 1340
29 1517 1468
1013 1974 3988
887 524 12
1720 84 758
783 1710 680
829 2592 1898
1996 2773 2495
1220 2783 3634
493 2068 3851
1170 2873 289
39 863 1476
960 1150 1775
314 2250 3641
2282 839 484
169 1934 22
2723 989 2881
2582 227 2625
588 1934 2322
100 1673 2148
724 1551 482
2732 452 2020
1905 2856 3741
1108 1879 1261
2032 254 902
2641 1178 4274
545 1143 3299
1811 2052 414
97 2292 2074
2640 1266 446
1200 1885 1527
2338 2835 640
2774 2112 1430
2630 1238 4409
398 1333 3529
1170 326 3819
1702 2409 4477
2057 1751 3704
2236 205 1027
2096 1834 2019
2846 1303 2904
1186 2011 1653
1010 766 3672
687 1750 2155
2076 2125 416
2618 1459 1872
455 717 3269
1922 2317 4075
1238 2443 2130
1587 18 11
969 1345 3661
1996 1261 3774
1739 1851 456
598 1891 4143
1895 616 3119
57 1535 4070
2558 2617 3565
2318 2724 1955
1993 316 582
1741 2784 1912
197 280 3361
2306 2368 272
120 448 1259
1257 2791 501
271 2145 259
2014 2520 4071
2212 1125 1216
2502 416 2805
1898 1088 314
655 900 3275
527 791 175
1344 2576 1986
711 1043 1712
53 2357 1104
187 1110 1712
1463 599 4224
2505 1738 2866
2262 2398 4459
1437 164 1602
2121 236 3289
2640 1253 3948
1947 126 4221
1895 2872 2976
1426 2585 2963
122 2682 3908
220 1697 1126
75 712 1260
946 2126 309
1053 553 2734
565 1455 4184
675 2207 617
2303 762 2362
52 1563 83
1248 399 614
1304 525 1858
2470 1947 164
1498 2258 520
284 174 3678
162 2452 3791
1254 2881 3395
836 452 3659
746 2601 2122
1887 2100 204
1692 1351 1144
1819 1753 3790
673 2232 4347
320 2338 2599
1789 2879 4113
1884 868 2677
280 2541 4265
1464 168 676
1016 6 817
785 1870 3182
1232 2411 375
1275 533 4191
613 673 2582
221 1726 2048
1769 288 4093
400 2692 2588
2764 316 2007
651 1342 844
432 607 3033
930 1080 3649
1982 2891 1414
2646 1501 106
2836 1439 1598
792 2863 1933
2194 1194 4387
2088 2631 1054
1627 459 3980
1794 182 754
1497 883 3573
2036 728 616
2769 1610 1163
2594 377 3423
182 1251 1993
2085 335 3602
1522 785 4204
1344 96 1825
2663 934 733
524 291 868
587 2784 4007
322 86 1498
213 1014 4306
231 1718 914
626 2560 1985
2194 474 2914
315 2770 1261
2600 1605 1057
2775 824 2400
2385 1988 1266
2141 2493 1738
2378 503 4076
1753 912 2266
2212 277 356
1718 2144 571
1435 2696 1724
544 1759 153
2500 1564 4378
1084 2374 861
2093 1913 4270
1366 1053 4058
441 2212 4330
2661 763 4091
950 1456 2244
310 2780 1584
1019 1174 917
2085 1926 1831
2692 1122 631
205 2508 1029
1060 146 2067
2324 1114 2813
596 1446 3869
1769 2430 1917
1833 870 4167
2180 821 3440
2407 395 3561
1954 2278 3716
1646 793 1080
1279 287 782
2219 43 5
2690 848 677
34 571 1051
1701 1888 4027
1969 551 3727
640 63 1892
1718 2566 1794
810 2323 494
2123 2116 2156
2893 1412 2380
1865 1325 1636
314 2156 4251
2295 2703 3981
1922 2222 1654
1276 2594 3814
2629 1979 2640
2460 1269 2987
156 1120 2279
903 410 1401
243 83 1296
2299 537 3244
1259 694 15
480 1557 1547
1973 2598 3973
2595 459 324
1940 524 1073
2347 942 2750
31 727 835
1737 2261 2563
2769 1264 1038
481 758 3627
89 2226 1767
276 648 807
1579 1012 3398
2386 2629 2522
99 2388 1317
714 2303 2712
172 491 270
1303 900 3423
1023 120 320
659 240 4283
1774 1827 513
2031 751 866
2050 146 3292
97 1747 974
1906 2476 3861
1837 557 2121
1914 381 3241
2030 275 2857
1711 490 1297
703 1076 3469
520 1868 713
549 419 3684
258 2729 2506
2201 2832 2399
429 1497 2062
1274 1309 1978
2090 911 66
2902 456 3516
2601 2750 1247
1754 1618 4013
1902 2741 2531
2431 535 4444
1157 1711 839
1498 2896 3864
120 184 3584
2432 1144 2958
69 2729 2443
613 1062 2034
2721 1115 1543
1948 2188 3467
2809 1000 482
1395 1688 2331
2650 860 2776
409 339 3000
651 415 4224
760 1841 3717
2088 2111 2170
1598 2102 3624
2813 1233 42
2574 424 3368
2746 1076 3674
1834 788 2049
951 2091 4281
2593 453 958
1117 1814 151
928 1285 1642
2582 1697 714
2237 1306 4321
2783 2409 1625
2202 2334 4099
1600 1449 196
2274 383 2064
2130 907 248
2746 1460 1763
2196 1637 487
1541 2808 922
1025 1223 3828
2769 1837 3616
1556 870 1372
2740 2642 2067
2863 2051 975
294 2241 3143
2345 650 2864
390 930 3555
1303 2152 2310
20 455 3559
221 2153 956
1668 2482 667
1409 2857 1528
2724 1215 3400
2177 2710 4032
878 453 218
2005 54 1769
2743 2534 4179
1737 2759 3976
659 131 3462
1577 1823 2593
122 651 436
1740 486 3788
1615 1737 3768
970 2597 4343
200 2130 341
904 793 4300
103 1561 3225
2204 1773 1167
2103 1466 182
28 2783 3675
496 2577 2922
2830 1576 2501
127 2676 1455
84 1640 2027
720 1431 4121
422 1017 945
1340 105 1314
1002 400 3355
2686 1509 1740
937 2696 3224
1210 528 909
2400 1004 1925
2099 234 1145
311 636 1306
208 2829 1349
1267 1156 3743
2070 721 3127
558 318 1834
577 17 2789
1875 946 2381
104 1906 3183
2774 1310 1193
419 1009 1205
2397 717 849
1241 1667 4269
343 1308 1101
1671 881 3732
1903 554 1199
1222 1702 2126
2070 2262 3433
8 2282 1562
2872 227 1482
2191 508 1773
86 362 963
1161 1829 1270
1914 2621 4386
1350 2427 315
1980 2434 3872
2429 1536 685
1584 889 1869
695 371 1776
1468 2692 1006
1944 705 2366
784 1483 621
323 708 1355
404 1274 2627
2266 91 1346
2343 553 3006
60 1381 784
353 2462 2356
340 1869 1343
2414 1013 3786
2186 575 226
1853 2490 3761
1333 1425 403
995 2148 4078
2649 2589 1881
1149 263 3973
2563 65 2438
1155 256 4353
1400 1503 3642
828 2116 2084
776 2078 355
89 1689 1321
365 2700 3154
1110 2698 3183
1950 1861 2831
426 2032 1838
1048 2010 2431
352 1023 476
832 2664 680
357 2352 2439
589 1295 1063
2033 260 3411
2389 1643 3647
2856 1361 3965
1866 2258 4207
1116 1430 4298
2287 1032 2934
2723 1977 3931
1631 2278 1902
1583 1280 1082
1159 2780 4373
971 192 1111
1715 1568 956
1123 1951 2670
2883 1235 3059
1245 1697 3306
329 913 3044
1287 2768 3995
2559 1092 1698
323 591 964
1788 1070 996
2635 1198 1182
2736 1365 2047
2652 1697 200
1523 2066 1386
415 2846 4424
1267 2014 71
2503 550 3610
606 2279 1934
2878 2509 2433
1760 2905 379
1911 1518 3639
2253 2219 3892
2091 292 1056
194 2896 1078
2623 363 801
732 2331 1395
2621 1792 3321
312 31 4366
1447 1590 2484
627 2121 1950
16 2825 1339
82 465 3716
1885 1127 4399
286 2611 2903
1606 2462 331
944 2293 765
2820 2256 4375
2171 622 3362
925 850 3291
1853 2817 974
2095 2189 2133
1163 1445 3505
2259 2086 42
2440 1287 3818
1930 1884 2036
134 779 1878
2633 183 327
2255 1308 4365
793 1343 2861
167 1550 2838
2478 809 2612
945 2225 1330
1930 1007 53
2225 822 1904
164 165 2773
1037 1797 1655
2113 320 863
1105 965 4066
415 2566 1198
457 2411 834
1463 2785 349
1821 2817 1404
2415 2877 3047
186 2642 3669
2328 818 3567
2227 1038 667
1810 1376 3833
1914 1410 1521
311 2753 3163
2283 747 1566
2001 1220 467
342 678 545
1590 1981 137
2079 777 829
1722 519 723
738 1729 733
2017 661 2963
151 2211 273
826 978 4170
2083 1019 3963
1040 77 2319
137 840 1853
2669 516 2789
1415 1635 555
2630 202 1700
2253 2404 991
2539 1912 3893
1039 2734 3658
2739 2741 1404
973 1922 2725
2693 17 4397
732 1083 3122
2773 2453 4181
1055 110 3292
1313 836 3075
2518 1985 2305
1312 556 4238
438 2704 1815
778 2144 355
396 2430 3320
2014 638 1381
2298 2048 1346
2464 2049 2195
2872 585 1869
72 1049 688
2163 410 127
99 1249 235
1782 1387 4009
863 2053 4136
359 691 3432
1657 2579 1482
250 1552 888
2031 520 4198
849 1398 1715
1683 848 1203
2807 73 1412
147 1326 1738
472 1185 2024
255 308 1450
360 1483 1125
513 598 1525
651 2285 755
820 309 241
338 944 4457
718 769 4349
2620 15 3780
2729 382 2582
2771 2459 60
72 1754 3866
1659 2493 1670
1364 2358 3107
1955 361 3086
411 554 1175
1933 2586 2631
2725 2440 2830
1074 993 3272
63 1943 2499
667 1629 2985
902 2847 2050
757 1049 899
242 2721 2634
2441 1535 1504
364 1371 1329
1312 1178 1037
1089 386 391
461 1749 751
2840 770 3172
82 1804 4427
978 2026 2624
2504 476 1394
1226 285 2679
391 876 985
2030 13 625
2485 1772 2737
785 1563 222
692 2045 3776
1678 1198 2303
1052 2075 248
2395 1103 2617
2386 1298 2546
1230 1216 2641
258 1961 436
2758 594 371
660 334 1050
1013 1400 3228
1373 1349 3956
2819 607 1792
696 564 3674
1264 1214 1466
2812 557 2160
992 1455 2194
567 1956 1890
754 1040 1661
1541 1525 1677
735 1063 3824
681 1349 308
2329 2147 165
1215 1793 3953
2096 625 2288
997 865 3578
1766 2401 362
1525 2513 363
2259 2152 761
1492 1595 2629
397 358 631
2283 27 1319
256 1374 3179
1759 2052 1650
1441 723 1617
367 2458 799
914 1652 2725
1992 1407 2899
705 1659 4007
2455 687 1180
557 2298 3536
695 422 3664
329 1036 3590
990 1839 1391
304 2738 530
1408 2057 869
838 2521 2890
935 2804 926
2173 2225 2753
357 1655 2382
1455 2496 69
1615 1326 4332
1376 2885 2645
2758 1920 162
765 517 2414
222 911 3343
1914 2711 211
1214 923 3087
898 2715 1455
859 1998 2983
392 2198 2365
1189 2485 2637
1346 1664 3738
166 945 1608
846 1650 2527
1218 693 4040
1980 2207 317
1721 1221 1407
514 703 952
882 2061 938
2514 1434 3347
797 451 1805
1437 2521 2458
1673 1720 4154
1700 145 1298
2367 1781 2749
2068 803 1781
2801 834 1705
1930 1246 582
1588 544 2184
1961 2320 2744
1362 357 1057
1119 1963 3191
164 1024 2142
1435 2180 3868
523 370 1144
708 82 4248
938 535 4468
421 1191 933
2025 1060 1243
764 541 2852
617 403 819
2203 1583 960
675 194 2414
2220 1354 1134
2141 799 75
2842 1215 1710
1502 1687 325
1693 2263 1744
2481 1385 1814
2548 255 3306
814 2760 3519
2489 390 515
1222 53 3312
677 1897 1325
2509 734 3438
2780 599 2456
1362 1121 3141
2069 2424 2439
2004 890 3450
2659 1451 1585
1150 419 4453
1613 786 255
2832 1696 1045
138 1179 4111
2867 27 3769
268 1567 3876
596 1659 746
482 1020 295
900 1379 477
2332 864 4114
1907 1024 4311
535 1386 2132
2297 1213 1773
1010 1076 3615
558 2154 507
845 2413 1685
865 449 4063
2139 1018 3837
318 1222 4143
288 2096 2133
500 916 3760
2464 1088 304
268 2529 2557
2037 737 2109
1106 1847 144
211 2559 1871
1472 1350 1785
729 1640 3762
1951 2322 3109
701 78 4003
2842 334 3341
1703 347 943
764 1536 2911
794 1140 3319
133 2472 3246
589 6 3200
1870 931 2032
1426 2601 204
282 960 3812
1208 1601 2916
2809 1904 3032
2813 2471 127
1781 498 3568
2545 2412 3907
1537 2727 2903
1395 1232 428
2231 1524 654
1742 1588 2634
2177 587 2472
2513 758 3478
2037 1688 445
2331 996 3353
1116 564 1973
1792 19 700
391 66 3308
763 2817 1662
1501 108 583
2881 2630 2148
2699 1179 265
1859 977 3043
873 2587 2502
2409 2559 4326
567 1339 1188
293 159 3616
633 751 4168
1167 587 995
2494 2720 57
1406 505 527
2656 2709 3282
369 1081 4192
2478 2075 3729
2519 1494 859
619 1082 3881
2187 2315 1762
1915 2195 1725
83 1177 1711
992 297 4360
1122 2284 4398
1967 1629 1706
79 2142 3880
569 2414 1875
1346 928 4120
2471 689 599
1107 207 2841
1592 2732 823
2745 376 626
1344 1436 1560
244 1549 3132
2627 170 510
690 1242 3988
215 1477 2193
1680 782 352
255 2479 1170
2588 1240 2521
2661 2148 3386
2343 2136 1175
595 2084 3641
1576 2018 3891
2023 593 1884
504 2348 4067
1170 2016 4231
955 2839 246
769 38 3873
318 158 2398
1791 2741 3231
1513 1698 2194
2368 221 3256
1462 1149 55
2304 1674 680
1964 623 1332
1421 1465 1643
1183 2087 1986
2811 438 2499
2467 2572 948
2308 533 2748
2824 2146 2954
767 2904 1552
685 912 2341
2900 462 949
608 1202 3062
2536 37 3253
1972 1974 2510
494 304 4107
1901 1479 333
2476 462 1587
2345 1221 2991
1698 2503 2141
2707 1201 1413
1987 403 2521
1727 521 3481
788 2793 352
2887 2220 4430
1946 668 624
524 2525 2412
919 1055 1934
1353 150 2401
1080 498 2297
2074 6 480
1005 1845 1728
766 111 1240
2393 165 1394
1366 963 2756
2488 2064 287
460 2262 2211
2341 2361 271
1569 1371 2181
775 660 4411
2844 1984 2744
450 1010 460
1038 2624 3765
1070 2678 2491
1654 707 1171
1816 2533 1723
2437 1106 46
2552 260 638
467 806 2787
1775 1224 1103
730 1743 4448
1557 1390 389
362 1163 921
149 2402 902
847 738 847
704 2712 957
1405 590 3292
2784 1352 1040
1521 1447 4021
2552 2427 72
2139 2883 3330
1203 513 3625
1656 2728 2065
1392 2524 2445
729 1302 653
408 208 3830
856 2665 1667
89 2858 3559
281 1744 4018
884 1453 1519
2045 2254 4038
656 916 411
1816 2443 2859
942 509 4106
1521 473 3363
2053 828 43
1997 2668 1387
2374 2799 1854
2004 1344 3717
2074 2231 3436
773 481 894
2347 2435 2774
2205 2512 2817
1492 906 2518
1863 2443 1971
2556 2789 3568
796 2277 2576
1130 1142 2304
455 1916 292
856 2511 3707
1722 1989 4163
801 1419 2967
937 1368 1623
1680 1097 890
470 495 7
2161 874 3650
2111 946 1108
129 2256 2008
608 2029 658
2222 654 1471
2278 881 406
1874 1245 4121
322 385 3977
1361 363 3264
1931 2744 2479
1324 1418 4385
2898 2201 2216
393 2092 3291
2846 1436 3067
1318 686 3319
2068 2784 46
369 1543 61
1504 2903 43
904 2094 440
1326 720 3960
1012 1988 1855
665 1598 2799
2393 1610 1738
1298 1469 40
1288 531 550
1712 1501 3190
537 2020 2725
908 542 113
1572 1281 2890
2024 1245 1627
428 770 1995
2429 1448 4077
2684 2570 2833
441 721 1162
1656 1496 2602
1063 2563 2199
1407 516 3645
634 163 3445
2588 775 1523
1743 413 2758
2042 2022 645
2781 2578 440
1011 719 3693
447 2359 3197
1965 1646 1714
1398 1425 2930
1094 1196 3031
829 1100 1954
461 781 4365
1852 585 3211
2172 1463 1998
1271 1193 2572
1510 606 1374
1487 1364 158
2114 881 3244
893 2635 2737
1577 2150 3074
458 463 3951
1657 778 807
2820 339 3221
217 2425 1305
2879 490 2107
2781 586 4220
508 869 2902
1958 469 1581
361 1241 2687
697 275 884
1799 865 3731
260 1971 2833
1793 221 4280
1796 1507 2957
1826 1917 191
890 2688 3442
2461 1997 1784
2126 1039 1645
1811 1165 1390
1000 2501 2741
2314 912 4358
46 714 3154
2077 448 3362
2521 2383 2396
956 244 3741
714 1855 3632
455 1777 2845
157 1466 3924
1734 1718 3058
2889 1009 31
2394 1308 1238
1349 2228 4111
126 1612 2796
939 2701 3811
678 2236 1862
1054 705 2272
217 1823 59
80 1902 1894
177 2726 3470
2172 985 1509
37 2609 700
1519 2399 2776
2768 1953 625
1103 163 3833
1637 2248 3817
2597 2440 3639
1852 1312 1683
851 189 874
1839 411 508
1096 2506 2366
1620 837 452
2596 2838 2762
2033 2678 2451
1594 1495 161
594 376 1754
2302 1982 67
2789 1715 2311
1230 1014 1680
558 2553 1146
2844 506 3694
2351 167 3911
706 916 3237
1119 1008 3031
410 800 1637
2214 80 2436
1645 174 2250
2288 750 414
2140 365 3194
2683 928 1908
529 1003 2539
2345 967 1587
2411 1440 1476
2850 1211 72
108 289 1304
2530 1062 3343
99 2030 1684
259 2104 2168
1649 952 4330
2682 668 727
1658 1879 3152
1683 166 2926
915 420 230
2563 1685 710
2457 176 3555
636 1946 2684
9 1883 136
1695 1375 2992
1537 2577 2322
127 317 3887
952 1903 2646
1093 159 323
1090 2723 2591
1209 715 4475
1893 2893 3400
2001 2636 1521
2216 1430 84
1531 2313 1632
330 2202 1999
730 2213 2446
1274 2531 1820
534 567 1973
226 616 3317
278 368 3955
2497 1015 3536
26 147 359
1792 1993 4333
482 2823 3707
2071 2741 1922
1083 2893 2058
957 2509 268
1915 213 2091
2689 2261 149
1352 2634 2207
2893 877 2128
1839 2669 4467
1800 453 3733
2606 1174 4255
1750 2838 2360
1152 2263 2214
1804 1664 468
884 2061 2158
524 1881 442
2073 1318 46
1182 2151 1860
393 1714 3528
1992 1709 2763
2603 57 201
614 2770 120
586 2603 3841
1623 1229 25
1647 2500 408
963 381 3964
340 2491 4
2060 1660 3549
2118 367 2826
156 1656 2611
818 2898 4285
598 255 2678
1939 2056 1105
980 2025 1697
447 2632 2743
2506 1265 3163
326 2063 1587
2056 996 4074
1624 948 2776
974 1001 3720
2875 894 4276
2163 973 297
409 2369 4443
441 906 3279
2134 1659 4102
1535 1237 2248
1905 559 4259
1044 2735 1951
464 2419 1255
1412 1076 3668
1648 2774 4432
1734 1450 1499
1720 2476 1042
2157 2285 1390
724 1653 608
2180 2032 3607
1081 1764 109
1508 244 2421
2449 36 3415
487 2496 1364
852 1469 1525
1381 2734 966
68 2691 3086
2175 1037 918
1023 83 1786
1580 2664 531
400 2320 882
510 1284 546
1537 1630 994
301 2596 2823
2359 1180 4175
2311 2109 1599
1412 665 1183
586 1017 3627
600 898 4452
1117 1383 621
376 890 431
1963 1183 3323
161 1214 1680
1122 635 2392
519 746 2489
1550 1194 43
384 2157 2171
2761 610 728
1857 734 2913
2044 2754 4449
2806 931 472
2205 577 2638
1599 2895 4369
1826 874 2610
1148 1063 1333
896 1786 2693
145 981 4313
858 2634 519
1143 2557 208
2440 331 3626
1217 2309 501
2216 1872 2393
94 1112 3597
658 1708 4276
2391 2558 659
2817 637 3371
773 675 1096
2787 787 2161
264 2842 3384
2884 586 2933
1869 1013 162
1822 807 3620
2227 1026 4456
2453 555 2921
1266 675 3842
2889 2781 1219
301 1439 392
157 1617 3468
2247 1093 721
128 2279 4384
1685 1492 3728
2354 707 989
805 1024 2710
1640 1609 253
1109 1655 3734
1735 2532 1299
1296 1463 93
370 313 2403
1366 2419 2875
372 2227 1528
13 1632 753
1803 848 1303
88 1859 2346
2137 2267 4020
479 173 1914
2751 1812 2371
592 2001 895
1471 308 522
2134 834 3679
2213 345 1382
1238 1034 4407
2613 16 670
1094 825 1645
508 1273 3055
427 714 2213
1331 1777 3163
2802 1901 2903
186 91 3673
2862 404 1559
2251 1388 3478
2153 2 3443
1995 1477 1432
2532 266 2744
2500 1465 3569
1487 1076 1417
501 818 2841
523 1305 3588
621 2398 3816
2675 1874 630
1605 416 4004
1348 1852 40
244 2610 2806
183 59 3788
2701 1356 2862
2581 1327 2757
2268 1217 215
1094 2138 145
400 1293 3996
596 2096 2876
1419 1574 746
1989 5 3309
1850 2016 4228
1001 433 3299
1955 1021 1020
920 1788 463
1402 1851 85
346 82 2697
2564 548 1942
2051 2341 2854
690 1569 2305
950 278 1344
2068 2356 3616
1729 404 1444
368 1917 2937
1046 2286 4379
614 1297 529
314 1476 3692
2630 580 4075
195 363 974
1618 1999 1879
2581 2647 2321
1794 2276 3108
2740 2447 3050
2339 2106 2364
2591 641 1146
2246 2045 1830
1534 1220 2452
1312 2812 1880
1934 495 3611
1844 2168 452
542 681 3970
510 222 3509
821 137 4450
1422 347 4184
2549 1579 1008
1347 514 2990
1090 2594 4383
113 2476 3975
1864 2331 1025
1043 2057 2672
1042 791 34
2758 1961 4231
1829 2482 3363
1412 1317 3025
1929 1645 978
2277 1724 54
2644 1104 3486
175 2034 3508
2410 562 685
1087 2739 3183
438 2782 1012
1913 2812 1227
477 253 166
1666 2462 4442
2474 2629 640
957 1512 2709
1333 515 1243
2595 1153 1070
173 1551 151
766 1565 1584
1656 1254 3957
1589 981 42
1565 2630 2146
238 120 3271
899 1502 3060
2636 1223 1483
754 130 4422
1770 2451 3808
2094 2421 1837
1003 780 103
1471 674 1502
397 605 3315
1122 423 3007
1288 237 181
2401 877 741
1864 675 2236
2128 1202 2309
561 54 2610
2662 772 1669
1818 607 1755
1125 531 1060
440 447 1013
2824 1477 3403
1321 250 956
2052 241 1108
2156 1387 106
1349 2883 1601
2655 1923 2347
415 1172 1029
1345 1377 3683
2848 1277 3169
1416 2712 431
2717 2696 2165
482 1662 3861
474 1368 3718
1326 2114 2183
2484 2077 1835
1405 2293 3375
1895 1576 3136
2167 2080 2690
962 2781 4246
2782 77 3739
1154 2435 3117
1797 1053 2733
1816 1871 3656
1032 2054 2183
1362 842 3470
2427 726 2751
1271 2350 4348
69 1271 245
2880 2138 704
2659 1307 852
1988 2500 376
2028 317 2329
913 2467 790
1504 473 1456
2671 1575 1124
1996 2259 854
2065 878 889
857 2203 1534
1640 585 4423
1096 2531 3027
1908 1626 321
264 2883 3083
1936 1711 330
350 1177 4369
1867 23 2348
1451 1060 183
1726 1388 1049
2333 995 1792
1977 440 306
739 211 3854
2573 1720 609
588 1811 1388
831 2713 2621
1818 838 1473
1588 2515 3655
1134 2435 2525
2440 2395 817
1291 129 1315
2750 1513 4192
1142 833 3803
466 1237 687
43 1340 3765
2773 1557 3418
2432 2697 3075
1420 1571 197
1269 378 4475
806 2311 3030
2544 2480 722
952 2615 2872
727 2275 4285
2287 2869 1510
2435 1595 3422
565 1396 3665
1941 1153 3276
2095 2088 4261
337 1691 2560
2164 2893 1474
2509 2640 4425
2486 1768 4253
2587 846 2316
2302 2351 1265
1464 2607 3831
636 345 4031
346 476 696
375 1826 4407
2212 301 3931
1875 2276 4294
649 1271 343
2596 462 3277
2892 1377 2159
375 2452 2641
507 127 1115
2116 1054 2076
1898 387 1773
2438 2215 3391
1024 2904 2554
1196 1461 2198
592 1724 1150
2706 2355 610
2171 1150 2536
537 1178 1828
2266 2659 1471
394 1381 3391
1760 492 4363
130 2062 1447
2570 1489 616
834 2135 540
2536 2875 3778
2572 1355 906
894 985 3001
1572 1919 3437
1904 1583 746
738 1452 1377
1479 90 190
640 2583 720
487 1157 3123
2437 1376 1099
216 162 4222
1631 1301 2176
1989 2000 4369
1934 2020 2509
224 2604 3806
2633 2133 2553
2824 2876 128
705 2412 2623
2334 1221 2422
2112 1124 2916
790 2672 3505
543 1617 413
1662 1588 3610
471 797 4130
2113 1463 1608
1450 1747 2724
2460 2715 1612
2689 2829 987
2104 2607 2865
1092 2546 3898
2305 763 2269
1012 1655 518
902 1657 4348
985 2704 3819
1754 132 1767
906 1816 4287
2602 2587 395
1198 23 1306
832 551 659
1200 552 2260
2085 2561 1152
1058 1955 611
2525 1027 835
88 874 4258
1804 104 154
1045 2729 2412
2275 273 2452
773 1558 175
1585 682 1767
570 1179 1381
1875 1603 952
1541 2238 105
2744 240 3176
314 982 1410
2771 2850 2337
62 792 3861
1841 2036 3106
292 345 4312
721 877 593
1334 1635 1739
1322 697 2237
860 1634 2412
1522 2562 4154
27 2470 1651
2258 695 4416
676 2110 1854
260 725 950
2522 1836 2570
491 456 2854
451 995 2749
2673 1022 451
64 2465 589
2027 926 4199
1824 1027 3024
841 21 2351
603 2156 1581
1133 1076 463
2526 2211 3928
1465 1327 3838
2328 1932 3871
255 149 4451
1384 2241 2047
2166 2720 3276
1368 1375 4175
1789 1410 2333
1619 2599 1925
139 2441 1006
1433 2527 2122
2575 2029 3291
272 440 1923
1360 511 1483
1678 573 1574
1268 557 3747
2814 2700 1772
713 805 1813
947 1465 4436
528 84 1617
2187 286 1738
703 486 695
1404 837 1083
2293 1946 3715
735 2247 2514
1866 1103 2739
525 2018 2586
477 1326 1495
1712 2280 3512
755 368 300
2750 1203 3637
624 1750 3038
1593 2518 844
1461 1627 4306
273 1572 2501
1451 97 4100
1311 352 2362
2458 2617 2575
614 381 312
2298 361 354
657 2303 4173
1862 1358 4200
164 543 153
446 1672 4174
1975 2703 4251
1215 202 2467
1957 2082 358
962 2571 4467
1636 2302 1335
1273 1715 1077
1635 2566 3270
305 2606 2374
1380 1214 3980
768 2268 782
1538 813 4427
2191 1701 3121
2570 800 2089
2223 1926 3229
1995 2576 636
697 897 1390
1688 182 1777
900 1056 3302
2781 1150 404
368 2074 3769
2837 207 2481
36 1606 1731
1370 2533 885
1612 187 3583
2104 1526 2962
63 1247 2674
735 828 2160
2124 108 4480
2308 516 4337
503 1208 3864
1236 931 3219
363 1540 148
2348 332 1759
1038 2383 1690
762 893 566
630 985 363
315 767 2310
136 997 4452
2469 2707 612
576 2153 4381
2333 1512 342
1998 1830 994
357 1412 954
467 1657 2793
678 426 4051
1686 337 2117
415 2547 2322
2561 2166 2490
664 2732 3481
2308 214 2734
1950 265 3607
1360 1193 2308
543 2504 853
2312 79 4419
2073 417 3954
1610 1201 1433
533 733 1199
2837 1820 1407
229 34 1137
1627 391 372
56 1546 1523
2352 1858 1244
1772 323 875
1340 2357 2319
1149 1931 4263
2732 2523 4482
2793 2547 407
831 2554 1036
1992 1738 1757
1055 214 1969
1448 1288 2649
1060 569 2185
2521 1950 1287
384 969 303
921 788 457
1351 1569 2174
317 517 3582
1256 2521 1519
1449 550 369
836 74 4054
2025 2532 565
1489 632 1958
2313 1794 1135
1926 100 1155
1643 2137 2349
2483 2751 64
2810 2205 331
79 551 3844
929 1952 2555
297 1877 3559
1625 2757 3453
598 138 450
301 649 1923
1062 919 2819
592 121 478
2024 2494 3568
1607 116 3629
2699 1567 2843
1955 535 2000
2651 616 3608
1635 1904 4267
914 1404 3488
2453 2366 4223
2093 1911 991
631 2727 2368
1302 572 3680
2071 929 1722
1563 1890 2468
11 2283 3940
1235 1924 3428
840 1188 1177
2566 1543 1878
28 836 2609
193 2633 1645
660 2398 1563
1058 2894 2245
2708 391 1679
516 1988 1892
409 468 401
1477 2870 4334
2179 2467 4360
1445 2232 3743
1112 1779 4452
2851 1875 1072
1272 865 2140
2511 1192 505
930 822 2037
461 2174 1004
1618 2220 2246
461 2791 2158
952 2600 3429
2049 2084 2332
2690 2243 2527
2691 2327 3443
1001 2410 1086
1154 1594 3665
416 2541 3510
2048 200 3408
2444 754 2424
2172 1296 2654
1602 2508 598
555 39 956
1580 392 588
2565 581 2001
2472 1007 953
1283 1516 1728
1599 2414 1390
278 1763 3292
1132 1842 2124
351 2325 3676
1768 1891 560
2715 2094 80
1702 405 470
743 364 577
414 237 821
2153 1015 1242
1321 539 2763
1730 2390 2560
1057 900 2608
79 229 902
845 133 1482
1160 2528 66
2304 943 1081
2270 187 722
994 966 2125
333 1891 2391
213 483 883
564 870 4107
2018 1775 15
972 2841 3174
974 2073 3931
815 910 1567
1168 1677 2993
1638 1008 2583
929 1336 3570
669 105 1629
2393 650 3993
1180 1390 112
932 324 3099
322 1364 353
1434 104 986
1355 2250 3675
2295 2076 1668
523 1973 2748
605 1821 2429
2542 1320 1360
2866 1445 2582
2459 435 1394
388 2022 3910
2557 57 3288
1725 9 2577
2842 387 2006
1003 827 3808
519 2840 3113
2584 2290 2478
792 1529 1415
712 2541 1260
471 1061 1181
2675 1456 2545
53 2609 2618
2062 2787 3612
1543 1409 4014
1637 126 1174
576 2882 759
677 1516 1766
413 1508 1541
355 713 3232
1095 1428 2186
1882 206 3213
1345 2544 4159
754 1355 1047
296 1421 4123
1641 1686 3208
691 2516 1676
98 2240 2787
2248 1090 1984
137 1332 824
1475 1463 558
2884 945 2498
2368 908 3025
2287 2144 4359
2191 1394 1996
543 2479 3399
1661 2317 848
2093 746 1273
616 1621 2767
2463 1624 4308
53 1570 2811
1859 1322 1199
644 2033 2040
2290 2778 554
1611 2702 2614
1783 1741 1481
840 1232 2433
1069 1342 559
1766 2318 288
2377 2707 3952
2046 1788 1192
682 937 2181
745 2316 769
1770 235 1212
2470 332 696
1655 759 1077
269 1451 903
91 410 218
756 2655 3742
27 1415 634
790 1385 7
1424 1071 1451
522 2643 163
1682 1686 3555
2060 755 2899
1720 637 2777
2602 2678 3018
1298 1433 2173
2368 2422 1807
1674 988 622
2619 736 181
891 1589 1995
711 2502 1963
808 1894 3657
977 924 1841
1592 529 1277
2371 880 4395
2717 2351 1250
939 1607 1746
1488 323 1113
1833 1478 2218
1091 40 446
2638 1338 1263
1108 1302 1229
154 2074 3012
783 1721 1051
2423 584 75
1379 717 1461
48 2278 4030
367 2114 4276
1578 755 3460
1060 1329 965
699 1342 3309
1079 2576 4197
1552 401 4263
2180 398 1572
1594 795 1751
1882 221 3287
1265 1707 2778
2132 2520 2178
1410 2437 2789
54 1053 4217
2806 238 4289
1344 854 2271
706 2575 2414
230 1146 3327
1883 68 1911
980 2625 4082
2261 1839 2176
39 1143 4051
1425 469 873
2851 1129 2898
339 879 1532
1664 1974 3814
1108 2225 3813
1483 167 3089
2538 2664 2424
2601 1024 2608
922 2369 436
31 641 1676
1675 490 204
130 659 362
1097 1016 4129
1181 1803 3458
1106 2594 814
331 1796 3568
1792 2078 418
1755 1889 1938
115 1422 2721
325 1902 3985
2829 2768 2321
879 1882 3117
2677 2555 2848
1587 278 3497
1001 2608 3361
1412 1298 754
517 2621 663
2894 2221 2827
1110 596 3092
935 1175 1596
1889 836 3186
679 2152 713
1327 562 3722
700 1678 3476
176 2779 3584
1358 1047 1976
2146 2150 253
1376 2620 2157
1391 1210 1123
638 882 927
2129 26 2672
728 2651 4175
1783 793 855
1282 935 812
1517 659 1443
1442 1973 2896
1724 1068 871
2498 655 602
699 2668 42
2752 2900 3156
1625 1400 890
368 944 2156
2661 777 4376
1365 2226 1423
2323 1499 603
1242 1421 977
2744 339 1009
2492 106 2032
1485 1774 1271
506 2727 1404
203 2816 3040
2733 2105 717
2182 1176 1836
1312 1549 260
1421 564 1161
845 1440 3054
1102 2384 2040
941 2523 2080
1628 2710 3513
374 1386 1799
2862 1740 3331
709 1471 2233
2538 833 2397
912 277 1200
1617 563 4228
2738 2643 3407
2809 2901 3981
1900 2775 2549
124 1056 3324
1771 1868 3732
1456 2017 1082
1433 915 921
1919 457 2103
2643 1223 1532
390 1745 1159
1302 1549 4069
886 2291 1647
945 84 1166
985 1569 705
929 1633 2326
2546 1188 2815
1982 1969 3151
2878 2785 2965
1640 1159 2146
2703 1012 1044
1122 47 535
1837 1603 1440
1647 1064 978
1081 290 4215
1904 1174 3848
2756 1327 2615
2071 2806 4397
270 1438 2764
2746 2528 3398
1958 863 1053
598 977 3597
821 62 4480
1625 581 2266
1226 88 1055
747 1324 2119
1094 2830 1383
1557 1633 1723
1073 946 1052
2731 2325 684
154 778 1346
1858 64 397
2159 714 3509
1447 2216 4278
1477 852 4016
795 188 2329
2739 2768 3819
383 643 184
2634 510 4272
1372 2903 3748
1388 2355 1042
1669 824 2863
216 1658 2219
2744 1732 1650
1575 1514 343
308 1022 3955
2028 228 2271
209 1260 4286
1007 1840 2756
648 113 2571
2531 601 3082
2331 2455 4419
2438 2030 3012
1914 1187 54
1569 14 2675
2376 38 1669
1321 1155 3068
1248 761 3777
2738 504 2907
2676 1332 4169
2559 712 4362
1394 2328 1368
2859 1305 2009
1631 2187 3897
1096 320 942
978 2481 4105
1545 1463 4324
534 1122 2247
1157 2553 3016
836 362 1010
2658 2770 2175
280 305 1311
2843 1414 2264
386 126 1015
2893 466 2834
2495 216 934
764 685 2987
2231 251 3321
1817 1459 2181
742 2615 1911
774 412 4408
68 921 2799
1835 2344 1439
2457 1355 2967
2362 1892 1239
2654 1803 2574
2607 1868 430
2058 857 1310
108 50 1796
2181 1294 2944
1431 1480 3964
1628 590 1331
441 2686 1899
2434 2752 1312
2661 2014 2676
1932 2127 2260
85 939 1301
2587 758 2999
314 2665 1105
2424 654 1540
421 2898 3965
2517 927 2029
262 1166 2964
2308 2460 3205
470 160 4029
474 1459 2409
1335 2519 2976
904 2861 2129
2394 2250 1821
1296 1455 4480
2150 2197 1447
2398 2705 1732
1277 2796 1564
731 801 2502
1551 1062 3472
1164 2731 3690
2543 2287 2860
2903 587 780
2270 1990 556
238 2734 2594
2535 1162 1664
176 239 1966
2147 1359 650
2528 959 4259
2268 140 484
2096 1156 3585
487 243 3585
1000 807 359
2032 1966 3261
218 2365 3083
2427 989 1101
722 1429 538
2643 2884 3160
2422 1400 4057
725 2112 2687
2667 1712 2763
805 1471 2008
185 1446 3342
612 541 1813
124 279 835
1842 2677 176
2824 846 1458
1973 1891 4093
1232 1986 1802
640 2690 3961
2825 149 1649
511 130 3192
2346 2733 937
94 2513 3765
2085 2875 461
1030 1988 2141
1064 1154 72
1019 819 488
805 510 760
2161 308 3930
2005 2160 1777
1073 1352 1376
950 1923 3607
1621 139 1342
48 1816 4115
2673 2173 3811
2408 1245 3040
2025 65 4159
2164 1035 255
1226 1774 2335
1177 636 3460
989 1088 2137
2726 1577 1627
483 2282 1835
483 906 4326
2255 839 3922
1751 987 4303
1282 242 2951
1095 799 1462
2089 2402 3236
2007 2866 1375
1619 860 543
1010 1550 2936
490 811 1528
1626 2239 4249
2546 237 2126
1199 1272 4456
1404 899 2026
1805 2753 2227
1401 815 3251
2205 1902 1452
103 969 1083
2616 1214 1855
907 1799 3621
1886 1293 2811
2171 1203 4446
1980 1781 3963
1387 2897 686
740 2426 2764
1274 85 3435
2476 1919 109
1923 24 295
2208 2847 3988
39 1134 154
988 698 2064
123 1779 1061
1308 371 2263
1886 1634 3376
446 1693 1315
1259 2404 3460
15 743 1951
1445 2498 275
2617 2268 1289
547 807 953
1746 823 2575
740 2616 3551
1268 959 3505
462 278 945
1671 2559 3243
2655 2351 2055
1463 194 3525
1491 173 1283
519 778 831
15 2082 3164
2496 227 1550
422 1284 844
1624 1583 2978
80 1332 823
238 1991 525
2885 117 1507
851 2188 2656
893 2471 1967
21 2758 3633
972 1745 2609
1408 1505 4064
525 2451 3891
153 2888 3454
167 65 3778
1691 2596 259
855 618 2959
159 1647 1220
145 876 1556
1932 1817 2662
2383 661 955
1213 1003 3391
1511 2621 3170
752 725 442
1713 1828 599
1247 1291 1822
2107 2509 4117
5 2232 4431
440 2094 3882
1507 2694 2425
2297 577 903
2817 1757 3779
1348 414 3557
1488 378 2456
2841 646 439
995 1441 1652
299 2645 2518
355 1093 4010
887 2047 1567
463 2477 2507
2516 2281 3387
2297 672 4259
1386 1748 2208
295 2637 4231
112 150 4408
2489 240 4291
1898 951 2450
2111 910 1582
2024 805 1775
2346 2215 196
1462 1936 4186
269 1494 2682
299 416 3412
78 1567 2448
1735 1211 467
2856 283 3490
2124 2827 2409
2122 441 3447
40 2504 2021
90 1673 1826
1334 482 1509
1546 2826 210
1393 812 2798
1370 2638 570
423 70 1307
1882 244 2438
1300 1341 135
2772 248 1538
1454 1248 2720
1260 1900 594
805 2459 1142
731 309 3908
1098 1466 4310
2021 2094 1920
1393 27 1805
1047 2582 3613
1340 110 1101
2089 405 2236
2726 1115 568
419 1146 1447
54 1408 3111
982 529 2980
498 947 2314
2160 408 489
316 1748 572
426 849 202
1179 2833 920
1587 451 3600
1208 2350 3711
2260 1032 4328
791 1225 425
2326 1591 2689
2899 270 2832
2770 426 1245
1479 1405 954
1321 1443 1425
1942 2254 1536
162 1502 3567
1187 345 308
2651 1863 3532
2893 1127 3685
1991 376 850
1402 2268 1275
1315 1528 4036
286 2838 2074
1585 2093 4416
1282 1695 2221
67 2427 711
2905 2445 378
1471 1731 167
266 2015 2423
1489 908 2098
974 1104 3967
1330 1305 2164
1666 2679 2950
1795 1556 4135
538 335 883
1544 1450 1080
2270 1035 1666
899 1739 2608
1622 941 419
643 945 3524
1302 740 1927
490 56 269
1362 1825 2245
493 52 3243
1254 1216 3434
336 2383 1638
257 2863 3175
242 1842 2038
1716 2460 4211
367 386 3767
2750 1264 164
1286 970 1019
2214 2083 4204
919 302 2166
1160 2563 2719
1224 2130 3829
1118 69 4137
938 2497 2610
2047 1025 4290
1541 511 813
1548 1187 2343
2428 2674 2246
1160 2556 4259
1036 188 1879
1970 2301 2867
2408 1591 2267
2458 440 1032
1199 460 2213
2742 1680 2023
1335 1911 4403
605 1506 143
1265 313 1449
1017 1401 2180
219 2902 4404
388 1973 2541
975 341 1983
1271 572 1760
1294 1799 267
2292 1756 108
1752 2452 1609
1644 105 3935
286 2583 2410
1115 347 3124
1210 2775 3768
1985 919 4424
635 390 881
2827 2077 2409
994 1122 967
19 2617 2635
135 2706 661
651 1105 1925
2779 972 2762
1986 3 2190
1578 1560 143
2565 100 3278
1913 2199 1199
2899 186 2865
2458 2668 734
1149 201 808
2714 1030 1115
1921 1584 3532
2339 1290 1318
560 1087 3194
219 150 1855
2337 1596 2003
2249 1749 1858
2580 2779 2927
788 2394 2693
2516 1443 466
837 1955 3382
1538 1814 352
1066 169 4033
573 2133 1040
946 1389 2652
2026 738 2608
864 988 3544
284 137 3054
1354 2061 963
2512 2719 602
2416 1855 18
2400 2096 1281
1037 1864 435
1224 45 2899
2883 953 1616
1440 2530 266
1246 2615 3760
766 475 2841
120 2176 1352
441 1754 2775
1951 2666 3494
1863 341 2367
2495 2648 4322
2388 1767 1948
1949 1362 2553
1519 1645 4098
1474 792 834
565 2265 3552
432 1375 105
2555 499 551
1588 108 2912
1057 2317 3044
398 2272 946
2514 1743 669
985 2492 71
1402 798 4297
1426 501 3601
1207 1457 1618
2302 2568 1416
626 746 4258
2238 303 3927
937 2483 3135
745 1099 986
25 297 714
1774 852 1256
998 1840 3605
2875 2081 1896
1338 148 3274
1544 933 3816
2091 1737 2
1028 2857 898
86 1186 3617
93 121 4213
1553 609 2447
2109 421 653
1845 1998 264
177 126 3398
1449 205 2797
335 1965 3040
2652 238 3392
2715 2681 2957
2081 2686 1522
97 1305 862
694 2685 1934
2132 1394 955
1666 2009 669
2489 1493 2446
2199 2276 4353
1288 8 4056
1016 1434 2827
1474 962 3754
311 52 3183
1141 2157 119
721 428 2904
1066 1853 733
335 1657 1099
1163 571 3185
1221 1475 2869
1695 1890 3639
2284 2157 764
2187 1682 1282
2044 1518 1530
588 768 2208
931 234 4257
1677 2733 284
394 2689 3543
247 2431 4239
1332 1885 2747
2592 925 4350
2136 1075 3151
1530 1561 479
886 876 3583
957 2363 4399
435 1058 4123
1666 1395 1411
1367 1900 1969
1718 1004 888
1770 2677 1248
1121 654 706
1164 544 2341
1260 2501 1205
239 2191 292
1524 2310 3256
675 470 1008
2453 1075 633
200 2502 1581
1841 2330 2824
2454 176 3407
1562 524 3554
2135 2298 2622
607 2506 2017
28 479 4291
2840 658 1357
247 2014 3814
21 1626 36
1669 773 3523
511 1260 2665
722 998 147
567 301 2710
1081 116 3552
2105 365 1407
2372 1225 1757
357 160 42
2712 2218 1198
2156 520 791
1653 2586 3032
1672 2713 2123
1712 2609 2240
1741 1550 3208
2466 893 4077
342 2226 1797
1124 1730 768
295 1352 3155
2247 561 3724
2663 2247 3687
1394 992 290
2366 1171 2031
902 1838 907
655 2351 1901
1979 329 1674
420 169 661
962 968 2318
1101 689 1516
3 1554 2555
647 595 2407
2135 290 1231
1534 408 4370
2739 172 3173
897 2095 896
1837 1512 1924
1702 613 4480
355 1325 2115
943 2331 4203
1911 2763 695
1254 1255 1845
2173 413 4168
1635 2316 3645
1495 826 435
880 2223 2134
2332 2074 1209
1568 167 2426
2339 958 3971
1837 1306 2807
760 103 2318
359 2274 772
1432 2688 2390
2671 2116 4289
2366 725 1076
1895 2478 1105
2174 732 865
639 1147 1739
2611 603 1039
812 2143 3684
1954 2386 2721
2579 451 1648
1067 2062 836
289 1966 3647
72 1780 871
610 1671 1829
1257 2364 446
1501 2734 160
2490 2840 3008
165 399 311
2376 2368 4091
242 2047 3019
1891 1122 2111
2330 1971 2339
2845 417 3022
1865 2027 2737
948 876 4243
590 2032 4084
1350 142 3928
2031 2770 2863
2365 1925 379
857 521 3143
183 2056 3460
1772 226 970
1147 7 1300
2350 565 662
2049 2755 830
1969 547 908
2464 1689 804
113 462 3272
2310 2436 3714
1610 1625 1519
589 1106 719
1450 2015 92
1352 1136 2606
2474 1800 2054
2449 1334 2567
1583 862 826
657 1309 1340
1260 615 778
2031 2530 195
1623 1795 1813
1882 1832 3301
2061 2667 4415
257 880 738
1245 334 1501
669 2002 2480
1149 1397 2392
881 123 2381
1020 2774 999
1501 1973 4433
2785 611 1523
288 1259 266
2684 2215 2229
1439 1357 4089
2201 1411 2530
2049 772 780
2645 1654 88
1387 1763 2556
2809 2402 4430
1458 73 3918
732 1039 3611
1660 466 4198
211 1414 4379
1941 57 4289
921 1624 1445
1882 2786 3685
1843 2449 3864
624 511 2704
1235 1870 597
346 2783 2500
317 960 2693
1273 540 4359
2607 237 1787
1602 1345 315
1072 1359 4109
410 1485 4285
514 2230 3309
794 1400 499
643 1524 1581
2365 1747 924
2892 563 1064
2473 704 3591
929 2178 3247
1567 1784 154
818 2004 1077
2043 375 2543
2066 499 2456
2755 580 2703
1007 1986 2171
982 2050 3095
2175 628 3726
285 831 1147
290 1789 4200
1483 2085 1136
225 2733 1985
1564 2182 2436
17 1336 397
1030 2856 1700
2720 2323 169
2052 2600 2140
1927 1517 3612
2782 2540 735
2777 2572 3784
549 2380 3142
2361 1777 2135
2851 1004 3190
203 574 3973
2262 552 3349
1479 862 6
2125 1841 187
2731 2617 3336
1360 771 3486
2786 2324 2455
2710 524 11
2004 1499 3542
1230 2865 2827
1503 844 3803
1378 2444 598
1642 1652 842
443 2332 1666
1122 2666 259
2772 1303 3161
501 1398 1387
877 1556 2815
1482 422 631
74 2814 2129
472 2667 3015
2509 2287 783
927 2646 2227
2236 1808 3370
1591 2116 569
991 1717 4027
2138 613 6
664 2776 1787
1057 244 2667
2357 2522 1615
2649 1547 881
2282 1015 3468
1562 114 1593
2157 2141 2833
2294 808 4223
2245 2246 2667
1605 2617 4266
253 2061 345
2642 834 1597
1187 640 2081
2206 2158 489
138 587 3640
560 545 954
1248 2520 885
2299 1240 749
2386 188 2440
493 2303 1132
2476 1657 2168
2327 1408 3979
1791 1183 2100
550 1657 3312
1947 760 3117
1380 2565 442
2188 36 150
1634 957 2996
202 381 2875
2146 1715 1891
945 1803 508
11 2752 2141
1690 1901 210
2295 2094 3230
1061 1070 900
1200 1905 857
2240 1278 510
1182 858 2698
394 1450 1467
98 770 2660
64 1103 2091
906 1516 1692
2653 2128 1980
1573 222 2069
1667 930 4266
2047 851 4098
2349 1876 3756
2120 2813 973
2555 2558 4169
870 746 3456
2218 1551 4205
102 1057 1331
1803 1413 1592
1455 2679 356
202 2860 3346
1645 2354 744
1321 9 4176
1346 2894 2943
528 2308 1387
1015 2765 460
2315 2484 2419
1151 2860 2918
1971 1360 915
654 1582 195
2594 2464 811
1982 513 3533
1177 2611 755
1331 2453 2060
2743 2418 1576
1810 18 3670
1452 1186 1918
224 918 2451
1206 1667 1413
2436 576 3739
2278 494 2386
2095 325 1949
1689 97 1429
502 1263 320
1475 1193 1553
1857 1605 3847
749 209 3034
2237 1864 1454
2621 1745 2131
2191 222 1539
2030 651 3311
1442 254 3139
1887 187 1122
1182 2746 2946
1095 1703 3276
2550 2900 3668
2076 1390 541
793 2796 379
1759 940 2531
2748 2370 2564
590 373 506
453 566 709
751 2844 2732
63 2396 3867
1922 2009 3421
329 2763 625
1997 356 1057
347 597 1806
1895 2706 2544
2410 1562 476
2764 84 2962
726 2745 696
1576 431 2173
1409 2308 205
2365 16 3337
375 2521 1079
2134 172 437
2902 1221 2150
1017 2146 1974
1632 1708 2638
2455 1283 4083
752 2063 2328
2423 2459 3783
684 2848 3553
194 121 3931
2763 1459 662
2357 2750 965
2252 1761 56
2280 1549 267
2389 2184 2454
821 2132 500
686 1445 641
2815 1838 1943
1100 2096 1463
1814 1120 806
1618 252 2087
227 1587 96
1067 1873 3682
399 1953 756
607 2425 3997
711 35 1416
1710 995 1235
1106 2087 758
1073 1559 1881
2380 815 3868
545 2428 3596
1717 1922 2884
2604 1370 2897
2249 2697 1311
185 851 531
2295 2182 2837
368 698 2912
2666 2679 397
2893 2442 3519
1695 730 3327
752 21 752
724 1570 2289
1946 1338 4335
1855 286 2835
1684 2345 902
651 2253 2701
72 2 2241
2506 129 1678
2520 2310 4195
180 2027 2726
1453 1680 2524
1666 471 2724
851 81 4167
2193 708 3319
442 64 3694
1758 401 1926
682 1140 2662
2652 407 3451
941 225 3622
461 2520 1915
741 1378 689
499 1333 1908
1313 2362 478
536 1072 736
2904 142 3613
681 1586 3244
1374 1232 1718
2089 925 371
1931 1961 4447
1785 2206 2830
1891 1350 999
1073 1984 2685
886 1160 91
1849 629 1285
1754 414 2977
2329 2486 1754
137 926 1465
169 1053 714
2046 693 429
979 1403 3558
664 2537 2695
2646 312 1796
2111 2505 3933
1433 1195 223
216 442 2590
2212 1112 2661
655 513 3491
1314 1153 4019
648 1893 2533
733 851 2074
229 1428 133
2321 1199 4212
2045 2063 1108
829 735 3470
652 946 3498
777 1437 3545
2088 546 2900
2124 1339 1263
38 28 447
571 132 3062
2353 2255 1553
460 815 2474
2581 2716 3217
2038 820 4152
1023 806 4215
2543 2403 3216
580 706 4099
683 2140 575
2366 846 751
267 1918 575
954 108 122
2708 1956 1588
1676 2029 4476
2856 342 4088
1750 1421 2604
2833 2154 743
244 149 4424
1734 2276 730
979 1879 117
2404 2713 3863
2626 1504 734
1363 2117 501
222 1057 2616
52 1128 2457
1939 1179 2033
2302 1925 3993
2298 2451 71
663 2735 2591
2077 1472 1105
2183 1111 29
2132 693 3842
2795 860 2420
2410 2183 3326
1778 1449 1094
2634 1955 3980
1922 2555 2998
1663 698 2430
1384 2313 3218
