1
1212 4970
728 644 3768
968 1012 1690
912 140 4915
62 777 3971
1159 865 1565
171 346 2864
704 688 247
24 734 210
359 1096 832
1078 21 1111
1130 52 4546
384 374 1570
284 333 3245
503 606 4900
53 678 4007
411 734 118
406 42 2569
54 840 1625
119 1203 3259
1135 1013 125
601 347 2965
872 450 2632
758 1046 3440
1036 622 254
430 489 4821
304 305 4556
161 237 3550
623 441 3046
781 773 3972
742 682 4215
1051 1043 2806
58 957 3045
427 623 2227
492 356 1646
398 29 3443
776 807 2507
1188 155 4408
1123 325 332
839 615 1024
860 1068 2770
829 1127 387
506 1185 355
1012 1146 1893
612 710 3142
100 441 729
978 1005 482
588 1068 2980
1151 537 2976
1104 320 988
831 51 2881
484 1212 1502
752 1194 4183
546 1195 1065
230 1111 825
180 1058 3321
154 1145 8
918 1121 1780
537 313 4121
201 714 2469
804 143 4785
592 129 376
1167 876 4841
512 825 600
528 913 2946
324 718 2998
466 1201 2163
378 95 168
1160 249 4214
1102 629 2848
631 28 2022
858 469 828
1054 774 3941
700 164 4634
937 1163 1061
311 867 2327
264 240 2962
299 940 1418
144 412 4761
1074 329 3660
1032 711 914
206 879 1114
471 890 2949
1082 1069 1128
847 1053 1827
276 141 4415
1058 252 3784
490 679 2387
263 112 3902
239 44 3451
248 679 1872
661 361 4735
471 282 4142
391 102 1860
311 699 3514
427 1151 2578
796 1028 3108
270 214 583
999 970 229
488 240 2595
555 779 2896
389 613 4728
554 890 4563
691 622 1132
429 394 4242
860 1072 4428
909 255 864
873 453 3956
623 115 1577
1 27 3532
830 957 2169
315 599 1339
827 494 1389
555 277 4146
878 817 3456
460 939 4339
1087 64 49
438 400 4276
809 341 4614
1046 421 288
353 77 879
900 493 3255
950 710 3402
924 975 70
1081 201 1436
741 801 1638
1110 620 1174
303 889 813
209 425 494
38 841 4895
289 1175 1037
247 634 2301
619 368 895
364 433 3163
700 731 2362
1109 803 1392
186 267 2372
139 1033 2621
1010 391 67
1176 238 3613
1050 174 4189
75 799 14
431 1060 4690
604 483 2670
844 812 3169
1100 1156 3589
1073 825 3309
898 182 2773
838 656 3253
786 801 3311
1135 545 3003
248 1084 4209
359 703 2703
100 696 4886
1081 886 1464
592 667 1290
67 902 1609
897 494 1974
230 221 4087
977 868 3639
1011 145 4287
1009 1153 2441
810 1147 3902
227 24 1586
562 1001 3787
935 332 3185
1000 266 2023
1160 125 602
830 174 2685
198 1187 786
97 269 2996
967 396 2454
415 1142 2124
240 642 4289
515 551 2060
597 1075 4476
247 674 3966
1083 976 1837
56 589 48
931 216 3021
712 363 174
1106 218 624
631 1010 3094
271 27 2832
352 52 2376
740 393 1043
610 556 3894
324 1074 4417
744 312 213
374 457 1071
144 601 2816
972 1065 500
42 273 1637
95 89 908
540 530 4570
105 394 3160
881 1206 1598
712 421 919
198 171 686
209 647 3910
601 1105 2910
693 143 2337
545 877 3984
472 455 3231
614 977 815
585 798 3334
381 260 4039
1031 977 140
320 743 4158
1151 419 3617
297 1205 2848
1074 1210 3761
1103 1063 4172
490 805 3978
1107 971 492
289 392 468
913 459 1950
135 620 1572
554 197 1029
577 308 3459
547 1010 309
751 91 1316
24 465 4232
1183 1144 4166
555 265 1325
1128 729 3839
1089 1078 3287
389 504 2611
591 1001 4097
759 607 3959
464 29 3789
7 1025 1800
871 292 1312
787 590 3992
21 944 2986
1097 92 1837
251 961 210
619 707 2315
633 353 619
198 982 3139
861 932 978
463 290 1002
665 688 1841
1067 786 1776
715 8 4416
1212 512 2501
128 548 1812
1201 874 1754
306 1201 2741
154 886 1665
691 600 343
679 755 2992
192 730 1182
419 558 1876
534 1122 1813
464 818 524
691 780 597
226 441 3956
328 1064 3341
368 683 1662
971 1053 2969
767 122 4199
1062 778 2334
968 868 118
965 649 1689
331 102 2997
581 380 4782
982 104 840
871 197 1533
460 1041 4705
456 563 2185
1113 201 3817
900 757 1741
1028 628 1101
1049 649 721
1111 1104 110
384 1097 744
724 1064 4126
782 154 679
825 599 208
1165 124 1489
62 145 3923
851 231 975
827 778 3067
179 425 3790
318 254 4731
915 538 4757
351 863 4953
149 106 2483
827 685 3362
895 216 4769
851 1181 2266
404 1163 3192
690 806 379
1049 1076 314
787 988 4266
740 753 4563
720 334 2775
955 278 1169
438 65 382
834 343 3924
615 954 3203
1167 674 2554
270 1031 3371
1024 297 3320
849 627 4667
528 129 2457
820 606 2208
415 689 2290
611 238 4856
933 756 1317
665 668 3964
1021 653 4029
776 358 1879
805 459 1856
172 568 4604
1179 30 4614
181 1035 3011
704 577 1687
767 191 3787
960 511 1997
810 88 3931
874 939 481
472 160 1415
1114 383 2898
751 425 778
795 942 2210
486 643 4555
243 224 2917
456 776 2185
878 1060 3344
33 424 2049
1177 683 1071
482 188 3331
1098 353 298
784 1015 4137
1014 206 3552
1066 783 4950
211 1042 1468
1093 157 94
979 315 316
547 730 2289
660 862 2619
424 383 4225
1184 843 1265
801 420 3758
933 764 885
182 529 1861
516 855 4093
131 915 625
708 739 1912
675 117 1863
998 492 1149
1152 363 713
824 179 2833
244 285 3254
282 291 4133
79 1025 1031
1078 66 4694
699 1156 4760
9 1121 1559
1133 333 4948
345 1001 4276
690 1048 3010
233 226 2712
156 557 4678
214 106 702
863 405 108
15 383 3574
795 1055 3474
737 760 2218
116 325 2894
911 420 3189
664 917 4564
637 1107 3175
967 517 3716
258 1060 2312
1176 997 3123
336 57 2064
659 331 12
990 366 1520
842 791 936
418 649 1058
545 150 2012
105 953 838
427 874 2471
1181 1030 3889
650 88 858
881 853 4248
865 231 1941
1136 983 2069
898 188 942
1109 427 849
1191 777 2280
1025 175 2075
244 142 2652
475 1206 882
80 1084 321
1001 513 2574
575 9 1782
90 351 3278
540 1126 2633
1068 1135 346
971 841 1394
1113 69 2887
547 997 993
427 206 1374
516 547 4523
359 395 2858
898 1172 1602
477 673 4701
408 35 768
284 235 1781
1011 891 117
243 192 3359
937 641 4154
478 962 3758
299 1033 858
154 1032 328
592 253 3470
772 84 4369
1024 537 465
851 678 1683
1107 51 730
280 80 2202
716 295 4320
697 571 3487
471 562 1369
427 764 4514
987 1062 3321
31 638 1822
403 1137 2738
297 476 2829
1115 322 2598
288 170 1204
720 1047 2728
415 327 4097
1159 37 1787
1022 134 3840
1173 1077 4791
766 59 474
560 1206 3679
251 777 2311
1144 483 2569
982 605 3309
1193 734 3783
37 378 371
571 729 3371
227 111 544
306 507 4766
1183 480 952
723 146 1163
718 450 2867
549 838 1101
435 812 2281
978 360 4669
1201 965 3173
504 575 1354
922 391 3246
249 793 8
62 410 4192
121 445 2499
713 903 1243
548 462 3603
789 48 718
462 440 317
881 993 1022
945 36 660
484 1038 4052
1148 699 37
473 294 1093
775 820 1546
794 36 3694
373 126 2292
49 603 872
533 372 3077
467 317 4328
324 746 1663
224 385 4361
639 1100 2138
930 1141 2887
893 647 101
1103 1173 3724
900 988 2743
833 1169 4708
824 957 1475
712 101 2071
1069 582 673
364 628 3423
790 738 696
611 493 4801
471 866 2329
1093 196 607
691 1134 4399
823 1114 3630
1188 807 1768
1081 1012 2650
1106 247 4138
517 141 361
191 986 1235
211 97 127
100 353 91
619 1100 4389
920 499 3917
247 669 1501
501 177 1333
79 933 1843
1165 64 3389
514 760 2353
127 1190 2386
81 1095 2914
133 81 70
1092 579 3261
881 261 4893
765 1128 755
1193 1054 1542
407 12 1294
157 26 4089
337 701 3345
268 560 1071
242 14 4392
935 94 116
49 1042 2390
379 1100 550
941 1209 4162
514 1027 4404
638 265 1816
838 746 2981
960 519 1828
1054 479 822
1151 64 4968
220 399 1927
166 281 787
830 880 2081
786 265 2572
1034 879 1534
168 1164 111
758 28 2351
337 352 2173
700 815 3525
767 186 4271
1023 178 4423
19 805 4437
206 613 546
181 287 2480
19 360 2397
988 342 3619
171 1003 1718
636 227 1664
1031 560 3656
837 752 4408
943 1168 19
761 130 1718
677 662 4589
448 564 1615
148 331 4736
1193 637 3173
117 662 3410
410 350 4023
869 202 769
364 370 1100
1009 750 2817
68 500 3429
1098 333 1720
727 488 3310
585 814 1477
186 82 2200
681 262 416
809 269 4789
1182 150 1742
654 109 2717
826 1149 3882
283 35 1156
1196 487 3233
648 1209 3666
898 22 3441
380 169 2349
258 1013 2062
476 1015 4784
132 302 3483
275 72 283
438 452 4520
1038 799 2581
368 292 3719
582 889 1015
690 102 1397
68 875 2614
152 322 2744
881 1194 4422
906 963 1572
937 1102 668
438 478 4690
1046 437 4747
863 1018 2949
308 622 1368
1193 838 408
1075 1209 2203
697 741 1771
1154 759 673
1021 978 899
439 794 3999
1142 925 3655
16 1121 824
701 812 4149
829 884 2798
1119 816 196
343 739 314
127 1127 4311
831 642 3920
505 1169 1812
751 24 1930
53 807 4795
942 174 4019
883 273 1075
1098 343 3355
885 711 799
837 1204 2818
1055 85 1794
38 21 4203
919 1088 1610
1011 998 397
179 814 551
987 965 3709
393 575 1741
540 508 4775
270 877 4128
201 783 539
887 601 620
813 447 2000
514 572 141
217 578 862
763 173 1550
994 250 2269
366 559 364
554 350 3532
979 32 1498
707 381 3308
546 1210 1018
1126 435 1831
470 17 632
931 329 2631
1195 178 2530
338 265 1611
431 1014 1039
523 595 1035
305 181 1648
979 1014 2825
988 903 3338
357 794 1421
391 800 3665
118 1186 478
769 845 3994
779 793 94
37 722 1733
894 299 1798
187 700 1981
1107 557 313
1084 158 1616
83 434 3047
202 780 2745
1096 692 4401
479 1127 4879
1008 465 4436
921 315 3604
488 890 4316
154 821 1607
438 175 3134
657 582 3098
766 649 3570
40 265 560
451 877 3586
61 32 3068
1164 1130 2408
151 1018 27
254 743 1776
283 740 2566
725 395 3802
1177 208 4626
637 172 2002
424 652 3132
461 1085 222
648 1162 2142
366 1023 4769
873 327 3581
1132 123 752
809 378 153
295 312 2724
887 398 4918
725 1174 2389
772 696 322
419 1121 2203
144 453 1684
1089 762 4316
1185 35 103
773 1018 4950
136 174 1829
367 574 2983
838 330 1730
422 215 3526
1 815 2652
704 738 1002
951 461 3174
1072 974 1407
120 621 3654
1148 621 450
687 692 4752
1079 664 321
686 947 359
567 1079 2145
534 482 3254
1187 437 1206
1070 305 518
769 352 779
978 215 4335
571 641 2814
959 66 2135
314 287 4877
330 568 3178
970 755 3385
70 582 2609
619 1056 4515
75 672 3773
937 1196 4267
686 440 4465
832 564 3763
850 1000 625
924 27 1539
170 1088 451
1108 721 746
945 738 2285
68 439 2289
509 538 1408
610 547 5
90 1212 1256
131 162 3717
742 543 4042
534 576 4070
380 777 2682
1197 87 4776
530 749 3652
986 664 2953
1083 806 3468
114 157 1414
737 423 618
689 269 2924
86 400 3995
901 17 831
1011 181 2426
1148 559 1865
517 613 2236
892 1000 4549
839 560 4599
794 786 3266
861 559 2132
233 1135 3711
639 9 3107
509 634 3106
505 363 3474
566 378 645
941 231 4179
817 1073 3108
927 293 1281
303 272 4941
3 1173 211
398 1075 4075
531 867 4347
470 123 1972
498 500 952
1066 210 2969
304 623 1212
560 74 4571
737 1129 1506
354 370 4794
949 345 919
268 1202 395
549 215 1831
967 161 155
852 1187 957
547 729 2217
1008 356 2224
919 940 3992
912 833 2335
1055 530 4858
923 496 2983
641 119 2614
1198 846 3710
489 17 543
263 424 4929
128 679 2463
91 1072 600
522 1145 742
128 497 646
38 386 1884
719 992 4174
810 763 4243
190 732 446
661 401 1944
33 961 2005
54 1172 3438
661 1067 4704
811 1203 828
464 454 130
382 956 1495
1036 825 634
1139 961 4720
9 851 335
770 329 1548
220 312 383
170 457 4928
930 867 4661
442 1062 129
665 691 509
234 763 4920
170 1051 750
979 196 2940
505 477 664
1112 561 2732
528 309 1777
351 585 1369
1191 83 2608
122 750 364
402 296 788
319 714 1750
219 1165 1240
1012 806 2871
121 964 3503
1002 84 4375
818 1047 3379
384 666 3294
1140 550 4019
923 687 396
752 1156 722
517 339 4788
516 853 4830
982 74 500
855 425 3037
362 134 281
711 519 4495
602 846 1868
473 989 930
600 913 14
254 989 3852
202 1029 677
850 89 3463
1016 147 67
45 57 1976
555 1074 1915
412 169 382
151 1042 843
778 1173 1985
449 418 1179
37 162 2563
206 994 564
1163 1107 4897
1193 740 374
747 912 1892
581 439 3974
1073 290 3599
115 876 2180
132 980 1006
277 18 2895
21 942 1450
998 454 2427
432 678 2237
949 1166 655
979 385 1377
13 756 3880
720 618 4924
684 109 708
833 615 3354
224 850 2825
1036 422 2628
1012 1050 3200
138 475 4000
99 1143 4308
210 249 2359
141 975 2281
757 1077 2866
993 524 1452
19 1052 2155
1147 1153 1230
1123 604 488
460 535 4575
808 944 4336
858 548 1165
922 229 3853
1014 548 496
279 308 2905
1176 719 3339
336 873 1831
447 1051 4822
474 717 1708
994 405 245
742 539 1906
620 249 4801
737 928 379
596 786 231
1180 4 1604
1183 771 2452
1136 653 2639
954 621 2566
1056 436 4197
1119 1015 4380
360 82 4411
1059 962 4149
38 426 1031
20 738 2621
1141 101 3309
458 317 1049
40 147 2883
282 372 3005
294 793 4291
898 294 2610
981 1075 1185
872 253 3628
501 76 1871
736 879 3965
75 2 2244
1128 195 2320
632 342 1655
56 749 898
613 634 84
349 1044 1209
624 661 3642
380 662 3549
582 1186 1203
943 666 3055
526 802 4950
644 157 3734
726 1023 2855
114 760 2261
1167 348 3433
914 293 1561
264 1002 2206
864 857 2184
949 395 656
559 496 4339
236 196 3304
93 1039 4361
781 1112 3291
47 829 2746
736 598 2173
414 257 2957
387 646 1525
242 124 859
1163 689 2460
389 210 4170
21 651 3158
474 360 985
239 696 4353
966 364 3562
850 197 2543
34 366 1454
691 652 4256
401 1002 3184
647 215 864
1047 1086 1984
425 1181 4480
549 832 3464
625 475 2774
209 174 2892
1128 285 464
924 508 1702
540 1203 2251
1039 678 4698
1163 54 1017
1119 784 4108
1052 1197 4886
833 678 4210
943 116 2169
398 405 4965
108 463 2984
55 220 363
217 1091 522
1142 255 3597
357 196 4042
651 267 3620
586 255 788
451 1134 4200
436 1084 1170
87 821 3003
495 938 2611
959 1100 4811
279 304 250
621 215 4234
66 142 149
331 690 3168
24 722 3941
894 370 3975
295 593 3240
209 312 1333
137 38 4778
70 798 460
576 761 2572
322 89 3145
351 156 3829
277 1169 4771
61 378 4968
255 543 750
311 549 3225
1211 392 4590
511 1095 3117
206 557 3982
991 298 3996
151 925 3867
968 732 1055
721 799 957
468 731 220
909 1105 4744
615 289 2692
824 744 11
227 452 2626
716 1071 598
1178 195 3391
105 604 3791
784 1091 936
220 884 937
1021 300 1780
311 710 812
979 377 2457
1021 107 850
299 996 4090
259 315 1927
585 269 1445
1175 989 4549
105 564 1092
374 28 2221
301 106 334
750 638 2129
302 696 3663
758 661 33
570 31 1161
824 678 423
537 1144 1999
404 500 3828
1008 989 3635
199 1000 1113
824 318 4777
1102 110 2995
1037 122 359
610 573 2360
430 187 3922
612 402 4635
1179 294 565
616 850 1597
373 518 1176
474 212 3136
941 541 4704
381 1045 609
375 658 4219
191 481 114
577 1019 1183
454 10 3519
141 109 1039
1182 1121 4412
672 204 4367
1145 604 3120
900 934 4573
581 1175 117
412 27 3811
332 347 1349
430 1018 4479
245 916 974
1046 684 2931
564 764 4403
1080 885 3713
762 933 3259
1162 1062 2633
589 68 4325
481 496 2360
38 304 1427
207 147 822
97 1 3540
21 669 1178
1100 195 4812
170 798 417
1196 1057 836
881 331 2594
909 169 3991
488 25 4250
633 245 351
1193 1095 4491
148 115 2427
368 1096 3767
639 62 1949
516 872 3332
654 262 4682
161 183 1087
828 604 2550
259 920 3813
1003 1045 385
1195 1186 4943
1120 313 4505
86 559 2639
1188 7 4713
404 750 4522
641 302 2959
1016 934 2535
19 172 461
288 34 4787
1136 1166 1793
112 777 3882
1061 1088 305
921 231 706
339 459 3129
138 17 2223
1163 50 2733
919 383 4258
67 512 4142
384 226 2899
489 1048 1142
240 129 721
220 119 1329
1176 159 2506
208 1211 1681
244 734 2680
1139 81 4443
275 1130 3241
1098 123 423
108 582 3462
994 1205 3066
822 871 4193
471 753 953
1023 26 434
809 735 4502
839 1122 4521
115 184 1904
547 1013 1786
367 559 2855
713 324 2571
622 851 353
508 1184 4663
30 499 2662
1046 1008 4626
477 96 2639
1207 889 3597
200 120 486
973 249 25
368 360 19
759 828 1567
221 948 1178
1093 366 3923
8 450 4880
245 185 1044
142 465 3661
543 969 4008
552 327 4775
752 458 2635
728 1185 3253
536 979 1720
553 477 205
929 98 1014
1032 262 792
645 440 1327
200 31 3942
677 676 2290
802 400 300
531 842 2829
810 906 567
1184 1187 3204
601 388 1527
587 56 2970
146 331 4873
828 326 2609
536 1064 260
826 757 3472
261 975 3742
919 1085 3205
529 519 990
772 802 1739
1167 969 3865
396 989 1850
503 1178 2451
886 244 1644
480 617 1313
823 495 4677
209 733 733
744 393 2569
1081 480 3434
548 1020 2602
201 332 3935
405 425 2322
1053 169 4518
549 882 4949
602 425 3651
194 463 1181
1070 535 921
767 427 2107
870 962 1978
317 452 4149
318 1190 1966
839 380 3229
51 273 2284
792 285 2689
988 185 3374
517 919 757
1190 125 1836
603 247 65
224 827 4311
258 1100 2902
398 578 2053
477 920 85
1024 1170 3180
376 976 3249
126 184 2355
366 928 4784
598 862 3726
133 538 4528
980 568 4873
1046 1204 2306
120 524 299
1016 611 3252
948 836 4757
55 1200 3282
1025 22 3012
1088 1079 4400
1069 1105 2316
1042 229 4011
305 649 1208
927 409 3886
427 1209 4574
180 1002 3914
217 110 761
894 422 1699
813 1 4690
1073 240 1794
968 352 1039
909 1204 4562
225 1068 2727
677 153 1541
466 1168 2848
261 996 4229
319 975 1528
1022 420 3527
802 78 259
273 733 285
231 463 3880
1123 237 3024
1023 1203 1713
419 254 4341
53 1186 1865
85 249 4049
191 479 1393
1090 499 851
175 1043 2002
887 269 4759
403 643 2035
1058 527 4085
153 530 15
1141 776 4504
810 941 650
379 317 1207
789 326 3271
357 1039 3432
796 694 1918
961 452 1506
820 107 3049
684 18 100
1062 276 1383
495 492 3426
42 977 2781
99 145 193
314 289 4316
297 788 2534
13 674 2359
1117 502 2981
1150 1187 4059
697 443 4736
832 1039 3337
225 794 2872
610 1126 217
472 566 2318
1093 2 4524
533 932 705
179 1103 1357
97 114 2905
909 667 4153
619 149 2844
428 546 1562
682 1107 3816
509 626 4878
1146 548 3351
927 360 3936
839 926 1083
672 646 3107
352 925 4431
37 832 1309
660 662 2582
1168 1155 1494
532 778 2834
1047 175 4589
988 927 1249
1177 1081 2021
1142 888 3450
391 938 4087
190 534 3856
1087 1100 181
32 786 3727
110 692 2810
282 1014 4067
584 63 972
344 208 4909
528 608 4162
907 722 1870
404 512 1232
914 209 2471
946 699 2663
700 28 4252
931 412 2551
883 155 2524
338 149 159
306 613 3584
384 524 3920
361 558 4962
683 129 314
881 392 3786
367 22 1061
740 1153 2584
1204 437 3918
876 358 3667
268 944 3343
604 483 2451
186 399 1150
82 1210 485
1062 1175 368
741 935 2260
736 946 713
1037 358 2694
1001 125 2542
730 28 1089
487 702 151
504 1157 4765
502 628 888
332 149 361
588 262 3166
720 318 2203
138 475 1864
367 348 442
301 81 2383
190 356 2831
115 764 2971
359 161 611
246 667 3119
528 656 1982
867 1169 2078
968 66 1529
1094 1063 3812
870 297 707
21 1148 3567
1166 96 2729
135 495 1962
945 1014 916
754 538 1308
775 583 4811
284 615 3650
794 172 3875
72 1102 4383
61 925 1834
434 1095 4678
192 820 1130
548 435 842
839 215 915
118 1180 3807
802 820 3684
308 163 2410
1078 179 1864
996 369 4014
635 591 2053
1191 569 3342
844 267 4957
414 334 811
328 953 1182
394 237 3893
374 566 1246
34 684 2500
547 326 3606
15 435 532
456 883 3721
254 437 862
898 41 1725
259 386 3400
546 600 2556
935 888 3996
609 1201 709
1176 216 2752
176 755 3192
511 483 3104
151 668 723
531 113 3339
254 174 3948
77 655 2791
828 876 544
122 109 3093
70 767 1240
624 1162 720
699 674 1660
1088 852 4287
53 155 973
67 888 1152
1128 916 615
945 998 53
268 89 3996
338 342 834
334 985 2713
365 1074 1766
498 43 2896
834 988 4823
26 1169 2470
389 927 3858
294 718 1371
1183 1045 2651
856 1057 1980
850 1144 2413
771 1091 1775
126 629 1747
182 572 4792
1114 437 3713
723 1164 2324
137 281 4950
765 80 1863
41 409 3543
97 970 2481
710 750 2972
313 1158 1955
659 820 245
965 1197 4365
1055 1187 3970
1167 752 1132
183 56 787
1068 381 100
1075 788 63
414 440 3258
286 1032 3264
1120 296 3025
512 493 1961
661 72 4047
500 513 3556
1159 47 4705
237 513 2427
149 420 2897
1153 1192 2506
1051 469 4329
867 714 4582
144 1074 840
542 712 628
464 608 4227
112 975 266
1006 866 3396
52 1030 4047
443 1039 4305
1143 749 2800
869 121 2518
62 1143 1256
986 598 2504
458 321 2496
713 3 2275
205 884 647
602 53 3808
320 186 4544
408 812 4881
806 249 3569
990 110 2354
979 182 232
619 569 351
540 949 4917
170 333 640
333 18 1747
479 174 4393
1020 326 4642
373 572 2899
88 1157 3883
137 516 689
1036 1045 2575
86 928 2477
315 1105 3003
344 1049 782
1037 788 2776
723 890 2779
566 77 2579
1042 1117 1256
591 1211 422
204 32 4805
824 977 1808
1050 261 2894
928 983 1498
262 904 4847
817 167 1524
688 94 34
776 1209 958
1094 775 2534
758 20 1796
691 231 2274
144 1088 2452
355 913 4559
496 409 622
115 800 362
560 44 2345
389 621 4914
163 371 3096
691 469 1422
732 38 1788
279 334 4947
744 1114 2770
423 761 1364
1196 130 357
1177 427 1171
76 944 4480
549 470 3607
918 563 77
407 213 4341
709 1022 1229
885 106 3422
753 1030 1866
707 98 3404
1176 890 2910
219 496 2245
384 495 3899
745 911 4778
577 1194 884
1037 1002 370
863 44 530
190 1148 4934
1023 992 215
58 1098 3039
73 462 380
859 136 4825
74 483 1709
177 143 1728
533 1174 17
1200 462 2333
249 43 2305
897 716 1592
460 320 3340
951 920 1641
826 313 3251
845 1144 3157
1017 197 1430
661 438 4413
685 541 1547
1198 954 2869
966 625 4768
976 520 3867
870 780 1924
213 1058 54
183 917 2629
1025 1015 72
555 1086 252
66 687 4295
1037 465 773
243 674 4298
39 236 4337
744 592 2399
217 4 2235
931 856 1619
190 563 2691
246 513 4360
636 56 3528
55 267 3947
13 1211 4640
1189 936 1833
688 1033 4568
122 463 1203
345 972 920
587 687 533
821 584 500
901 856 4633
713 470 4248
600 432 294
1037 495 1641
821 123 164
531 998 4640
1093 320 4834
733 1156 3761
915 877 1423
712 51 542
458 235 2382
573 364 1674
480 535 1313
855 1127 1710
720 591 4278
632 891 4876
125 54 1340
468 1142 3631
230 999 4462
888 350 4214
1102 1187 3377
379 36 2538
741 626 4059
744 652 1853
1144 889 150
1146 107 2835
559 48 2997
139 808 2603
788 475 1790
28 195 444
1100 1062 1433
145 123 2487
860 735 3617
515 606 1264
457 640 4371
782 290 3450
485 1051 729
813 682 1572
469 1085 3924
448 74 3249
1133 350 2725
748 679 4419
785 705 1992
514 576 160
813 8 3792
476 890 3663
275 9 4145
945 818 3416
955 598 1528
1059 109 3642
784 475 199
12 53 2883
759 61 2199
690 756 1353
684 1077 3474
34 133 2121
1003 318 2091
1090 724 2250
1087 560 3427
563 28 1822
58 651 3884
1115 59 1971
553 185 2496
885 66 3036
571 354 3333
1205 89 2980
781 252 934
914 39 669
928 844 2414
20 383 1645
470 1023 1306
234 643 3158
416 623 4472
999 1086 1785
193 157 1865
751 1118 4827
234 952 1937
52 361 3070
569 98 3522
288 803 320
516 627 143
227 669 277
929 206 4802
374 508 902
364 535 3707
1122 580 3372
128 1065 578
951 743 3914
834 383 1450
199 629 4196
787 907 4443
342 1099 1985
715 531 2591
771 39 792
990 280 3158
464 126 1583
923 1197 2411
351 199 296
1198 1162 2208
490 653 208
56 60 1815
1021 447 1282
769 643 3267
360 459 460
419 974 1852
788 594 2879
907 789 1008
257 256 1697
1119 453 3383
697 1008 2200
414 89 825
39 1073 1406
666 1184 4687
817 814 3433
990 970 280
323 293 1890
695 448 3454
976 443 4508
852 450 3920
616 313 2100
366 743 4136
321 1170 2457
1036 313 1364
496 11 435
406 1201 2047
1120 1132 2691
1192 764 3237
704 1135 898
118 843 3625
888 768 4109
1151 597 4617
748 940 3611
352 260 4644
193 960 428
728 103 1390
855 48 816
429 810 1630
789 109 3738
861 1162 1130
647 628 351
925 35 941
586 440 4237
570 1099 4958
854 150 4088
306 910 1279
506 342 2870
928 1174 3253
333 271 2679
1168 604 244
211 874 3184
258 424 1191
482 507 3173
309 944 3381
706 643 2368
702 22 4370
86 36 3542
1101 980 4864
808 655 3923
707 436 241
918 703 4383
653 1141 4649
951 873 3942
117 278 2017
966 627 3664
893 146 3701
35 843 3616
742 252 1986
784 900 617
794 391 4869
473 314 3690
318 755 3283
843 8 4595
464 496 4175
374 548 2670
148 841 3880
456 325 2830
587 174 3873
1136 186 4909
357 185 2002
464 392 3407
741 805 2041
627 1097 3367
105 417 4412
1043 370 1488
1193 71 2210
1041 608 490
500 975 4276
628 1158 1226
973 260 4622
581 47 595
881 339 4580
1031 397 1066
1129 1121 1128
258 169 4507
247 1034 4384
1100 142 4540
747 523 4706
1080 583 489
548 836 4200
246 1078 3047
439 469 681
833 841 1191
737 1122 3741
1094 494 3917
193 688 3645
1109 25 1977
288 794 3157
802 43 1064
460 913 1490
559 694 4546
1139 995 2479
883 640 3742
228 1030 2358
79 880 48
414 453 1609
1150 134 3295
1154 623 1919
57 1064 3833
192 1020 4422
779 657 1649
214 195 1116
751 407 1601
783 50 3481
708 840 2579
1041 491 1493
454 541 315
869 395 4063
710 22 2568
746 802 2363
697 802 3151
284 935 4091
1049 703 3337
1198 959 911
1096 743 1594
1207 938 144
1082 563 2359
209 138 188
754 815 3350
1070 94 4940
1150 964 1470
103 435 1486
645 625 484
886 434 4201
849 1098 3368
342 6 3207
1119 1002 3902
1110 1193 2641
1114 836 142
282 427 441
532 928 2429
620 1025 2210
1188 356 4149
841 926 683
241 1054 1893
187 734 3446
547 963 262
932 1008 4846
1041 160 1190
1027 992 781
897 837 1426
1194 388 1896
414 125 2907
172 638 2324
480 325 3972
597 446 1244
1166 362 44
192 17 769
225 1074 2128
951 1093 4578
334 823 3645
736 596 2421
958 164 163
528 1153 4002
1070 569 3542
848 807 4511
34 986 2973
183 254 578
454 882 2004
468 1168 4722
259 395 2739
704 149 1039
374 37 4005
403 1125 1273
633 133 842
93 687 3402
337 157 4119
166 31 2744
1107 254 1279
1120 653 2276
987 1116 730
467 757 1083
447 273 28
351 830 4800
1205 764 4558
214 1085 815
830 399 3732
644 797 3715
349 1145 2839
83 1019 1283
896 804 1061
1009 959 3213
182 1114 4360
751 1124 1144
1108 1130 288
616 237 3910
644 789 1147
83 415 3849
415 201 4307
486 296 3265
953 628 2557
1067 293 2687
999 121 4689
837 972 3409
730 942 4545
725 755 3058
640 692 1394
536 578 3832
626 159 3706
157 776 485
451 554 518
780 123 4843
162 350 3195
610 1196 1996
950 143 2954
1027 868 3350
79 1025 1248
702 291 2832
944 642 4823
120 197 1676
571 64 2379
506 671 1798
363 874 2752
716 77 359
767 998 4501
976 642 1216
486 316 4563
179 342 3931
277 1155 3894
411 946 4377
1062 409 757
97 806 3521
706 268 4217
74 80 3309
1068 760 3576
340 1169 3099
1074 1204 1909
711 76 1646
682 1132 2811
1183 584 4086
930 535 3026
153 793 3067
771 476 3427
1073 942 2616
470 159 1668
90 21 2579
1083 841 2272
145 101 3059
591 1042 448
304 482 1236
312 899 2655
335 441 3930
283 214 2121
47 1168 4540
1190 1071 3283
583 163 2187
296 1182 3125
1009 153 443
248 13 1464
79 12 3746
1082 898 2785
275 265 4625
308 30 753
406 615 2032
795 10 3747
270 619 4736
295 1181 2339
931 891 3476
144 499 2280
659 682 1634
748 787 2513
738 1096 1464
908 98 2142
617 573 122
546 1098 2495
856 1020 4333
1101 724 2759
75 660 4708
504 167 2027
855 312 2626
1098 1172 3761
366 568 1063
146 300 3657
1051 107 1932
896 1015 2466
1094 165 1719
379 300 2486
1059 17 4651
778 628 1262
69 678 112
1018 628 25
5 176 3874
1029 175 3877
338 643 1853
466 434 4812
519 369 1495
5 1097 729
501 626 219
535 176 1482
549 872 4004
825 513 3914
274 503 4413
949 659 3482
636 6 3563
773 148 3035
604 944 3921
404 826 25
704 820 1244
485 1005 1352
455 281 4646
939 1035 4827
408 59 1064
508 455 2849
204 307 4211
660 261 2894
351 589 4635
842 4 2915
1139 277 4191
351 807 4241
1082 952 1965
901 414 910
966 678 1958
301 6 36
321 983 1272
948 475 1547
241 692 3434
70 556 952
99 1095 2434
338 922 4119
1085 866 627
672 31 4261
618 1035 3295
328 2 3418
381 843 2023
546 801 1884
641 621 1798
196 993 807
987 983 2894
953 847 1924
293 662 3155
674 572 1289
987 811 2097
619 353 1956
809 717 661
473 216 1397
1001 315 2464
1053 465 1710
686 597 210
732 441 370
601 214 1359
625 35 4459
233 17 656
1007 517 4358
859 373 2361
235 925 2497
1152 789 822
244 228 1433
357 43 2337
728 923 17
128 378 1251
508 1203 68
1098 886 647
1073 391 3484
610 967 3560
1006 866 769
782 38 2736
1011 797 1160
1079 44 2512
758 347 4887
599 147 3003
985 1033 2263
1153 272 3904
1176 298 4865
597 278 2908
1029 149 2060
1177 541 4268
301 326 1556
351 949 2784
590 80 2004
224 455 4468
577 593 2613
24 590 4399
359 712 2687
62 294 2079
40 44 2145
242 853 3273
654 907 2314
1161 686 2872
928 652 571
914 912 2448
637 346 3966
367 657 3790
857 44 3508
510 679 3396
376 592 934
445 329 3093
314 942 1875
1183 785 2011
706 1000 3804
632 789 2169
275 404 1309
842 972 1144
276 705 318
276 561 2582
29 687 3808
28 527 1061
931 1048 2136
587 323 2721
998 646 4250
913 799 3863
410 982 638
135 674 4129
137 14 2269
517 65 1022
53 733 3587
380 1058 4846
255 250 1624
187 890 390
468 51 1217
244 350 4668
1142 862 862
850 391 1287
844 598 721
1033 1138 929
1020 87 1286
499 1035 2471
1021 265 2708
144 847 3395
1115 1038 3780
892 747 2898
612 878 159
333 124 2266
935 478 1658
198 1043 2677
358 1174 3888
358 513 84
5 1173 538
1190 392 797
779 899 3202
950 271 1464
442 935 4739
371 392 2190
658 316 4638
1087 862 3548
856 1201 1218
737 675 4892
663 1176 4416
1111 266 3369
359 887 2913
135 98 3034
464 676 9
1046 390 167
304 1063 2213
523 152 1682
612 1199 921
955 928 1885
1 957 234
998 696 3493
345 329 4765
686 586 229
1000 1025 452
1104 305 2170
791 594 4932
126 1063 2876
204 255 799
863 231 2813
994 30 181
639 185 1820
940 95 8
1130 685 3718
199 255 1650
686 572 1525
574 163 2824
277 74 8
1056 330 3404
58 95 3187
554 283 11
851 1202 442
978 313 3107
246 80 4340
970 214 3884
97 473 2727
887 234 1281
926 821 2044
587 846 2336
321 113 4015
1019 1204 268
666 1174 3487
627 481 1549
182 63 3649
616 805 2891
1180 461 1968
979 420 4962
464 454 4827
859 853 3085
893 913 4114
305 513 2161
822 926 1237
69 1209 50
1150 1071 1127
116 1205 4305
34 1019 1215
1052 1099 2398
1143 420 87
837 1093 4771
192 550 2098
867 657 2048
24 952 2454
715 1117 4125
1051 693 3355
1156 866 2656
935 911 2139
818 318 4270
4 801 1690
1012 1165 3390
789 793 1639
241 1074 3415
319 158 411
58 432 691
72 997 267
485 407 488
781 212 2025
1116 916 3637
488 912 1212
7 511 1561
177 141 4703
56 494 1833
1133 158 1170
196 812 2530
803 1059 2661
631 984 434
616 256 3320
132 956 3787
86 1202 4466
113 846 275
33 1203 2469
235 895 829
255 786 4477
617 879 2269
1191 10 685
198 637 3812
431 391 2497
612 750 2162
951 503 55
200 71 4195
752 473 2746
1041 667 3349
795 131 1990
768 441 1266
344 316 542
75 338 1121
171 410 4480
514 402 3488
654 692 33
24 289 1497
893 875 819
213 524 1718
976 1018 4035
1108 189 1825
612 405 877
750 764 4415
713 848 2285
952 103 4907
447 788 1532
706 470 2037
924 844 854
533 76 3476
1124 888 3552
510 1166 571
1092 600 2228
822 602 3543
896 404 4842
744 519 2874
1154 174 2617
959 390 1167
314 733 1845
1101 197 2467
67 986 758
887 455 3122
842 699 3946
402 650 2338
246 26 1927
464 712 4816
860 625 760
198 951 1689
509 709 1362
38 738 2308
701 95 1021
949 827 2830
896 291 752
1061 537 286
1049 743 2938
1110 754 3162
288 993 3401
680 700 4588
721 796 2171
597 1013 4860
202 169 4758
73 601 2655
180 800 2745
819 1021 782
142 1045 671
691 265 3629
91 512 4337
366 1112 2013
12 305 999
1061 672 4484
661 712 1353
581 730 3760
97 463 4419
931 1190 2750
1115 730 4118
225 546 1371
400 361 626
505 481 4262
1014 120 4923
161 456 149
677 94 923
949 533 4846
918 735 686
842 939 4651
722 419 3142
699 558 205
222 1063 3489
1183 1113 4332
335 1169 736
427 792 3915
1083 25 2625
75 1200 2169
363 326 2940
356 558 2032
1012 426 4274
896 629 429
1089 714 1977
512 811 3961
721 82 412
1134 388 2276
786 491 1596
767 496 1800
286 23 3669
288 987 4562
716 1122 2711
1076 9 439
322 868 731
1024 756 3582
1209 843 920
399 142 22
270 144 3657
689 82 1329
367 988 4494
845 582 3240
1009 595 4934
533 285 1797
438 448 3744
542 745 1716
19 908 2491
427 889 4496
933 433 680
284 538 1535
808 598 2760
123 1065 194
484 434 4119
222 152 1995
806 841 64
317 786 1323
430 551 3830
905 456 29
451 714 2672
945 239 4800
1201 658 1104
896 590 2382
493 651 878
562 599 1816
947 803 2266
317 800 4018
410 877 3369
113 186 2792
47 247 2115
494 440 4188
38 1069 3235
183 1047 1654
319 798 1076
1024 149 2575
617 584 4932
170 27 1810
1183 1151 2995
97 1123 3847
578 178 2163
542 602 4414
943 668 2508
86 475 4025
415 622 4737
119 671 3137
728 426 1654
950 1101 2231
230 457 3013
644 866 1326
724 560 4489
1124 668 4740
478 1195 1384
565 1095 4890
908 1205 797
626 879 3362
251 419 3350
1080 430 810
1150 1003 2715
445 866 2983
282 592 4581
697 144 4292
373 1086 443
966 1201 1069
600 496 3324
1194 764 425
712 1059 3044
973 414 3801
747 504 440
636 841 1477
79 437 591
737 277 896
991 348 43
345 77 3790
1079 409 467
669 1118 3020
1168 895 2087
401 261 4734
592 938 1277
574 433 46
1092 374 2848
630 1070 1307
50 568 4361
243 249 3742
567 942 247
969 692 587
746 186 4075
58 382 4807
761 234 2752
24 524 3547
1060 295 1901
578 18 4274
1109 11 1508
213 841 2381
603 180 3046
401 1144 95
644 761 497
741 651 1103
943 1168 3848
569 327 1013
1125 861 4210
1050 483 3965
246 440 875
1072 491 2487
38 32 2026
1126 821 4216
880 559 1713
170 1151 721
438 1198 189
709 169 3851
690 608 3350
833 683 4017
713 912 149
589 629 2909
645 997 2231
858 285 4320
1044 152 33
352 1209 2933
35 836 4206
1176 52 1187
224 899 851
941 353 1477
4 628 4616
1131 95 2266
854 549 1928
199 761 1381
548 623 3037
447 932 1854
830 1095 834
789 983 3872
1010 237 2167
334 491 4291
357 755 1199
217 209 1561
282 370 2907
1060 1211 4699
766 213 4764
1082 809 551
713 521 2459
931 905 1895
698 873 3335
825 106 1003
404 910 506
262 538 1152
962 986 2453
16 757 2521
935 445 4837
19 730 4448
999 1196 329
675 653 1826
965 1086 4418
1070 296 1900
91 50 2315
827 249 4810
1199 524 1681
816 1071 365
798 977 3601
693 265 2818
825 175 401
1036 1033 2827
407 265 4308
366 1203 2100
837 982 2827
724 559 4269
85 459 351
863 21 1245
242 830 4074
1001 814 3697
699 1168 97
46 526 4811
1135 155 401
398 763 3904
74 350 1383
839 621 3667
550 755 1083
640 74 2549
1088 123 3491
562 115 845
983 266 2542
550 777 4694
1010 391 2977
289 598 2144
191 820 244
246 1199 3632
760 668 2703
79 599 2243
795 773 1077
981 444 1572
473 645 1797
822 197 273
79 807 1804
1207 646 1208
659 355 124
1100 17 1985
70 629 3768
1201 512 4077
482 1040 1474
531 1139 923
943 27 1212
467 1022 857
964 926 241
284 222 3118
328 1042 2329
971 267 2458
85 650 2034
303 399 159
1061 12 3867
179 361 4733
1168 1017 1462
929 463 1712
270 961 2361
1177 803 657
455 853 1470
428 437 3420
1115 959 4029
517 1098 2503
191 492 4894
332 1034 3917
909 1090 3614
521 286 2383
519 608 4965
949 9 37
1111 954 1503
743 8 2207
372 696 2606
515 1033 4268
274 1050 3943
813 86 1197
194 244 2456
219 748 1692
100 424 2132
798 1172 3638
367 595 3964
914 64 3530
223 815 2495
1037 446 1928
187 1047 1847
602 841 4676
471 569 3169
685 65 2626
430 447 2707
251 882 1537
580 862 1718
429 919 2691
735 92 848
1094 726 632
77 807 1310
439 354 2212
819 795 4693
707 600 2226
275 81 2602
852 173 2068
1100 518 1236
67 1102 3964
373 971 1033
892 22 719
968 837 3641
704 109 1162
430 249 2140
119 673 600
1031 1196 4235
465 884 1141
484 860 1579
394 511 3368
624 437 545
506 519 4724
244 1203 2407
724 11 551
548 134 4084
79 817 3133
577 28 1307
834 669 4068
737 132 1333
826 676 2010
950 350 2766
914 856 788
902 541 2378
609 181 624
496 668 221
915 1020 2458
201 977 4539
897 770 4967
600 865 84
857 498 2630
278 957 4814
966 598 3193
1014 944 4262
233 544 391
730 647 71
536 784 700
217 804 1084
1150 935 978
846 1095 2532
419 584 1063
932 155 1389
6 93 3372
219 308 3145
407 1025 1162
168 72 4729
598 109 3223
33 763 1423
39 1123 2131
738 483 350
198 266 80
747 1036 3023
219 571 4615
1145 1158 3090
1135 481 445
919 606 2924
1198 997 4503
674 1158 1617
55 562 458
1130 961 4287
501 58 1252
816 143 683
438 398 2805
13 628 2365
1054 864 1179
897 299 2544
505 164 1246
227 264 1110
89 598 2348
550 2 1676
818 628 2830
504 294 2152
1087 918 385
936 911 4615
128 244 505
403 1003 532
669 305 3410
504 692 1677
505 381 2235
1046 578 3409
438 141 1261
460 502 2335
1147 388 4421
21 868 1119
70 803 1904
357 814 2950
474 708 3041
636 908 1890
436 812 503
495 244 3410
603 676 4304
727 985 1895
748 458 1885
1114 372 4944
1089 138 4380
339 1095 1157
304 291 549
256 753 30
259 215 3121
396 1174 2798
790 990 1925
471 58 3236
1195 401 1217
927 944 3646
924 590 1550
97 414 4054
1006 706 1255
697 45 1310
218 174 2983
732 548 37
526 156 3793
951 216 2521
1037 393 2106
662 382 1650
324 226 788
42 184 62
1164 821 3734
161 106 509
353 453 2064
929 240 3736
872 981 1254
1032 561 3550
19 556 808
747 738 4459
529 101 1953
365 189 824
891 418 114
1051 296 4692
408 1117 2476
1053 989 2416
555 399 333
534 77 4183
1131 1122 4626
737 398 3050
928 776 2351
947 655 4656
964 22 2471
854 592 2213
477 604 969
654 745 1811
672 54 1274
1164 155 3794
830 64 2695
288 980 3745
832 223 252
1089 1091 3539
457 850 3420
746 1171 4932
1003 119 4210
627 268 2235
112 1190 358
183 620 798
1007 991 2383
1116 237 2544
732 902 797
960 286 2963
636 1195 2387
1148 974 352
704 260 1638
679 143 25
806 1053 1044
903 862 4458
1104 64 3116
464 341 3520
319 1043 4591
896 65 1761
854 213 141
723 1000 3962
1076 977 1287
88 963 3122
1054 739 3029
945 1016 3730
1061 78 4060
477 1131 1758
383 290 4165
234 703 923
792 1112 4555
339 567 2318
886 518 4420
339 89 1561
1089 712 4180
890 971 1110
1201 1192 94
19 36 613
471 612 2475
698 115 4014
831 729 652
533 1157 4529
784 1157 4720
416 350 3477
445 565 1877
998 746 3040
407 1057 503
248 656 2048
40 643 417
802 163 4298
306 802 3386
998 30 2457
689 840 3897
833 1096 3047
1008 844 2337
97 949 1333
328 304 437
389 89 2681
970 928 3737
1164 609 2357
796 934 4003
37 315 3774
1001 220 4456
182 172 2912
898 1033 359
824 994 2166
977 1181 2720
713 1160 92
87 315 1951
981 1097 4910
950 850 914
770 436 791
384 1068 1638
202 371 2526
526 520 2253
618 804 3511
1187 604 1730
674 2 998
346 798 3648
476 917 2988
96 1057 1189
232 48 2919
384 526 4439
1171 257 4568
3 585 1114
258 676 4137
1108 23 2614
514 164 543
211 680 3973
935 474 733
821 491 2513
359 354 1507
1026 364 4032
672 371 2664
672 858 397
79 388 4083
617 1122 2570
359 287 1245
1212 450 218
280 395 1125
987 175 963
311 466 4608
871 495 4274
941 77 396
827 902 230
7 752 596
136 141 245
1110 112 3870
416 778 490
896 865 2640
647 705 1303
137 542 3690
607 940 2531
514 906 2872
1034 774 3994
445 877 919
41 891 1704
1192 16 2816
923 946 1295
122 644 2497
335 413 1605
398 296 3276
880 216 1579
1162 1145 1061
306 961 4576
822 88 2764
581 806 4668
694 608 594
1060 26 2547
449 984 518
1068 214 353
832 879 2412
573 1203 1929
423 545 2270
550 567 1599
689 942 4657
229 709 4198
859 1196 139
547 845 23
790 534 509
768 807 495
805 812 4317
331 35 3168
773 315 2146
1106 1108 4069
154 926 1374
131 666 202
172 50 1098
967 447 4636
447 1037 447
171 383 710
1171 178 2729
460 773 3877
1160 913 2755
449 638 3831
558 595 1913
362 226 2380
56 169 3158
666 76 4104
856 552 2055
767 119 2723
1109 810 2747
587 257 3204
25 313 4918
1051 1103 3358
320 107 873
928 561 4848
484 798 1669
259 493 1198
820 986 3228
13 575 3636
1166 867 3034
617 463 9
630 734 4021
452 176 2109
3 124 3792
686 636 92
1034 530 4962
905 408 4032
96 6 651
881 958 3735
715 760 3898
493 1144 489
471 262 4290
59 1102 16
690 1071 1323
201 1032 4922
1184 30 2592
464 26 2689
443 149 1271
422 940 1557
505 962 115
520 162 1302
1093 535 918
464 795 1817
421 1043 3196
38 996 899
279 843 101
310 199 735
510 689 4741
537 788 2012
520 502 2846
858 4 1801
105 356 1878
772 685 615
586 1132 362
813 633 3818
588 21 1064
282 113 445
154 254 1990
648 371 4411
660 964 4053
472 482 434
1165 535 1058
295 780 4104
455 350 625
528 534 1394
473 552 564
231 642 608
375 1102 4669
345 800 1274
148 434 3197
99 888 1870
781 53 470
486 434 4835
635 300 3922
438 268 1647
654 1187 68
787 237 1790
476 139 3197
1201 425 4575
485 562 4499
903 580 3526
1194 607 172
60 877 624
945 432 77
681 341 803
823 312 1339
403 495 305
362 572 754
715 79 2029
1064 341 4307
400 491 3432
38 37 2970
773 256 4092
787 447 984
1161 240 124
357 1101 3977
257 140 744
271 417 4851
858 595 2278
270 651 1739
415 1209 826
675 545 1525
1150 286 821
234 326 3911
789 420 4439
832 175 875
388 895 279
1092 224 3459
660 381 1701
279 818 1754
1105 500 2439
521 664 365
12 738 359
495 272 2335
241 608 4874
226 664 2775
719 674 4909
613 658 403
651 160 1166
1200 1207 1038
20 252 3313
1107 265 4767
654 475 1290
167 689 580
771 1060 4651
1009 983 446
166 1075 2666
1148 5 4126
813 196 1464
587 443 3951
1190 433 4388
59 1210 2312
819 562 864
633 158 3313
47 302 4172
231 294 2608
324 699 4923
819 1183 2123
824 1206 1144
900 818 2914
1182 298 4098
897 45 4226
492 599 3435
401 877 338
416 1048 3973
823 592 4705
679 1204 235
1120 1052 138
735 141 4262
810 1211 2905
725 773 1966
1177 169 1081
1089 871 357
770 1208 4167
187 1210 2472
817 642 1360
630 222 2031
1103 1172 1136
1072 628 1388
837 626 3825
486 203 1586
423 1152 3279
198 843 1310
186 1039 1789
433 507 4939
122 267 1772
1128 1030 3931
660 938 3300
619 263 3995
101 899 4150
1100 175 3274
587 535 4650
1 319 3501
553 828 2823
473 140 176
1182 992 610
587 1055 1491
838 703 309
219 212 2347
437 253 3660
464 235 193
413 141 1147
31 1055 2192
1103 589 4619
1037 965 4576
53 182 1791
919 770 13
710 532 4017
412 245 48
492 1204 2139
235 580 2221
1117 174 718
1165 622 4775
171 350 1282
415 203 4827
892 448 1937
1004 757 4174
839 912 1612
373 579 4010
619 503 1127
1110 1098 3917
630 334 936
708 518 1701
510 145 4675
248 1019 4281
414 1131 1822
795 1102 2072
590 985 2345
674 462 2468
1052 757 4594
334 235 23
493 768 2097
959 621 962
342 756 1939
665 956 512
1094 1073 4278
1007 695 793
1136 454 1983
658 605 626
746 541 4450
562 477 4943
710 718 1731
610 1193 4651
486 160 4798
574 443 977
730 776 1984
576 291 1759
870 840 4928
713 685 2169
833 17 3651
1038 1032 3160
38 65 4529
863 581 231
587 556 940
586 796 4905
1154 395 2825
476 1117 3337
168 467 3446
179 811 1812
765 110 1254
261 465 2916
1102 250 167
603 907 1798
137 204 3572
481 524 2816
466 181 1289
251 134 3211
1016 693 2749
1070 160 3376
86 334 3102
906 94 3396
349 1013 3139
506 1041 1625
59 300 1660
395 777 3349
936 3 2545
259 951 4964
738 1018 417
612 953 2050
1191 821 2208
37 479 849
204 1135 2507
165 426 636
970 336 1328
203 798 1597
710 692 4523
511 257 3179
957 71 672
1037 541 4413
1172 43 498
91 1180 178
485 1079 4161
973 775 432
534 425 3769
216 851 2968
278 879 598
1005 594 302
184 498 2511
1060 948 1114
421 568 1896
410 862 2238
436 392 62
1194 185 1724
117 88 693
40 756 987
163 145 799
1059 1097 2378
377 692 163
784 301 3947
620 774 3105
3 142 2986
1133 390 3796
994 363 201
443 530 3001
1191 462 3033
195 500 3966
277 583 3914
415 236 4366
1195 543 2918
1046 821 1351
746 595 515
832 1128 2913
742 23 2253
388 812 3529
112 339 874
721 719 2770
145 638 3144
1021 495 3111
989 150 3102
166 299 4804
698 850 4759
644 597 4166
183 481 447
897 1087 1668
787 267 3570
287 642 3415
306 56 4652
1150 397 2756
264 45 1706
60 974 3009
227 592 4362
1128 1107 45
1111 474 2949
1047 867 882
818 110 2994
984 188 810
24 902 2446
258 610 4672
1120 1194 798
118 845 76
905 1131 3204
330 1095 2003
100 1104 828
536 301 2373
480 366 804
821 396 1488
1143 642 3205
60 862 717
261 254 668
163 461 379
192 521 4431
881 983 640
546 147 2194
455 343 1511
697 732 2480
1013 572 3559
45 18 1852
402 210 1837
1162 263 1462
389 961 2768
818 91 1658
196 231 4855
209 402 1718
973 562 2157
536 848 4461
293 159 2738
277 235 3751
304 1112 4246
1044 400 3723
821 877 3393
809 1124 2227
621 995 1553
1042 925 3992
56 36 715
1066 93 3267
122 519 3452
849 600 1245
138 244 1047
1111 953 676
1108 532 2487
423 964 2999
522 54 3723
60 1008 3396
770 775 3499
337 493 4745
321 1033 2285
562 576 675
704 196 786
108 1084 3998
894 1104 2057
613 2 1607
408 959 577
261 269 383
1080 14 656
456 683 425
654 14 2439
941 313 4122
1183 1184 787
1126 899 1809
1011 302 2683
1167 16 4435
349 704 3665
85 696 955
193 305 1457
528 297 3488
501 346 578
526 860 2070
480 260 726
422 1077 4245
1041 541 677
514 107 303
515 1103 2677
875 738 4677
883 283 190
728 377 1159
591 450 4712
1013 592 1868
432 390 3412
482 606 3819
308 124 4791
728 443 457
1081 1187 1017
661 953 3073
965 339 3543
282 344 2043
630 586 2244
1046 1009 4771
467 926 989
447 664 2384
645 1190 259
1075 138 2550
640 556 455
163 670 4485
1140 792 424
607 944 3999
190 786 2961
133 638 2937
632 969 1824
54 821 4158
630 81 231
397 155 880
1132 1186 4784
1066 145 1588
931 829 2159
246 116 759
288 1120 1428
1178 1047 716
1 253 1446
731 1156 3539
612 1171 2836
219 849 209
299 706 620
516 878 1123
280 76 961
248 13 2847
604 290 2158
442 1166 2644
1055 995 131
591 493 4441
1027 906 4465
484 829 4342
100 229 1934
684 974 470
110 777 1915
833 23 4752
612 642 48
819 500 4088
521 865 990
485 805 1224
165 1196 3965
526 568 2630
1091 250 3345
1129 1174 4594
611 803 395
1024 302 4646
640 605 1193
1121 300 913
264 147 763
469 254 4562
7 401 4070
945 592 3666
609 120 1355
179 608 4190
170 537 817
227 402 3673
870 15 1090
710 551 329
691 601 2310
296 656 31
298 989 4335
33 1092 315
1175 1138 4783
631 465 4008
914 687 4430
90 225 4703
771 477 2070
211 126 3751
349 944 1295
13 550 1770
1049 290 4485
378 102 1863
585 598 2287
122 569 3257
990 483 1483
347 865 4629
711 650 966
1061 760 4602
6 866 3278
980 676 3922
874 371 3080
445 1057 2994
335 1171 2407
918 250 1844
1102 440 668
816 648 2418
24 84 3988
456 101 1513
35 938 1047
832 465 1569
97 124 2602
205 534 4642
389 920 658
279 356 3852
1013 655 4184
897 172 1351
129 164 3384
1184 1100 3946
318 163 4867
912 6 4579
349 115 3287
864 309 1988
742 702 2839
752 177 2751
1062 1053 3963
972 916 4320
759 520 3196
394 401 3791
1009 87 959
847 493 1285
972 206 2767
940 153 576
1005 1058 4557
154 1204 3458
730 756 4389
229 793 1271
217 551 2705
814 491 3928
329 1071 1866
552 160 2117
978 157 365
710 323 545
1207 907 125
1198 140 3041
1111 761 1750
509 25 4068
448 148 1671
1092 531 3914
1101 593 1512
715 612 1352
312 11 3093
1184 159 473
219 1070 1385
899 811 2757
347 846 1131
314 64 3799
842 792 1822
79 305 4669
452 621 2327
471 643 775
1183 791 3300
700 1143 1726
119 657 126
558 812 4251
790 731 2549
742 492 2947
1039 862 3227
62 82 2895
54 1181 1365
329 963 4299
501 1155 2400
246 360 4776
911 386 993
816 671 4805
919 234 138
318 162 4060
1003 947 2076
832 25 4877
1021 1121 4349
696 1182 315
863 122 463
600 92 2023
208 196 588
72 360 894
1019 218 3424
235 249 3307
605 643 1272
1061 759 435
1133 1170 2978
299 1072 1568
735 492 637
918 907 3169
987 910 1466
727 946 3956
198 48 970
454 147 1011
1099 160 1741
1001 684 1914
1200 700 1624
1041 1121 2617
349 915 1622
882 1170 2405
573 93 324
198 807 3112
924 845 69
86 346 1614
782 1135 397
726 322 4862
594 541 3650
425 22 1884
1166 315 885
185 174 3172
278 882 11
885 212 1554
515 552 1913
19 752 164
746 299 4690
1044 1027 3272
482 993 1067
730 971 3872
1188 478 4933
704 503 3854
732 1173 4792
912 519 3
388 249 935
831 1143 3405
52 847 2040
913 85 1132
746 503 2024
727 1178 4308
1083 186 3674
1167 759 407
333 463 4867
514 1117 404
968 453 1806
145 954 2398
854 138 3843
285 358 1279
119 1022 1925
1069 643 4925
177 1099 807
738 658 4300
204 714 115
373 1062 1950
979 584 3962
610 938 4437
958 1096 3074
471 989 3600
177 756 2309
1111 1004 2630
375 159 3096
787 293 2151
488 596 1917
523 1109 2001
737 716 3364
213 65 3348
1088 392 3373
758 428 4814
42 652 3317
400 348 1384
662 655 2914
800 1030 336
1180 1032 3278
680 815 3031
113 992 1298
936 984 4741
591 1077 2650
870 1171 3825
379 109 3189
946 465 3712
626 584 2025
855 757 4334
33 386 1817
357 31 915
818 116 2529
1120 903 2960
312 435 4768
486 575 1412
221 500 193
712 785 2297
923 39 1512
1127 692 4945
648 238 642
1107 82 4235
795 407 2258
189 492 2404
960 332 2896
145 44 1709
192 210 838
697 208 651
830 671 3808
1044 652 1246
482 811 513
838 669 772
151 463 4106
428 1034 3993
277 1121 3932
665 204 4359
987 39 717
7 131 1102
795 436 3607
113 287 764
669 852 192
1153 63 4485
769 175 3857
202 478 4585
430 704 137
943 1203 2978
893 1149 1111
960 467 2439
97 390 1521
170 711 629
352 836 4696
122 543 3435
1122 80 4692
1078 923 2654
680 104 1489
168 310 1498
127 493 859
921 536 4011
918 309 4352
670 862 419
1165 265 1640
1070 768 2134
882 607 3590
845 1071 2666
214 798 3229
921 922 3974
20 926 1197
1020 1059 3859
1006 15 3810
751 757 1329
153 1121 1408
187 1143 3807
148 223 4736
964 252 2976
949 983 930
211 1166 1721
965 413 14
721 321 2819
323 1017 3482
1072 1086 1560
1074 1194 2564
403 989 1689
594 289 1449
1136 952 2222
747 820 4391
1148 116 1518
1126 371 2240
516 855 3135
936 801 3822
913 434 906
495 268 4252
404 929 2447
936 582 3688
7 1052 3392
1199 1013 1538
716 283 4684
682 944 798
151 258 3761
834 1062 2623
627 372 341
1140 568 206
309 1155 3439
528 757 1610
760 1121 1324
401 341 756
532 1181 2608
718 150 1076
708 130 228
456 497 178
1131 917 2694
1055 434 1028
136 143 4010
279 877 444
407 1138 187
243 237 2508
105 157 3140
790 113 987
1100 22 3628
586 840 2988
301 352 3077
338 1156 2321
100 518 2761
379 684 2184
571 763 4345
366 131 3621
1082 730 2688
442 1204 2915
170 797 3449
648 823 3556
1008 952 1583
203 635 2692
942 703 882
1016 82 3453
41 94 2328
697 88 3103
355 1180 3003
988 338 4674
519 538 324
539 293 4509
550 130 3711
751 338 403
936 1097 3858
37 926 2308
38 345 2414
38 233 4416
680 1146 1918
1159 559 590
13 189 2064
758 220 842
360 155 4563
72 54 2660
1199 569 4631
750 326 2491
913 582 2585
784 266 1889
547 572 2765
849 72 1341
377 835 840
921 303 2716
439 6 672
817 841 2881
213 595 510
929 716 3763
774 147 2945
82 57 4095
1013 851 1396
404 693 3473
141 130 4120
346 1149 1958
941 1210 3933
768 169 2466
449 84 3704
699 299 238
596 687 2004
279 433 1174
639 1149 1841
425 437 1615
689 229 882
288 595 4006
190 917 4495
1140 680 569
610 1075 263
883 496 2094
533 558 4534
1180 250 2547
352 825 996
464 409 1121
794 982 374
619 365 2359
428 299 3273
512 760 2819
822 69 733
1148 545 1800
654 369 253
1194 757 4034
863 371 3143
1063 293 2734
9 926 2934
379 247 1885
1046 959 2267
403 319 1985
1090 701 4045
342 295 3132
249 868 4202
695 80 3872
617 1203 3980
878 765 3240
790 419 1685
1110 276 3764
233 975 4682
323 1206 1632
1029 1047 1211
284 1045 1865
858 709 838
540 584 4934
827 203 2275
672 875 529
202 780 1843
814 687 3769
352 280 612
935 1073 4424
845 607 1048
41 956 3385
162 1157 84
819 797 1964
512 678 3303
32 865 2903
725 206 3550
404 450 2968
206 316 3673
546 1022 1344
28 228 2995
983 670 2411
1200 770 113
577 670 4842
416 95 892
141 361 2188
259 1169 2023
310 342 3278
755 71 4434
96 1141 4229
1099 1118 2453
451 332 909
372 786 418
56 551 3734
182 181 3294
148 150 1420
1038 899 3003
557 123 3385
1094 1097 1071
608 1203 2005
528 1120 3423
242 322 2789
15 455 1757
50 158 1934
689 1105 2488
456 25 1749
848 93 3343
1172 1144 2386
591 667 4114
971 768 3145
852 1192 49
374 880 4569
746 1096 2470
1089 1019 1279
932 532 4207
936 1156 2149
970 925 3054
1148 239 1666
1119 866 1970
477 578 4147
941 556 4829
73 861 1031
960 546 3438
1207 673 2951
202 1134 1283
574 341 3413
1186 541 3533
988 783 1389
1147 605 3278
909 922 1792
488 874 2476
858 1007 3739
128 599 1165
217 34 4060
951 348 3630
521 847 829
742 493 4264
303 503 520
1120 812 1826
113 316 2854
697 622 4618
191 879 1964
663 878 1582
984 11 4155
276 756 2674
960 946 3508
356 350 3394
1003 245 4856
715 212 2716
470 1095 2803
479 868 2623
517 641 3687
681 298 1841
786 729 4578
697 689 3859
126 670 3928
552 564 4803
60 975 1015
1073 962 4865
1033 1202 1184
55 647 2472
1076 1210 1298
1167 719 1696
321 461 3197
915 410 2672
700 714 2025
597 1053 429
818 712 1184
1191 229 1996
299 1086 3838
339 812 1367
1119 630 2174
776 942 2985
59 927 4288
1187 169 881
314 1205 1556
151 378 848
1112 370 679
58 1070 4545
1126 598 4897
616 843 44
376 549 3027
845 11 4472
605 621 2464
540 827 3790
1134 443 2327
674 78 982
270 1017 197
996 273 760
183 659 1348
1108 665 123
632 798 1884
236 363 4516
704 223 61
816 814 346
874 226 3566
123 1156 4061
962 944 3226
930 55 3895
913 1190 3847
217 445 1739
164 78 2523
309 15 113
610 854 326
1193 214 1777
497 1205 4621
745 410 1068
1055 451 4554
193 577 1320
351 1052 3512
841 668 1944
577 842 4377
787 1007 4548
301 648 2670
580 1043 1145
439 223 216
1069 971 2333
852 899 3848
313 8 3020
389 299 1995
937 197 4397
1129 551 4360
445 825 4467
1132 556 3822
284 43 238
414 1181 3707
849 477 4799
946 1072 743
661 954 1068
693 519 2465
514 727 341
79 582 3015
954 743 2083
137 1004 480
42 122 3
1009 1145 1358
464 920 792
517 855 2235
573 1033 2682
191 855 1986
407 947 964
691 1138 3355
1148 31 3962
1006 1076 3762
357 1099 1148
121 560 4102
903 1178 768
1059 35 3734
1074 1114 4642
165 88 4252
819 1201 1501
901 14 598
590 1022 4914
342 679 3266
247 435 4823
686 28 4586
920 1095 1687
100 12 4755
385 985 3270
1175 793 1850
338 448 728
496 1043 2269
108 1060 1576
526 972 3971
594 673 606
617 152 3007
253 642 4234
732 972 796
1090 1063 1147
93 714 4508
775 107 4034
187 648 2261
108 386 1246
318 1122 39
545 82 417
359 739 2735
972 989 2752
353 1105 3316
918 908 3256
691 638 1978
661 118 4609
90 574 4880
512 372 1803
1037 622 3867
874 129 4644
507 254 4625
564 815 993
1115 263 1792
648 773 2770
90 730 3189
643 57 3751
1117 941 1665
872 717 1066
635 724 2567
613 595 3530
1098 147 4901
661 346 699
402 155 214
817 599 3750
391 980 114
90 620 764
399 634 3769
131 938 915
449 710 1409
736 252 4236
75 675 1393
200 31 1830
1042 846 2944
1124 65 3501
1145 450 587
660 779 1111
456 1018 2007
665 785 4459
198 681 4051
1120 174 1044
363 10 1375
1140 396 3418
930 1124 3059
41 1201 4518
342 780 2485
213 1015 499
50 655 432
532 677 310
113 400 2339
626 749 1427
865 1186 3603
1046 314 3043
93 195 3611
56 1123 2275
612 956 165
939 851 4468
581 783 3345
778 530 278
936 417 675
1009 1118 4505
1016 186 3137
407 919 2959
187 1185 3881
347 738 1253
1125 494 2328
49 1135 1062
1102 915 2663
324 1132 955
1193 837 967
192 1040 1686
581 808 4146
1164 1127 679
1140 411 1396
771 178 1380
1147 820 3533
960 512 413
1069 1170 21
460 1068 3623
597 329 27
945 649 2654
809 568 4315
69 1122 435
224 460 4610
838 432 1282
574 561 1609
901 92 2112
332 691 1464
1012 244 4705
554 312 4902
426 341 3595
46 312 308
381 92 3730
336 92 3093
414 722 2467
1168 489 817
357 651 3539
765 783 3578
742 334 1189
505 677 4676
964 652 3549
251 989 4025
308 1206 4062
719 1085 1503
230 186 4267
203 316 429
41 1171 77
686 188 911
516 520 2177
1021 407 4728
893 1143 2119
715 266 2768
1017 804 3950
303 951 3450
1119 531 3817
726 144 1476
834 856 636
949 738 546
842 764 973
118 912 3253
915 3 4186
352 23 3572
105 943 2352
461 348 1664
1036 218 1817
695 527 3537
458 1032 2943
592 938 4951
205 845 4206
562 113 3714
85 1171 91
950 1148 1685
426 799 2116
45 399 446
464 19 1217
1151 1074 1886
861 865 2110
233 504 3056
729 793 656
765 753 3535
818 215 2625
781 737 2792
455 993 4358
790 824 3007
365 647 1989
768 134 535
161 1117 3186
498 89 3670
707 847 3398
1172 670 4357
461 371 4252
767 539 3018
365 650 106
729 743 3714
203 85 1796
1184 965 343
616 606 789
1159 1098 4435
987 797 3175
980 595 958
271 895 2489
385 341 1145
1123 228 238
695 644 2943
540 1046 1717
883 804 1368
886 23 2622
416 415 713
578 331 250
1080 1034 2283
585 254 1593
338 1196 4377
322 687 1747
1090 629 779
161 444 4616
479 948 788
547 932 3403
512 253 2591
860 1105 430
193 530 2777
207 1088 4791
99 326 4531
277 882 1622
831 699 4401
1042 895 2982
1161 408 1087
1208 678 707
135 262 2535
297 638 4411
864 689 2056
407 1143 3419
979 1143 2005
653 149 4785
663 150 3997
13 1041 345
488 883 4058
1103 385 2240
501 965 994
57 44 3434
826 916 4931
1130 803 3465
79 552 4123
324 1002 4086
1035 572 1616
259 882 54
895 76 2201
207 378 4337
5 800 3311
715 698 1190
1051 61 1838
339 462 154
500 18 1427
449 735 2662
704 20 2547
496 228 1979
1123 10 989
35 1149 2571
407 1005 127
33 357 1046
935 932 560
268 786 1841
1178 147 2362
795 904 2565
1029 271 981
1001 504 4953
490 708 2451
458 269 547
1051 467 1407
219 336 1462
665 822 2526
1139 883 2722
1082 1045 1411
1061 224 2805
1159 466 2748
798 982 475
108 1057 2613
736 155 411
1011 1166 3314
138 846 1650
826 635 4389
416 37 3882
1055 247 3800
492 30 416
716 1099 412
297 424 1507
682 674 2926
537 481 4098
986 812 3248
1078 182 198
376 1038 4875
970 160 4853
845 50 2828
42 268 1101
384 429 3396
746 240 994
616 874 147
1108 325 68
65 159 3510
641 777 1894
115 1156 916
966 617 4498
482 671 1650
1087 950 3527
179 220 3129
163 811 4539
144 551 3156
710 498 2134
1012 239 1040
423 555 2883
764 111 2143
737 224 3479
335 163 3315
1200 167 2216
58 593 2488
472 323 2224
584 43 4500
709 392 3695
1082 305 408
456 41 17
748 393 3019
67 1001 791
82 851 4366
553 267 1712
687 843 2720
632 93 4567
736 1144 207
536 1211 546
16 1203 3219
522 396 2003
1049 917 2575
1 738 2552
622 519 270
227 16 3346
697 102 1290
395 48 4038
505 384 1715
2 917 4610
430 648 3985
727 386 13
1004 353 793
1189 44 1938
612 543 4318
403 1105 3999
220 750 3573
304 660 2281
635 891 278
603 96 4249
226 1079 1008
1013 463 2018
1193 355 3971
1106 412 1062
234 1088 4105
381 294 3893
798 98 798
932 82 1754
1097 801 1957
772 824 337
715 71 1230
945 874 1908
683 1137 3285
67 926 259
117 1160 3341
659 729 3357
870 445 1455
183 598 253
445 564 3264
1176 773 4251
1073 160 3207
696 89 3329
737 265 1935
933 889 541
192 130 2754
219 1038 2662
919 566 3723
900 194 1483
406 888 2623
573 1206 4689
553 1165 2094
367 680 4132
490 757 222
37 494 542
859 187 3218
809 307 476
303 635 3239
96 1076 727
134 173 3549
449 937 1624
937 307 766
970 80 4514
610 990 4777
577 1076 3543
15 649 869
650 353 3272
750 103 4131
785 1209 891
978 392 4155
244 1030 2544
91 141 995
782 236 2522
988 300 34
901 869 4667
839 519 1762
12 954 4367
477 145 2177
471 246 2303
411 556 1020
1197 1158 2415
1000 140 1410
1079 963 2513
1003 28 1561
360 1209 4351
532 977 1104
105 816 4689
1087 783 4699
318 4 2900
858 533 4472
950 450 3066
589 206 2664
1034 385 4098
662 962 4387
570 393 4266
830 289 3605
255 441 4155
730 1196 3264
472 42 3195
297 200 1944
701 412 4140
239 533 2833
1024 939 1911
968 388 482
1136 1182 1586
547 165 2021
1196 112 4959
66 57 3282
951 401 2656
705 673 2754
752 252 3491
1024 753 353
1092 1 16
31 573 4695
183 1045 3977
406 693 4012
930 95 2660
1176 187 4338
721 1065 4162
897 2 2909
1068 120 1264
748 1196 3158
639 1127 2366
681 877 2086
484 1197 207
321 231 261
508 348 3093
870 880 2370
854 217 4503
953 1086 4652
1184 18 411
1067 124 3024
34 806 84
633 850 601
307 983 3416
1176 815 4773
937 1157 2915
516 124 3453
154 52 345
893 952 4470
1017 174 4539
864 426 3108
373 262 1179
619 779 2636
784 35 3531
781 63 1263
794 902 4576
773 96 1038
935 182 1008
1043 889 2682
1011 160 1389
744 637 4004
264 755 1341
505 733 1180
203 1079 1198
468 398 2306
414 891 1306
1098 50 789
661 817 4746
1160 711 2502
987 670 3902
352 504 45
1094 1187 821
137 910 991
976 597 3212
854 119 3766
1125 467 2776
903 899 3984
505 41 2468
516 363 2483
200 1201 1066
313 690 1432
559 1175 23
75 127 4852
114 1073 2603
186 519 1061
747 504 3147
790 852 1785
474 164 709
1119 306 734
171 285 3699
304 16 3671
15 1059 821
33 487 4911
225 280 932
288 713 2007
303 245 2840
839 938 3408
385 255 2063
1027 1112 714
1017 175 1311
751 434 3064
741 512 986
669 82 1927
875 572 3636
748 761 1603
716 802 1772
1080 1086 2725
276 580 4454
1081 226 298
503 558 4900
901 197 4113
110 948 4346
1101 453 4303
168 608 2448
12 916 2763
501 693 534
570 254 1324
440 1095 1344
653 1149 1751
744 1067 1952
299 801 2643
1089 1075 3858
810 104 4161
252 777 386
1122 757 3256
1025 763 3444
565 1023 3140
944 27 4223
810 194 3666
395 655 3911
393 544 3184
633 1186 1766
910 975 436
767 585 1362
1047 483 2578
126 172 3840
1110 631 4600
150 11 4407
747 415 1360
847 1000 3810
544 655 1206
257 300 576
675 564 4656
612 314 3563
1 683 4080
340 719 2575
79 1043 803
192 591 4586
1154 590 4479
480 106 1492
1054 62 845
210 393 4643
1106 119 15
1151 354 2158
1126 833 4496
1037 1053 3953
748 56 2262
347 780 4004
588 6 1284
324 763 462
404 239 939
587 914 4111
225 24 4251
773 1137 167
151 401 2145
1056 982 1771
1167 475 941
695 944 3495
914 28 3278
699 178 1506
305 378 825
116 235 633
1098 140 3391
522 158 1098
345 977 4324
1031 668 1422
591 467 4509
958 104 4174
357 802 4064
796 658 4646
627 800 811
243 831 4735
126 160 3225
704 415 135
478 122 3053
782 440 3405
661 240 1959
839 1002 2080
562 623 1632
285 254 2752
699 874 2868
432 668 3524
368 625 2848
492 256 1500
636 760 3932
1027 5 3694
776 212 3475
663 500 2279
403 977 2394
1007 200 1090
525 363 4866
597 287 1830
501 980 360
534 691 532
311 765 2897
342 479 4625
1147 698 1484
29 670 3280
244 160 1506
900 1206 913
245 797 4800
581 316 2462
669 891 4210
25 693 2660
729 606 4825
642 109 597
762 486 3705
930 890 3822
1191 581 3757
1194 1013 287
813 973 712
239 273 4729
832 641 1365
1188 496 2005
856 267 3248
422 645 1545
271 1174 2254
292 975 213
915 483 390
825 496 3410
1103 807 291
202 988 360
1131 995 2079
1078 369 3031
236 63 625
386 1121 2510
278 302 2477
1126 829 2729
214 341 3172
639 473 2192
805 458 3751
1005 1035 2454
1075 435 2944
248 873 4904
252 877 1416
55 176 3742
414 607 4803
421 653 903
211 879 775
1087 790 1722
935 87 2359
375 210 1645
46 855 690
842 814 1507
1037 740 4098
357 1166 648
276 446 1865
827 163 832
787 261 276
831 1118 2032
578 846 932
1193 19 814
1037 1005 4689
152 94 3522
398 910 2240
573 1123 4422
1062 1033 4695
39 452 967
923 800 4489
732 1169 1458
859 500 313
1011 112 3771
1154 140 4954
609 215 319
688 1035 1492
591 1157 2204
379 1165 4579
1055 705 3485
53 48 2873
702 777 593
377 846 2724
535 103 292
1119 478 4148
1191 562 390
13 436 3105
937 134 1672
639 616 2400
1134 281 2095
735 850 3610
737 500 2732
794 350 1725
1128 1149 4590
466 614 2377
765 1088 1502
46 1034 72
385 862 73
908 88 507
753 992 2844
476 388 2009
433 257 4332
1138 799 4154
968 530 322
367 501 4198
1060 497 4728
832 3 3525
192 978 421
114 583 2883
913 690 4916
1189 1043 2965
1101 293 3901
964 886 523
1037 398 978
487 498 1124
906 519 1946
903 938 2458
897 154 251
871 381 4798
277 87 1253
990 594 4346
1 637 4129
745 1038 1026
578 143 3512
332 656 2513
573 965 2528
748 220 4574
263 904 34
1154 721 4253
485 390 3313
836 463 3426
612 1020 2575
815 862 3877
241 234 481
991 938 3772
172 969 3687
791 714 145
537 944 2112
915 140 3064
732 1182 1448
1176 276 387
1187 942 234
968 878 4141
193 732 286
817 890 4818
223 142 1576
677 1000 757
715 174 4612
205 1020 938
931 1085 1126
834 649 1834
641 1077 34
427 129 2060
133 443 3888
1159 88 3246
521 339 1535
660 939 2164
1183 643 684
1199 874 2857
897 306 1680
894 26 2316
337 678 3958
960 1187 4515
950 447 4719
955 585 1192
987 312 958
949 138 2818
1040 835 3322
665 363 831
200 780 336
359 385 3140
914 983 503
363 705 4377
194 840 3381
344 714 3125
1176 773 1404
817 1211 3711
555 500 2987
198 253 4281
279 70 1074
1119 523 4536
929 702 4814
368 770 4081
834 984 3790
674 1057 709
900 421 1062
146 489 2900
645 1187 2017
343 621 2889
227 92 118
1036 1033 2380
589 169 2855
1161 921 1894
554 92 2905
810 512 2024
55 176 2286
31 649 4039
738 18 1805
588 9 1871
271 150 3209
288 1132 1306
349 655 175
920 267 1108
379 773 3319
641 640 3703
932 195 4585
310 1049 3982
675 1107 4645
611 302 4355
775 1181 1382
1089 622 4174
746 835 4029
1176 1185 3077
259 1018 1624
151 55 4076
1100 541 4017
86 1058 4535
929 81 1087
1078 361 922
39 760 2731
1099 853 2830
727 981 4523
407 754 3837
338 145 3000
137 623 3389
397 292 4759
156 585 1615
1100 620 342
682 32 876
346 475 1367
631 225 1262
491 608 2259
238 638 1473
412 1015 4377
990 699 659
632 1002 1517
577 62 2429
737 611 167
732 570 703
789 585 3555
744 29 1694
192 167 686
710 32 2570
460 714 1295
661 335 1502
947 299 4450
991 112 538
637 307 2437
190 103 4488
1070 647 2980
1067 754 1905
1193 721 381
713 946 1263
828 926 2926
190 652 3214
1066 574 3908
311 214 2571
1024 1066 4499
434 162 1028
787 808 3394
847 132 4545
357 679 2029
1180 504 3813
990 339 944
575 565 3309
20 264 4669
893 1033 2162
486 643 488
1109 17 316
919 316 3799
1059 599 948
968 1092 2996
1112 1211 1393
429 1180 3296
720 156 309
978 1040 629
187 1058 3064
407 254 4020
936 914 3371
323 397 1376
187 486 337
207 51 2930
546 600 3310
278 660 1264
1013 582 3787
1135 984 1447
912 596 744
184 507 4696
889 558 1251
1126 325 3060
67 1096 3059
228 446 783
727 700 1028
97 1194 2891
141 22 4846
46 1076 1531
813 804 4146
967 91 2118
736 908 893
331 541 3827
382 556 2885
901 526 2493
915 169 4800
727 395 4024
692 173 4373
1119 86 1405
1060 829 2053
1147 711 1010
967 770 2759
1013 519 948
613 298 1662
105 673 3950
466 1178 4573
532 578 4264
708 458 3913
697 52 45
136 1138 1714
114 794 1886
917 599 436
571 106 4874
338 108 3351
449 557 2530
591 4 1123
711 23 2048
351 407 2000
1117 1084 3632
822 29 1339
1111 356 64
464 764 3882
1082 400 2871
368 304 1225
363 336 1867
784 1057 351
1164 35 1639
805 1004 3141
861 392 4210
299 513 4723
834 143 2858
697 274 1547
978 600 89
67 940 2448
1016 1059 1111
895 155 1773
196 928 3240
771 433 1294
748 249 4354
432 1203 328
612 264 2474
918 655 4868
115 140 4044
404 729 4335
1012 134 3427
474 327 719
69 148 281
428 431 4262
1080 942 2612
1031 565 4305
587 1209 4927
234 175 1720
988 44 3342
338 1201 1333
747 83 2808
926 821 4600
724 57 3405
731 126 3011
110 952 2447
641 992 3985
705 788 3236
810 832 1493
197 18 4160
354 1030 4613
187 1164 4351
635 993 1327
677 18 317
721 884 492
451 149 1579
321 1030 1025
6 63 2778
1084 265 2706
310 1069 1333
1212 1141 100
813 961 578
98 175 2245
1193 1 161
314 740 4319
1024 1053 834
850 890 1699
345 1146 590
279 888 4156
430 487 2765
539 565 4579
398 53 2093
297 735 3640
304 148 1538
389 1195 3476
1050 123 3954
501 932 2461
527 130 4627
858 1137 2468
1067 130 3809
1079 1015 4168
941 1004 3688
142 134 1876
373 699 2356
981 186 1297
616 793 309
47 276 4529
202 578 4865
686 721 739
485 657 2764
1166 1212 118
478 927 4711
723 1040 663
785 907 2432
830 969 4174
645 147 4298
677 195 4563
179 627 3381
467 1166 2775
257 350 4134
1037 1057 1634
318 926 4969
539 1014 853
73 66 2035
486 596 3763
1193 231 2493
748 600 2398
921 529 525
644 294 3280
1008 437 3999
896 1014 2638
227 657 4487
360 749 1295
32 2 439
636 37 4032
854 755 2504
133 524 4817
220 1020 1141
