1
2500 4900
795 212 2195
2495 664 4374
149 775 4541
1964 667 1858
27 702 1069
549 1101 4808
1282 1146 2057
1125 2012 4522
2353 234 3083
329 1785 4504
884 1104 2007
1601 740 2707
1491 148 2293
2050 1680 333
631 53 3019
773 2113 4043
911 473 1321
519 1836 344
1024 773 1533
792 544 463
2110 1849 925
2019 828 4347
2161 472 3010
2026 2171 2401
864 1504 3565
621 176 4430
1719 1691 3871
1783 2312 1447
103 254 4013
1889 2373 1439
2010 1369 4263
1512 1265 4044
2040 1913 2696
2325 2339 557
1687 1459 3880
2427 1478 2999
2100 460 2041
1935 1554 3706
1678 1847 4154
1862 331 3674
1992 673 2999
1514 1181 1197
1979 27 4384
187 2308 96
1235 96 3446
756 1975 4676
1253 1626 3686
2305 365 3417
2283 1941 1648
1368 576 2515
1642 2080 3093
661 414 1346
1752 2009 3792
2022 509 3446
899 1072 2808
2446 626 1491
2162 525 1736
2484 235 1605
711 581 1030
1937 1747 4107
1802 1826 244
254 1361 3969
446 1560 1392
2008 527 282
2380 2411 2055
409 672 599
1028 1305 2446
2485 1417 2274
2208 1425 4390
1114 1850 53
1821 1287 4249
2175 1457 1620
2191 651 4770
275 1718 1183
816 691 3214
2135 335 1113
1779 877 155
1562 1254 2025
1548 923 4468
11 1773 684
622 2060 3019
686 318 784
578 2094 1411
1329 1876 1586
253 1164 690
921 1492 3744
1568 2066 3792
1981 2331 101
2211 2149 1291
311 502 3075
2485 1417 3462
543 921 4119
1107 1502 568
547 2156 4738
2487 1983 221
254 1361 3524
1760 1245 2095
273 894 3563
471 2215 4392
734 974 770
399 1173 1268
782 1273 2324
1229 2232 904
2171 357 1726
1566 676 4805
2043 1040 4833
77 390 2104
803 1800 1275
2198 1576 1659
539 1995 4446
814 689 118
2358 2067 492
811 1839 1877
1151 266 1191
1462 2114 192
996 1868 4173
1501 233 1897
791 353 3255
1596 763 2180
718 1555 4542
698 2148 1554
2174 1523 2224
1488 1456 80
1445 2378 1218
1755 1117 3563
1441 140 3351
681 718 628
2112 1284 4771
145 747 2468
265 73 820
1675 1082 87
2105 1497 1158
1660 2439 2482
232 1696 51
372 901 505
2339 2063 4622
508 1092 343
1519 683 1412
2344 1130 2433
2007 5 727
275 1718 803
375 1683 328
541 665 754
229 871 4304
743 475 3654
2004 11 549
1488 1456 2341
1675 1082 4623
1786 2157 4010
1564 1987 4304
1997 2412 1179
1928 277 1866
146 498 1838
1906 1380 3526
1034 947 4242
74 1739 1908
2305 365 308
912 2276 426
1925 2002 3808
1132 536 3572
594 1729 3589
858 1789 244
432 708 1923
654 2103 2923
1002 171 2995
1249 2020 1994
1916 35 1322
1458 1266 35
2228 1169 2447
1631 1222 4817
1738 2255 2707
2233 2323 2
2333 816 4091
1077 1335 1373
214 1291 4788
2455 243 249
1278 63 4828
731 1070 4005
1956 204 1114
2422 986 4121
1819 1286 683
526 2235 4820
148 1892 1677
801 1102 4855
2355 1580 3171
2220 928 2650
1038 958 457
2239 370 3487
135 2162 15
2138 1325 4594
843 1182 1533
2486 1119 2896
2462 1536 3905
36 2107 3862
2189 2375 433
1155 1524 4474
1994 1382 1900
1913 2138 4856
1095 1131 3346
788 1393 1260
419 2224 262
1055 2051 3999
125 2303 4059
1184 1962 1933
1487 869 2897
1800 1006 3174
508 1092 2691
1832 1113 4497
218 1185 2349
438 1694 3446
312 1833 1548
2101 572 703
1 686 4510
605 888 2650
2354 2267 3842
1494 1068 4661
1846 977 693
225 1998 2686
675 1672 2330
835 90 2226
672 1153 2163
2337 1582 3050
1218 956 3785
2273 397 2624
824 1248 711
4 172 2153
139 224 2036
562 136 1262
1156 2086 4605
2439 1274 3886
207 1893 4810
754 587 485
325 727 2151
2041 794 3538
2078 1144 1997
1300 1595 3874
1647 2390 1138
1322 2385 3387
2119 2191 550
720 758 273
561 20 3941
1531 222 4071
1017 804 864
2199 264 3118
1930 2456 1831
2096 2485 3129
722 583 4025
603 1339 4285
630 1670 3980
1106 132 3282
2258 1029 3737
517 874 4833
624 643 4771
749 2471 3612
1352 58 16
452 735 3046
1983 2299 4348
278 2362 3332
2063 1107 2142
291 720 1985
173 320 2594
1684 883 4213
240 34 529
2207 650 3413
265 73 1531
73 426 4810
1014 2447 4286
1174 2316 3045
2348 1024 1621
2147 1171 2939
553 1530 4662
1172 2358 1716
1583 1965 1716
140 1007 3285
2311 2310 3747
1937 1747 1157
1212 1230 2780
1052 1782 1886
133 2410 4893
2402 642 3752
1181 2487 4281
102 1519 399
439 2300 213
2399 1387 104
492 1827 3859
730 885 4702
1672 1594 4165
1267 2364 2458
1993 1934 1216
1253 1626 1499
804 324 390
969 1334 1322
2416 1650 4272
441 1719 3598
1331 1972 2187
1905 330 3582
968 1621 633
1659 1898 763
2373 359 642
2127 2491 887
1152 1078 1377
2241 2064 4584
1841 244 2327
1646 229 664
1578 2321 1037
721 972 4779
2179 1636 1643
1517 2440 930
128 745 2180
736 573 2430
1976 1179 4030
981 1302 1090
1216 1127 908
1664 1779 3868
1416 1882 2895
2065 668 3704
726 699 4572
949 1717 3406
729 499 3785
2445 764 634
1599 1264 1183
2047 929 4005
2053 1527 4516
731 1070 196
509 402 3797
285 2047 4895
849 1646 4460
1859 2436 980
1520 1474 4038
1202 659 117
368 2028 2042
2253 1854 1829
1127 503 4238
670 1756 4761
1472 910 1075
49 2352 4063
1369 1528 2556
2382 2115 3249
1202 659 2516
320 1693 1197
685 209 3122
2188 1662 1377
860 1724 3816
205 2108 1614
2430 1552 1832
1519 683 4096
2381 85 2684
2037 819 1255
715 2392 619
313 1439 4139
1097 1138 2231
2148 593 929
382 1388 4551
2381 85 3245
2178 530 2834
1767 1804 1412
2301 586 67
2068 1494 709
1896 489 3752
763 918 2999
2159 2168 4671
1566 676 4759
1257 1807 4542
1686 1430 404
1555 1993 47
538 932 1605
2120 1413 1100
666 846 86
1684 883 1614
1876 2043 3702
2310 1219 3849
1329 1876 2897
1635 2360 558
283 1135 560
1221 1809 1819
1916 35 44
1223 2459 1520
1536 1997 959
1604 184 4659
2264 1132 1159
928 785 539
1194 279 554
2472 1458 4544
1682 122 1810
453 1128 1636
676 2093 2575
209 1889 4217
594 1729 3344
1879 1323 1466
1191 69 506
1738 2255 1523
1962 1520 1664
1897 62 108
2285 2376 4614
938 542 419
807 2181 3977
662 1740 1749
1807 861 2837
1713 1818 1734
1410 2466 3590
1091 1431 2417
1864 1903 328
2227 1017 4676
2224 82 1842
1094 2173 2847
1072 594 3073
1797 537 2701
185 1837 4622
21 1441 1072
1088 137 4612
595 2102 1074
985 922 285
557 376 2822
2324 1515 3628
2422 986 1909
1609 108 2239
1513 201 3413
2128 1277 2426
1381 474 3637
1617 2165 2458
2042 1737 3050
939 2355 658
1456 2136 2203
2016 1455 3571
2449 1202 3847
1743 1939 1377
158 1134 4044
1874 821 4133
1172 2358 1426
1709 17 3606
422 1713 860
370 2458 3819
997 50 3122
1481 297 3674
150 123 1657
1233 1137 1648
1866 407 933
2270 872 271
2103 1376 1960
842 464 323
22 540 3273
1083 905 3446
873 700 145
2126 1237 1508
1866 407 1150
1893 497 318
818 1454 3414
1076 313 1352
760 1297 942
281 873 2679
2322 193 1489
596 2468 4063
81 2443 451
2352 409 4662
1484 2098 3011
2370 2212 2926
905 2350 3114
1069 388 3463
2300 1783 2022
2197 2332 1116
648 1336 2368
1347 130 3553
1167 2404 2932
487 2343 552
438 1694 4675
109 698 4847
2146 1487 686
1823 1050 2662
470 868 982
1912 1570 1507
1676 1888 4373
2136 2489 4093
1053 449 2663
728 2334 2210
967 1064 827
2070 1658 1390
1811 1732 4418
1291 1569 97
437 629 2890
2160 1715 693
1685 817 3734
1685 817 3637
2337 1582 329
253 1164 4865
1567 1402 4385
2234 1498 2075
277 812 1842
1080 1367 1225
1115 1711 3156
325 727 1438
2075 2271 2340
1209 808 233
1943 299 155
290 1313 1929
1319 596 666
657 2344 2447
2388 1860 2916
1726 2462 3269
807 2181 1218
132 2403 192
857 1143 195
1762 37 621
1770 168 259
215 2153 1700
398 2275 4638
1309 1249 37
330 1464 2767
2204 1814 476
640 630 2125
1885 971 3524
105 484 419
1813 1183 4492
1812 767 3519
719 1770 1874
1434 597 2444
1694 1322 4093
224 1038 3849
1177 1178 3378
350 1610 1593
1351 2498 4250
632 151 2010
292 2335 3367
666 846 1494
10 1915 35
1307 1510 3484
1917 2407 659
1495 856 476
1744 1731 1306
1085 669 1742
2190 522 2038
1746 516 4321
1969 342 3406
468 18 730
1411 1631 2811
1252 2244 1950
2136 2489 1978
493 1856 3318
216 1875 2787
411 911 2270
187 2308 2650
266 1919 1370
145 747 621
1996 803 2995
1867 334 1716
1614 424 4495
468 18 3785
1331 1972 3673
1337 571 781
1690 1736 1231
1741 2077 1359
131 1957 2219
1132 536 4414
79 1704 2950
536 866 4192
295 754 4442
1715 742 317
612 94 3988
2011 1220 2999
2345 182 2744
1393 1480 3068
2247 1863 556
432 708 1097
175 1174 1160
1021 1700 657
14 1381 419
2386 213 4242
2038 831 723
487 2343 2530
2413 2481 3245
1716 1407 630
163 732 4090
790 1085 2629
787 1859 439
485 1752 27
2231 679 2701
1557 2238 371
2459 519 3737
2002 2146 2476
1375 1790 3716
2214 377 2554
2264 1132 2714
338 1757 3577
1600 145 1829
1144 2040 4651
307 1165 2535
1215 1766 1744
733 1033 2089
1628 1922 2811
1775 327 2427
1888 539 2811
2441 1764 3305
127 1378 4763
466 1236 677
1333 2037 869
1284 281 413
1402 1048 1274
1983 2299 3671
2068 1494 632
937 919 121
278 2362 602
2248 2418 2500
271 1938 2744
180 435 3786
175 1174 3018
247 2460 4531
1067 436 4566
1004 2025 4583
1993 1934 3563
103 254 4271
107 2365 2556
1037 1303 629
1353 2032 908
1891 1862 3612
2118 2084 2292
923 1276 2872
1008 2 941
295 754 2683
2424 1887 4831
981 1302 4795
2079 1257 443
922 2383 3554
1653 86 1125
2448 1791 1948
44 2204 1207
1035 1514 4654
220 2217 1352
874 2325 3383
2315 1633 2110
478 75 2516
1359 177 2219
96 1211 3922
2232 1678 4737
2429 1155 578
1464 1123 2758
86 471 3386
334 988 380
1739 268 4506
1483 962 511
2379 2007 726
1150 2017 2821
1182 1218 2708
428 196 1603
86 471 3537
2474 1192 3868
1560 1300 850
257 1345 2620
554 2054 4633
2442 724 2222
1971 42 2725
1015 1046 393
1756 564 4807
2260 1079 1734
732 354 3065
898 1769 3192
2420 1223 726
400 61 2444
1044 591 4714
686 318 3245
485 1752 3086
144 1496 1120
2254 2367 502
1443 851 4738
2368 2031 1502
47 1093 869
1863 1333 4318
276 1992 85
1330 2433 1709
617 1874 2749
1754 1432 1730
1020 557 2755
114 220 322
546 2450 2262
600 1911 4008
1277 1481 4218
384 627 3128
840 2291 2455
1490 714 3422
1080 1367 1781
2434 712 4410
293 1865 4283
2295 1899 3467
2200 535 3837
1610 1852 57
456 1667 1702
1565 1449 1677
1330 2433 4705
1533 1340 3983
662 1740 2947
417 2386 4285
2045 1741 192
2356 1095 659
1966 1544 4373
1236 480 763
1753 157 252
525 2189 2312
868 1409 2271
609 2209 2587
644 1233 1673
364 880 4635
680 1507 451
1984 592 3956
1096 1398 4766
884 1104 4528
2372 604 443
2138 1325 4038
1872 1244 1022
1768 1355 4164
2119 2191 1461
1847 126 1036
1161 513 1043
1177 1178 2468
2172 1326 3649
603 1339 3430
1468 92 792
2166 398 47
1874 821 4486
2114 60 2901
1670 490 265
1043 1306 3015
2125 1754 4881
626 551 2775
1280 1561 4437
932 1115 4382
51 725 1183
1343 1918 4327
1865 443 378
2126 1237 4281
1540 1559 1566
1766 1778 238
2447 969 2509
599 1932 323
2041 794 3941
586 511 1520
2463 1469 2482
1794 1278 4489
634 1901 4752
2344 1130 356
222 1758 2707
704 2442 4347
837 41 195
1227 2329 3663
1643 960 521
1795 1878 1118
591 578 3922
394 2126 1629
15 1537 2388
1807 861 3905
1707 1954 3065
1186 1674 4756
915 1765 2025
1075 1695 3384
1725 2432 110
426 772 37
1651 2056 2831
1159 920 3554
2267 203 2312
1099 788 1530
445 1588 641
1099 788 1960
1965 13 4788
1027 561 273
682 1948 3678
514 881 2141
2424 1887 2404
1139 1401 2879
1261 782 2893
1235 96 4398
2474 1192 776
1656 169 4787
1714 115 3338
1237 1285 481
1427 891 4898
1280 1561 1845
1010 1661 4127
506 491 1219
1498 2024 3555
1336 15 1812
1401 2354 759
1712 2480 2066
2471 1810 87
1838 2104 3188
1667 1996 4800
2299 1798 3752
356 2220 1926
1141 1151 2349
410 607 2799
1674 116 194
1378 1308 1246
1648 95 1726
276 1992 1147
856 2198 3847
905 2350 4816
31 1960 4010
352 2081 4900
684 707 3342
1451 1247 245
1111 2328 3937
1824 1618 4343
673 1307 2610
1056 1094 1332
2169 1002 4734
1607 890 439
2345 182 1429
573 1352 1007
2472 1458 925
598 1106 2033
1167 2404 2218
2113 1392 1313
1608 521 437
118 623 3424
135 2162 4645
1907 970 2662
1743 1939 4759
189 1593 2896
1905 330 4161
2198 1576 3814
1135 1648 3072
1066 811 4364
642 1608 1656
2378 2178 1522
481 1364 1812
1288 941 1603
1778 1435 1875
268 1602 2598
964 608 3847
1500 1917 16
1883 296 873
1911 1460 4784
28 93 3898
735 1442 2340
2071 1679 2870
1116 2370 274
597 792 1258
1243 1379 310
964 608 3634
177 631 128
833 756 3801
758 2400 44
1713 1818 1275
395 1314 2670
1839 1710 94
1412 358 4729
2277 26 3637
504 939 2292
343 1655 2444
956 2055 3581
559 545 775
1870 2112 3441
1637 1448 4516
747 2302 2227
2440 1140 4209
2284 363 1824
544 2288 2248
1178 315 1255
710 1310 2911
1254 2072 1275
1365 250 507
795 212 2226
380 2105 3581
1265 524 2065
649 1411 554
1057 504 4672
1833 2228 2947
970 1475 2656
190 1673 357
2395 2287 2476
2257 1590 1079
1734 55 1018
1571 2152 370
413 2430 4192
756 1975 316
292 2335 529
1034 947 1700
2449 1202 1700
943 1098 3582
899 1072 2920
1047 2437 1327
1373 486 1424
1574 848 1838
2065 668 666
1831 341 2
1424 155 3998
2045 1741 3703
1365 250 3568
181 339 2076
2284 363 2428
428 196 1305
357 653 3483
1182 1218 2650
189 1593 410
667 300 2697
1259 964 162
56 141 1088
1212 1230 639
781 730 4637
1679 2129 3655
2454 1041 2036
2176 648 2180
2003 1418 2201
35 896 856
818 1454 2601
213 663 2856
1426 2281 4703
2061 371 3074
628 255 119
1334 515 4496
1506 2079 161
2255 274 1901
390 2134 1819
2443 2075 2686
510 246 3536
1096 1398 2911
553 1530 2597
2058 778 2587
665 1564 2559
338 1757 2641
2131 1586 2340
1352 58 397
1017 804 2035
1914 2298 2708
1677 1267 4607
1511 1745 1521
562 136 820
1726 2462 2799
878 125 2791
1846 977 3789
1767 1804 1609
1783 2312 3043
776 1472 1116
299 1129 4807
944 1551 4692
514 881 359
1640 1228 2368
149 775 4607
2157 2174 227
1029 1390 4630
2389 308 819
2325 2339 65
1019 2183 4638
867 262 4324
948 1298 4602
1102 2219 4847
463 1440 4292
2440 1140 1926
2354 2267 3151
2221 400 3813
1134 2092 4891
640 630 3706
1452 1208 2821
1133 1728 2890
2206 147 2713
141 982 2455
202 2435 2566
646 1734 1163
1895 614 4336
912 2276 31
2095 2193 4218
1697 2464 567
2476 1049 4546
1168 795 1926
741 283 3536
1972 2261 3563
2353 234 4627
762 223 4359
1835 2033 3496
499 1709 1656
1885 971 1007
1661 2397 4213
1900 2262 1555
792 544 2449
511 696 2621
849 1646 285
1007 619 101
707 2280 3125
2288 1162 4538
2263 1751 2859
416 36 4854
411 911 2509
1115 1711 926
1196 71 3236
1802 1826 134
203 2234 2771
1815 1342 2744
1328 884 2226
633 1141 752
1889 2373 4191
1332 265 2347
1279 1499 531
2350 2490 230
2349 2236 1764
896 211 1339
1279 1499 1495
854 479 269
2342 2059 616
100 355 4013
1896 489 2594
2153 351 4816
1104 1217 4667
1814 654 4630
1193 2258 4170
119 356 77
2194 1526 1429
1746 516 4504
2404 1973 357
1179 1271 1515
759 1471 706
2280 444 1959
1128 850 846
322 579 4242
571 154 3634
1568 2066 4343
1482 753 76
639 693 2210
856 2198 34
32 257 2830
1427 891 2764
607 2314 1435
205 2108 4193
355 291 4193
178 462 3245
2306 1084 4784
268 1602 4230
51 725 1049
2463 1469 2025
118 623 2995
1914 2298 3544
1049 613 3869
1018 3 4271
1455 750 2286
634 1901 51
882 1199 477
2251 1904 343
845 1197 2649
1004 2025 609
687 737 4196
1437 2274 413
1436 1225 577
1688 2227 3943
79 1704 2872
1879 1323 904
750 1172 378
1987 1421 437
1024 773 4709
1368 576 3374
2481 887 2624
1618 24 4574
1647 2390 2286
988 1160 3351
1171 1539 4890
1570 1142 3917
2266 1579 371
2107 736 2570
1530 741 4044
2323 383 31
1185 1207 1679
376 120 2861
2176 648 4545
1072 594 96
1999 83 4100
1363 225 2771
726 699 3125
1078 1947 3585
1466 1054 2909
983 8 2737
344 853 3079
127 1378 3478
1247 638 3130
768 761 1508
1236 480 4071
1385 1446 798
2057 1490 1043
2129 1931 4138
1882 217 4374
602 227 1657
1287 1597 777
1453 2427 724
435 2251 2575
42 7 4133
341 287 730
1526 119 3848
929 2361 2484
1955 492 2089
85 2472 2767
2144 441 3081
2223 1231 2
75 566 1696
2 716 3837
403 739 4055
764 800 1772
2212 790 1561
1970 1370 1763
313 1439 4019
1039 81 3828
2298 1283 4407
1053 449 4436
2021 1861 2196
166 798 3114
1002 171 1906
1311 2470 3360
1092 829 3490
689 314 3607
2293 1556 1051
156 845 320
714 528 3559
2024 822 4062
509 402 1780
1606 1251 3233
473 523 4000
1213 1126 2841
737 2139 4828
903 294 3097
2188 1662 3842
2317 2190 641
343 1655 4651
926 2088 4739
1199 1324 582
212 550 3390
2025 931 1001
2276 2463 4120
1522 98 125
193 752 2437
1402 1048 4796
2346 1985 4739
1379 978 1585
1264 2192 31
454 805 3865
1765 2071 4460
170 1705 3738
2122 393 525
46 818 1429
679 1605 3870
2184 2109 3704
862 301 657
314 990 4605
820 284 370
720 758 2090
556 470 2139
683 599 2136
1424 155 1517
1342 1152 1104
199 1359 1866
1945 1330 4030
376 120 4174
2298 1283 372
2444 2494 557
1523 2038 162
757 904 4077
1372 1166 2328
1285 109 1689
2195 102 4417
940 437 4655
1042 1657 1959
2159 2168 2408
2396 1374 1847
1946 4 2227
927 541 871
935 992 3155
1060 1212 316
2207 650 2715
816 691 901
1252 2244 3742
2142 1725 1962
501 198 4706
1906 1380 155
597 792 2570
2326 678 1544
436 809 1888
1745 40 790
1824 1618 2357
2423 930 634
109 698 3491
2273 397 3816
1110 1813 1866
1599 1264 598
1546 2177 2093
867 262 3612
1471 459 344
725 1288 3520
82 2246 4543
1120 1628 380
2226 759 1614
1553 406 134
215 2153 3265
1260 1923 1160
560 1771 4055
1031 801 1501
1622 600 1075
700 1733 3908
1678 1847 1249
850 2194 505
2370 2212 1021
839 1589 1305
1677 1267 4606
1747 830 343
1988 644 4305
2108 56 3565
924 1942 102
1348 1535 1657
898 1769 1564
824 1248 4437
751 1871 947
618 1902 3375
2363 500 4675
2278 1864 3019
152 1008 1107
2009 548 2129
1919 1663 1323
1717 2133 1380
381 179 3671
2329 1139 4126
1450 2475 987
111 560 4561
2258 1029 4286
812 1638 2240
436 809 1115
130 158 1977
1410 2466 1702
647 1358 352
1844 595 3096
284 1767 3703
1264 2192 580
2232 1678 2954
2382 2115 2
1969 342 1352
2142 1725 2035
1435 606 1099
2261 430 110
974 1632 216
2158 143 3543
1999 83 2510
533 2268 2308
573 1352 1426
740 1205 3892
1119 1909 3828
162 180 4833
660 781 1010
64 52 2766
774 1312 3882
246 1684 4684
1816 825 2689
483 2147 827
315 1834 2689
2165 452 1797
495 1698 1934
1333 2037 930
1112 2202 897
2203 1651 4214
551 1989 671
2191 651 1588
2494 862 4546
431 1191 485
2411 88 3617
620 1018 3208
1764 847 4184
2175 1457 3458
1480 1517 3104
1929 2260 123
1011 477 4174
957 1979 1995
104 1118 1377
2272 590 2655
1845 1642 639
182 2257 1797
566 1821 2465
2417 215 1616
1130 1799 1825
2336 748 668
1208 2345 4430
1194 279 4835
426 772 3695
328 1701 3376
2278 1864 801
443 2292 2374
2438 2000 34
2347 1351 226
1601 740 3771
549 1101 2219
298 2200 1573
1623 1980 1901
217 1443 2120
2443 2075 962
2406 1884 3153
63 261 4132
784 1831 4315
1650 1675 3023
1486 582 506
2111 864 3156
83 715 926
987 2379 2915
354 1470 1689
2425 2265 782
1303 1525 108
460 1591 287
2092 563 2548
2409 2483 2841
2342 2059 3153
1542 1269 247
1799 777 510
1207 1112 2987
2387 1575 1214
2268 1967 4384
1162 1275 2916
1039 81 4621
1157 2382 3862
550 270 568
1654 903 938
934 156 4043
1391 2225 2347
1158 2424 2195
2078 1144 4104
1589 1652 2663
47 1093 1221
745 807 1438
1932 1543 4460
285 2047 2655
2338 2278 3521
1284 281 451
608 1885 2552
1136 1682 3853
510 246 642
557 376 4250
1294 1891 2880
1606 1251 4217
1622 600 1532
972 666 1262
923 1276 3797
1178 315 3155
2035 876 1158
2356 1095 380
1258 915 2222
2150 1929 3521
2464 2473 2290
2111 864 4055
1067 436 213
2245 1808 1315
1922 1817 4828
627 1419 1231
885 1567 4580
691 1867 572
971 1408 1099
192 1600 4406
1703 373 1351
2481 887 454
2310 1219 2180
1850 2116 323
1978 1933 1633
1397 1870 4255
819 429 4561
1842 1653 287
41 362 2286
2084 2461 4167
870 131 1191
448 153 1252
1645 485 2725
945 616 2758
1854 2052 4758
1353 2032 4804
1749 1897 3582
231 39 150
340 2065 2683
834 505 4089
1504 2484 2374
2116 2240 1139
1941 1347 4077
1735 609 2301
1164 2313 310
625 952 214
115 2305 1992
732 354 1564
2133 568 855
425 1391 2271
2265 1604 608
1853 937 3757
784 1831 1912
888 1723 2188
1226 1116 74
1950 1797 2830
1469 2467 2428
1695 1762 1798
2401 455 4283
822 1614 1489
1551 456 4391
96 1211 1603
2106 598 4330
1114 1850 3325
1439 820 3777
565 779 4066
269 487 196
2154 2306 1262
1663 29 3689
1083 905 4516
2081 1026 2006
1733 2444 2080
345 1368 1995
1957 835 3374
710 1310 1357
287 1485 2751
2465 2087 449
308 577 3269
1826 1406 1577
497 467 1486
379 113 4189
1532 481 3194
1341 1495 1110
349 2426 2251
1401 2354 1985
2407 105 1648
1131 1506 3561
1841 244 4854
1873 1955 2775
1699 312 1436
1423 256 1051
168 2023 636
759 1471 2342
2110 1849 2307
613 1027 2530
402 2478 727
2268 1967 3260
1766 1778 119
810 183 4641
1959 1180 3744
330 1464 3386
1455 750 1392
656 1999 3869
1994 1382 1380
2181 2011 3622
746 1824 3934
1454 1438 4729
963 1795 1194
1502 2387 4504
155 1936 4630
1084 216 2162
2350 2490 2274
2500 703 4518
1890 2122 1184
2249 46 2286
195 2454 348
1991 1365 191
2291 142 1676
2215 639 1313
1009 1486 1072
401 556 3337
1818 1105 13
1817 2184 1332
1332 265 308
153 2455 4382
1538 1030 2661
1849 1806 3273
2421 709 3175
1405 1841 1667
897 2496 2554
1811 1732 878
1515 1011 1801
1629 173 3856
659 615 4107
494 2247 3584
2004 11 3023
1564 1987 470
960 1707 785
2101 572 555
1344 1688 20
2187 2434 118
418 2356 15
183 2369 3559
1535 1168 3188
1492 2106 1800
611 205 184
1837 419 1381
2488 2130 2327
1512 1265 3982
727 495 2121
198 2452 1064
537 1099 2071
322 579 4575
910 2406 3934
1550 401 1130
1370 408 353
294 924 3265
1313 293 2951
1318 1656 2619
1904 410 642
524 953 4138
880 1044 1135
1958 1021 1997
1953 1465 2013
6 674 3063
20 1341 4368
382 1388 2005
588 976 155
347 70 3248
2168 934 4508
918 2141 987
2029 496 4504
191 1721 555
767 1880 3137
1941 1347 3807
486 1761 1494
2223 1231 539
1979 27 4286
1192 2279 146
1939 2245 759
252 1735 1574
1095 1131 4580
786 1587 2294
453 1128 4104
447 202 3242
672 1153 3383
1965 13 839
1705 912 2706
1563 555 2368
1668 1726 3400
537 1099 2954
2364 2249 1212
2086 834 3994
1594 2166 2484
1142 290 630
1274 997 4081
821 2366 2262
1656 169 3649
623 2199 139
502 836 3478
872 2248 3876
440 54 4731
293 1865 1866
137 238 1528
576 1252 477
848 1963 1279
231 39 2180
154 228 3671
1884 796 4492
1134 2092 4271
415 1945 3451
177 631 423
2039 2099 4071
1433 188 3758
2013 2326 3232
1615 843 116
16 842 3735
1761 983 1507
69 112 1734
530 751 2251
2001 1508 1672
2429 1155 2101
1584 214 1144
2384 655 2195
185 1837 1560
685 209 1576
637 612 3089
2369 1170 2782
2215 639 818
383 1666 4762
1057 504 539
171 1121 548
833 756 31
2064 159 2835
1046 344 3079
503 1371 2124
457 2371 113
301 1489 717
1041 1531 4721
1262 240 3697
1594 2166 1001
1275 2346 3236
186 2336 2207
1472 910 1913
847 1375 2684
1550 401 2939
2458 514 223
2124 149 3227
1395 2395 4604
1710 2479 597
1138 628 1594
410 607 2327
978 1009 3353
545 965 197
520 984 1677
1968 79 3321
339 688 3023
2482 1039 1444
2170 2068 4140
1380 1935 1439
864 1504 2537
942 1242 3655
2256 2036 4037
1663 29 1246
737 2139 2913
2052 1990 2916
1298 1059 2208
565 779 383
1919 1663 4212
237 886 1357
1858 837 1636
2056 1788 3621
770 1953 3801
1362 2069 3524
190 1673 4579
267 247 1912
2217 197 4622
801 1102 4345
87 1081 2520
1759 1794 2280
2088 1145 4817
2222 298 4573
2329 1139 3509
381 179 1429
1040 1343 2352
2006 892 101
636 476 194
1927 2145 275
1702 1258 3805
744 1984 2219
2335 1518 4758
2362 1730 1135
2368 2031 1089
1293 1811 819
200 295 134
1787 2085 3960
1485 1437 37
1955 492 1001
431 1191 4059
828 329 2410
409 672 3842
2365 2317 4505
1555 1993 3036
1399 10 3443
248 1209 1924
1822 22 3320
1943 299 632
1956 204 2620
2000 366 1656
868 1409 2836
259 1896 778
1071 518 1470
568 1857 3248
1724 2241 4510
735 1442 3091
576 1252 3600
2181 2011 3939
1690 1736 1051
1602 448 788
2148 593 3316
1408 1289 942
1209 808 2960
404 2272 4409
2130 1329 4079
355 291 951
1843 2013 4229
826 2196 1010
2384 655 1007
1552 2492 4838
1425 1120 4302
315 1834 877
1140 2026 2672
1918 411 3867
1529 657 709
829 1925 2263
2453 2042 4196
663 245 1132
2491 1163 528
58 1583 3625
1480 1517 2767
908 1660 3192
1642 2080 2525
1974 2062 2144
785 2333 2951
1436 1225 1110
1238 2353 3841
579 1895 4414
2190 522 1072
803 1800 2932
1576 1433 2071
1025 2118 4521
2320 2284 2148
738 2250 581
1113 1395 1140
336 813 3037
2461 1250 3404
334 988 972
1522 98 2374
982 2431 3151
1897 62 1081
1297 1669 1300
890 1360 598
60 1668 3074
1038 958 445
311 502 4372
1055 2051 2884
303 1578 463
2359 534 2063
280 128 2847
2140 1886 643
1497 998 3875
1809 1988 3213
893 2253 3502
2164 1623 1919
1782 1176 397
1864 1903 2794
277 812 3822
38 1944 3977
113 239 1875
332 2076 3445
1068 900 1252
547 2156 494
1126 2322 844
346 1571 511
2076 671 1576
1224 200 3081
2394 510 3559
2018 1156 4516
2313 1599 803
1211 897 4472
1901 191 1315
2450 1501 3844
65 2391 1621
871 1749 1365
1400 879 3509
556 470 3080
2497 2015 4276
946 2180 531
339 688 1845
2437 1879 3841
1408 1289 3222
1880 1 4573
1954 1065 2035
2488 2130 4266
1156 2086 1726
592 601 1782
1570 1142 1231
299 1129 4342
2394 510 4638
2469 152 117
2156 1894 1023
1818 1105 3574
871 1749 3015
160 680 1190
1447 762 1014
2413 2481 1608
1292 146 4231
159 28 97
781 730 980
1122 1890 3381
1382 1403 1896
1525 1699 3700
1058 719 1646
25 1816 421
978 1009 4255
2372 604 1449
1062 870 27
1189 422 250
2145 2357 3083
711 581 4096
1294 1891 4218
1206 111 2238
1630 1012 4604
698 2148 3338
395 1314 2534
331 1822 4139
1322 2385 4304
1752 2009 1169
2053 1527 1429
2397 949 2201
1860 387 2636
123 1210 1877
1855 1014 1063
984 617 981
1473 2243 3745
504 939 121
386 1319 3623
788 1393 4173
1801 1479 1494
1958 1021 4444
2363 500 2134
811 1839 3642
1521 1801 3654
995 466 2758
1501 233 1657
46 818 3064
1954 1065 2300
669 933 3437
1263 1615 317
802 749 1583
2164 1623 3786
28 93 217
1143 951 443
2056 1788 3584
967 1064 3190
857 1143 2051
1875 1805 2007
952 1061 1077
1435 606 3263
1772 2338 2337
2340 2078 4077
858 1789 2918
80 1133 316
1205 1550 1293
819 429 4713
1804 1356 3036
2336 748 4361
1367 621 1382
1538 1030 2838
1940 543 3230
1050 2304 703
372 901 2395
1721 66 1266
1770 168 3150
1123 1377 1938
1360 1509 4364
126 2282 387
567 2293 3089
2262 2175 2399
2014 445 1950
1547 1851 905
774 1312 451
1090 1154 2154
2031 1982 1948
1263 1615 1479
1346 1927 4856
954 1846 4860
1374 661 2779
54 1295 2544
671 1703 1544
1374 661 2860
748 1229 599
1197 1477 238
264 2425 2219
2316 439 2871
2498 2259 445
348 1243 1041
1231 2159 3781
694 1630 2665
2150 1929 482
638 1491 4750
953 697 11
170 1705 4391
427 1774 631
326 1200 4210
98 791 2111
421 395 2809
113 239 4729
877 961 104
259 1896 3865
1992 673 671
1508 907 4144
148 1892 378
651 328 1072
906 1241 3074
144 1496 1279
1627 1190 2277
525 2189 763
1498 2024 4382
542 1823 3005
2252 2477 2678
1750 1434 4541
1650 1675 2433
513 446 1855
2018 1156 2888
1793 1969 834
1803 1645 2586
223 1216 3676
1234 1198 1693
1093 1727 2595
220 2217 2855
2003 1418 2007
682 1948 4161
929 2361 1064
2130 1329 506
2277 26 2156
1231 2159 2923
227 1930 3777
738 2250 2281
1232 1066 1057
617 1874 1998
2285 2376 3663
1356 1427 1537
722 583 1734
2393 2239 3371
321 1786 3192
995 466 2240
1051 1394 4229
2085 1226 3093
1508 907 604
378 2445 4770
2137 242 4315
1262 240 2202
1503 345 476
1366 855 2162
1903 2125 2338
182 2257 1174
2275 946 4850
2468 1603 4174
767 1880 278
2391 2186 1772
1287 1597 1971
574 860 4259
855 1659 4193
1256 2409 1064
950 340 2982
876 738 4430
1797 537 3930
1638 391 3065
1521 1801 2194
1649 241 2530
2461 1250 1169
306 2164 4314
2217 197 2124
1223 2459 4074
1316 662 1500
888 1723 461
2082 127 642
1672 1594 2231
606 2290 618
1082 139 2120
1414 1840 627
1244 2058 873
1417 675 4788
1183 44 421
2167 1777 4345
1473 2243 1574
30 1294 1945
310 574 454
2347 1351 3520
583 1404 1541
1013 174 4862
765 1581 751
1089 1353 3706
1539 975 4835
1900 2262 3592
7 733 3087
1245 170 2879
1559 259 2806
1350 2111 163
2 716 1034
975 25 3819
1312 906 1832
2464 2473 1769
2477 468 3031
528 1412 1534
92 2195 3432
1387 771 121
1891 1862 4016
2428 1511 2895
348 1243 593
636 476 4001
1339 465 1215
1106 132 423
1431 2035 511
2062 1189 3870
470 868 2912
90 1201 1034
2112 1284 4572
1089 1353 439
519 1836 1184
423 810 3572
798 2256 1306
132 2403 2057
1465 493 1874
2243 2398 2730
992 1005 1520
131 1957 258
1086 231 2913
2291 142 1107
1582 652 666
1544 757 4286
1966 1544 4761
333 2163 1359
2144 441 598
2063 1107 2012
229 871 4811
423 810 2032
1583 1965 2078
1377 1239 349
2480 1055 4228
2092 563 4625
596 2468 933
1199 1324 2509
1388 1484 4505
221 1309 2655
2377 2389 3516
1068 900 3454
1441 140 51
1276 610 1157
2456 494 2730
14 1381 4460
1624 1750 742
1087 1450 229
2433 280 2111
270 1991 1481
1327 611 3326
1624 1750 2240
1996 803 2970
2320 2284 2248
1082 139 259
392 483 2642
585 2429 4858
434 378 2364
1980 633 1822
2296 554 2733
2021 1861 1367
960 1707 2111
2492 2213 4231
1596 763 1748
1189 422 3067
512 605 321
664 1585 1524
2197 2332 737
1389 1677 4126
1747 830 2657
1070 729 2899
865 348 2855
1137 31 135
2279 927 490
2054 12 3104
713 2453 3979
582 9 47
172 721 4063
1405 1841 4177
1581 603 1297
989 1429 4446
526 2235 3079
1592 2283 819
1902 681 2901
2205 310 4211
176 2374 243
210 2045 3625
1376 2057 193
2042 1737 4634
772 404 2848
1507 121 1995
2125 1754 691
2318 1047 735
1281 199 2110
119 356 2623
1652 271 1895
2423 930 1967
2250 670 730
369 1974 2287
2397 949 1332
847 1375 1716
2124 149 1949
274 1215 3404
105 484 1438
475 2179 3075
1098 2289 3979
584 1338 2886
192 1600 370
1788 1483 924
540 210 608
1665 135 4704
1028 1305 3520
2077 2315 2594
2221 400 4429
2436 694 1779
2348 1024 3337
1198 2097 4123
2255 274 1686
1683 1950 125
2001 1508 3239
353 1968 2238
1836 385 1088
2237 1649 504
451 166 3940
45 134 3922
433 302 4831
797 1956 703
1112 2202 35
1687 1459 981
539 1995 439
773 2113 4541
1831 341 1411
1220 369 128
1704 343 4622
1228 319 4593
2206 147 4474
779 1001 1798
2099 677 1133
1048 859 3022
480 957 746
1306 1596 2342
67 1436 2306
846 1619 4554
137 238 245
1706 2140 4446
522 2264 2809
1502 2387 628
1792 2155 2057
2134 1853 1246
2452 909 378
1339 465 1158
1229 2232 4633
516 1829 703
16 842 1849
668 2030 4795
2054 12 1524
1757 1091 1553
1776 248 3187
1790 770 363
383 1666 3960
1771 107 250
121 2319 4374
422 1713 1894
2023 1232 4702
1326 1627 2524
590 950 3495
765 1581 1489
2287 2142 1104
564 1354 1060
1062 870 612
875 1020 2240
2349 2236 1664
167 338 1894
1444 925 2525
1720 384 1145
823 2342 666
1152 1078 4123
420 1240 4563
1779 877 1079
297 913 2556
2375 1910 1905
2123 826 2578
2201 1690 3935
1031 801 3106
1878 317 976
1673 2423 545
2022 509 2915
1475 237 1855
371 1337 2318
551 1989 1926
1009 1486 4055
1721 66 668
1917 2407 1823
914 1187 720
396 263 2089
1817 2184 1395
2455 243 2917
909 1916 683
2235 2222 2968
2407 105 4752
836 1074 2141
2301 586 2051
2419 276 2751
397 1906 1791
1296 882 4898
1145 325 641
1266 64 4296
1071 518 1832
2290 2027 1926
1775 327 787
546 2450 1702
1619 1549 3770
1170 2070 826
138 1883 4109
2341 226 2673
1349 2486 490
866 1577 1499
412 980 1784
2247 1863 2475
1493 1453 3468
1337 571 1367
201 562 4637
1285 109 1301
1923 45 439
584 1338 3367
661 414 3814
1077 1335 4144
1384 2210 616
2121 1720 3350
1537 684 3124
935 992 2594
852 1035 1274
2489 1147 4213
1827 1279 1863
1250 1940 3786
218 1185 2863
1234 1198 2360
534 1262 401
2218 2438 1912
608 1885 4666
1052 1782 4184
482 438 4577
244 2377 454
2405 150 2306
2049 118 2655
2029 496 2451
2466 187 270
1058 719 333
200 295 97
1933 421 1547
1894 347 2637
22 540 820
1334 515 3432
1533 1340 4837
980 2006 991
1745 40 352
570 2493 4881
1850 2116 878
1190 981 2502
2383 21 3443
2445 764 2726
2095 2193 1207
1762 37 4374
1296 882 382
1030 1513 2583
2134 1853 4872
2428 1511 4100
1534 374 2534
2269 47 390
1808 1321 558
1342 1152 1476
1032 1792 2097
1942 2363 641
1420 192 2982
1918 411 4055
927 541 1113
2132 968 81
993 2330 3770
1852 138 3010
723 2413 485
1753 157 4408
1780 249 632
869 427 1395
2005 189 278
665 1564 3898
249 734 3886
1063 2119 724
2263 1751 4321
832 1159 4295
70 1234 1894
1761 983 3819
1175 532 959
2458 514 612
718 1555 4607
1626 51 3333
837 41 3563
2023 1232 1412
933 1529 4538
479 1681 4168
146 498 1945
2091 482 1677
917 379 2208
968 1621 104
2242 2340 818
2245 1808 2072
366 538 2072
286 289 3599
777 1157 1646
1323 507 160
406 1949 4508
1021 1700 1824
1222 2349 3561
2230 2182 1645
363 1452 264
2266 1579 1517
43 1746 1736
2411 88 1160
979 65 3574
1121 1124 387
1291 1569 3538
1438 1424 3321
491 1293 2002
904 857 1432
388 531 2141
27 702 7
44 2204 3467
1724 2241 4661
2008 527 4012
81 2443 2723
906 1241 2662
1006 898 970
316 1108 4809
2040 1913 818
505 1385 1301
2457 1327 3089
1225 1052 4661
1995 806 3962
2373 359 3754
1703 373 1486
2323 383 407
228 1056 532
892 2347 1801
1454 1438 787
279 48 897
1750 1434 2053
33 723 2025
2396 1374 1392
1948 332 3042
65 2391 386
405 316 2451
104 1118 85
1445 2378 2156
796 717 4214
1723 2266 788
703 1090 2727
633 1141 4133
538 932 3998
2163 186 3676
1446 726 34
249 734 2794
217 1443 3495
1127 503 1018
1829 632 3607
1657 569 4505
1666 914 991
1541 2417 2940
894 565 621
1305 117 3896
610 1175 1041
1561 649 1296
1117 433 1731
1840 973 3155
2390 2008 2697
827 1793 2863
790 1085 1330
752 1036 2586
388 531 3180
1251 2128 3882
2180 346 2485
1105 1970 3930
999 1350 45
156 845 1226
2299 1798 2725
2220 928 1977
2375 1910 2544
907 760 3735
2028 1467 1144
2358 2067 1546
836 1074 2337
625 952 2771
616 584 3834
901 1051 1522
2303 167 2839
2491 1163 545
12 399 901
1429 1753 2048
560 1771 3831
1565 1449 175
2414 1000 2686
2009 548 864
1731 844 2982
1490 714 3655
879 765 1470
236 104 1777
1006 898 1404
2271 2311 982
1910 323 3104
2216 2223 4856
652 375 4001
2128 1277 3598
1041 1531 1925
2093 1547 2645
955 1214 1798
1416 1882 3500
2297 1114 548
1476 2016 1331
245 1760 3433
706 1768 2803
2293 1556 3190
2234 1498 1255
56 141 2142
393 76 372
918 2141 563
368 2028 3208
2185 251 4248
2120 1413 1107
848 1963 1993
2229 1522 2368
319 1994 4382
1384 2210 855
1764 847 1831
1737 1317 2059
2451 2121 1216
1479 2207 3590
208 292 4830
902 23 4391
1237 1285 15
1230 624 1800
207 1893 1281
2475 1521 4382
2070 1658 4038
1204 814 4228
601 1410 1178
2269 47 896
697 1415 3822
2280 444 104
902 23 1835
951 1399 116
2081 1026 2479
743 475 3222
1947 1542 948
394 2126 3999
716 1493 975
893 2253 2422
320 1693 4757
400 61 1508
1938 1629 1039
889 1111 2517
1388 1484 4272
1260 1923 1404
961 101 2683
491 1293 2780
1288 941 4115
1799 777 4211
61 2061 2221
1816 825 2475
484 1928 502
986 1541 3607
240 34 618
979 65 4595
1892 1088 4737
1026 1221 1004
1985 1445 3391
541 665 959
2047 929 2410
1516 2100 2136
11 1773 4762
385 1344 597
129 1609 1481
2032 1100 3855
1254 2072 2153
1085 669 4593
2129 1931 1637
3 1686 856
2152 1010 3849
1658 706 97
1293 1811 2548
1551 456 3018
362 570 2668
2300 1783 4857
595 2102 4866
2057 1490 3337
50 1546 3568
623 2199 1906
1400 879 3655
1259 964 959
5 2201 2552
1735 609 2285
2419 276 4593
1932 1543 4255
1162 1275 3834
1548 923 4782
354 1470 4319
581 416 4858
2483 1702 4173
2071 1679 863
2281 2019 3853
1348 1535 1501
575 161 4750
1244 2058 4468
793 2167 3137
1534 374 1801
82 2246 4792
77 390 4138
914 1187 323
1701 1253 4616
1733 2444 3674
1381 474 1845
527 253 2243
2462 1536 1739
897 2496 3404
2143 326 1532
1857 1447 511
1771 107 3891
815 2050 2594
294 924 4429
2376 1685 3292
1844 595 636
1693 656 3850
1506 2079 2578
1563 555 3344
1461 1188 2129
2061 371 4851
1562 1254 3458
2437 1879 3424
2073 2048 2826
1129 2457 3520
1377 1239 3808
1431 2035 3446
900 996 3979
1283 425 295
574 860 3495
7 733 4154
957 1979 3129
1715 742 2826
72 267 3752
214 1291 1719
1358 1235 1104
2331 1743 4243
523 783 4301
41 362 1924
1176 1926 3134
524 953 3623
283 1135 908
1823 1050 957
59 1598 655
2412 991 2723
708 1966 3351
2408 2318 2675
1373 486 1648
861 945 4170
775 728 3270
1450 2475 4703
1245 170 1740
99 1089 3366
655 722 1049
958 1612 3227
994 1397 4614
256 1045 1929
2044 38 1621
975 25 1258
2378 2178 4646
463 1440 4634
2099 677 4434
1434 597 3462
1446 726 4174
29 230 3673
359 838 146
335 942 2884
1407 2170 2766
2151 275 834
125 2303 225
414 451 4641
1644 1032 1070
1269 1328 4585
647 1358 2529
1768 1355 3362
2107 736 3371
830 1908 3976
1863 1333 3535
1399 10 511
641 1193 336
1525 1699 3634
1569 260 1152
734 974 985
1485 1437 4295
916 849 4357
2158 143 3849
1051 1394 4833
133 2410 4835
2442 724 1678
1500 1917 2954
1219 2143 1751
1617 2165 1524
913 994 1564
446 1560 1634
188 2004 828
860 1724 680
2196 1272 3351
29 230 2983
62 799 980
757 904 1269
1509 766 3614
304 1400 2433
261 1744 2002
1554 2469 1948
563 337 1986
2043 1040 2757
1310 2401 3960
2090 1366 3637
2055 208 731
1985 1445 4480
2498 2259 3885
575 161 2363
1929 2260 3664
2202 2214 2592
1524 2415 3433
2051 1346 3319
658 743 4394
184 1042 4207
2118 2084 1150
2385 1136 4486
24 2158 30
626 551 1494
1780 249 3982
151 1714 3388
1476 2016 4025
815 2050 4358
507 1332 2894
1335 1601 4336
2222 298 1870
1121 1124 2208
1007 619 4838
1984 592 1560
2379 2007 4373
677 948 2162
1217 1444 3622
1877 1255 4385
1323 507 860
1646 229 1275
2303 167 2453
1489 469 4856
201 562 1346
69 112 975
1397 1870 162
421 395 4898
1742 875 1461
1273 2005 445
1246 1389 603
838 1259 1163
1558 2135 3537
2224 82 4505
1785 6 2940
641 1193 1258
863 2137 2507
2388 1860 4092
1546 2177 353
2311 2310 3208
1722 2101 4232
768 761 2930
2005 189 4224
2039 2099 3628
120 2320 2262
272 1071 1503
1610 1852 437
513 446 2497
2322 193 3407
2450 1501 3046
126 2282 477
886 999 1522
101 1611 1099
1688 2227 3778
600 1911 3747
2333 816 1024
1611 660 1909
1732 1246 1021
2094 1763 4577
1345 647 1633
1853 937 1924
97 2206 3414
1634 1405 1669
2152 1010 1
2473 1671 4347
566 1821 4192
2319 2216 937
552 1331 3130
1528 585 2555
2151 275 247
2013 2326 3766
1457 2046 2344
80 1133 1714
1145 325 4213
1181 2487 1817
1545 1280 3015
2308 269 1748
1161 513 4347
2295 1899 1099
1749 1897 425
1621 1067 3025
2187 2434 3016
1474 2233 1571
1936 1196 1669
2249 46 1752
480 957 252
1652 271 4876
2457 1327 1099
963 1795 2792
1668 1726 3496
84 1194 2321
917 379 2727
1861 1268 4761
558 1622 4714
1300 1595 1534
2109 889 4831
653 288 113
916 849 3144
2392 589 3319
1664 1779 1788
2486 1119 2301
1829 632 4811
2400 1844 3362
17 488 1313
2016 1455 3988
497 467 4752
391 2448 1090
260 14 4867
2074 936 3406
1230 624 684
2174 1523 2251
2010 1369 1502
733 1033 1842
910 2406 2290
1042 1657 2839
1934 2230 3038
2127 2491 1332
476 1383 3890
659 615 3180
2351 2187 3178
52 360 3445
969 1334 1754
318 352 4638
825 1708 2767
1321 1553 361
1070 729 1227
211 1971 4069
2470 1748 2672
821 2366 1090
500 19 1420
174 2029 4757
2036 1637 3285
804 324 2721
940 437 2428
835 90 2554
1116 2370 4339
1358 1235 278
2244 309 759
434 378 363
939 2355 4034
233 1755 2544
1093 1727 3870
2367 1053 4119
67 1436 2534
644 1233 4835
808 2451 2535
1354 1063 3208
840 2291 1213
2302 2049 828
102 1519 2964
1356 1427 3792
2103 1376 2005
1355 2500 933
2185 251 1152
1514 1181 3917
721 972 323
936 1872 1483
1486 582 4118
631 53 4326
843 1182 3676
2254 2367 2859
1939 2245 4010
844 2295 3865
2482 1039 1594
745 807 3289
1758 908 907
92 2195 1905
84 1194 238
717 453 1874
1440 1512 3391
2318 1047 2036
599 1932 134
2080 415 4758
499 1709 35
874 2325 3129
1698 1961 2821
2321 878 1133
142 392 2035
924 1942 1733
1351 2498 3219
89 685 2930
2330 2150 4072
881 1087 372
2236 1362 2709
1100 1620 982
965 1167 2884
1755 1117 4742
739 1086 3969
1698 1961 1634
951 1399 4392
936 1872 3850
1884 796 3215
1883 296 399
415 1945 933
1343 1918 1381
791 353 863
1406 2402 226
1304 219 1051
2282 546 4637
638 1491 4402
1008 2 1666
507 1332 2065
771 164 1810
1518 1825 4518
1509 766 777
2454 1041 4646
2374 658 3990
2467 1062 244
1706 2140 614
2203 1651 3895
2019 828 858
1635 2360 4762
845 1197 3374
2209 418 755
2479 1937 3621
1107 1502 1926
245 1760 205
232 1696 3187
120 2320 3704
1109 1058 1901
1185 1207 74
2294 2211 4739
471 2215 4672
1808 1321 4726
628 255 3560
973 713 2420
1275 2346 3315
1936 1196 3874
1061 2416 3534
1974 2062 802
2484 235 1057
387 641 717
1740 1877 4449
2492 2213 274
2015 1738 3491
2230 2182 1104
1243 1379 4491
1545 1280 271
1689 1227 317
1301 2269 1127
2028 1467 2950
1375 1790 4704
853 1787 2626
2218 2438 1421
1719 1691 4042
1449 636 4467
8 2176 170
1837 419 4038
1963 133 248
1856 1363 3629
443 2292 4544
2108 56 2636
1729 77 1993
598 1106 4002
124 839 1982
1197 1477 3642
1873 1955 225
1064 776 4472
991 273 2543
1928 277 15
1136 1682 3842
2199 264 3094
999 1350 4859
399 1173 3049
1927 2145 1494
2391 2186 3414
1440 1512 3745
632 151 4002
138 1883 4545
1626 51 140
1270 129 4750
1372 1166 1459
2490 690 3490
2195 102 3533
211 1971 1994
1595 2307 2258
2211 2149 3036
1482 753 2287
1714 115 1127
725 1288 4847
290 1313 4090
1389 1677 4767
2480 1055 1823
1825 2254 2288
251 622 1768
676 2093 3662
1428 2273 1007
78 432 399
1930 2456 343
1081 2294 2293
1949 1025 3155
302 1122 4231
1169 1349 2285
846 1619 4296
1327 611 3822
1054 1976 3682
2137 242 282
161 549 4430
403 739 541
83 715 4638
2466 187 844
724 1023 1736
2031 1982 1261
2346 1985 4373
1139 1401 2803
129 1609 4173
1447 762 1439
1376 2057 1483
2302 2049 36
1452 1208 3177
377 1952 3735
1515 1011 756
440 54 3150
828 329 987
495 1698 2033
799 559 531
378 2445 3106
347 70 571
1680 434 1754
2034 854 4002
1459 1802 3265
976 2351 3673
2109 889 283
1413 2337 2311
1600 145 4324
2076 671 4000
762 223 614
1056 1094 3764
1174 2316 4410
1561 649 3673
1791 2474 1764
1142 290 283
1986 786 3535
1328 884 600
180 435 1909
1344 1688 985
1870 2112 2767
1497 998 270
1103 916 2831
1079 1357 3807
112 1315 2484
1722 2101 1079
649 1411 262
37 1384 2197
2131 1586 3537
908 1660 770
1794 1278 2306
990 634 1444
2246 1712 3103
1716 1407 2690
2012 1978 1659
1763 386 1744
1088 137 3384
1781 1986 4595
778 858 1213
1632 2327 3178
2025 931 1218
684 707 2658
751 1871 2911
729 499 249
688 2419 433
38 1944 415
419 2224 77
1641 827 1223
88 2399 1163
1149 1540 464
1321 1553 2765
1621 1067 3316
1064 776 2802
522 2264 1906
1005 1644 1874
2060 1548 4851
55 305 1747
1833 2228 3797
952 1061 2125
262 1461 3074
1922 1817 1930
1748 78 2665
1147 2441 2363
2404 1973 2402
2439 1274 3375
901 1051 859
1571 2152 287
2359 534 2598
281 873 510
1848 1292 107
2088 1145 2794
224 1038 2548
1105 1970 4367
716 1493 1078
1022 1858 4335
1701 1253 2783
141 982 1822
1086 231 4004
1611 660 3445
2465 2087 2525
2312 361 2428
1535 1168 2966
1135 1648 1330
760 1297 1226
68 1828 1287
1277 1481 357
89 685 3077
1595 2307 3837
1468 92 2360
1951 2117 541
1728 1416 976
1759 1794 1194
53 2252 412
475 2179 577
225 1998 4349
2100 460 2227
787 1859 2848
1587 307 3149
520 984 3526
374 190 4566
87 1081 632
1418 1640 1926
2403 963 2914
1470 1468 1465
709 1037 3589
1 686 3023
8 2176 4167
2490 690 2895
455 938 33
1643 960 4808
953 697 802
544 2288 4771
1316 662 1772
1602 448 952
618 1902 3935
1623 1980 4444
1266 64 2089
754 587 2425
624 643 3979
1834 285 48
1998 1563 868
1692 815 2460
887 1562 1825
139 224 4623
2308 269 1043
680 1507 1014
2432 2082 4474
2096 2485 4229
48 2476 3559
1092 829 3210
31 1960 3703
577 349 2090
2242 2340 321
1541 2417 1686
239 364 3190
230 2132 2637
1639 1914 2151
1036 1812 439
1357 1625 2947
568 1857 4492
1418 1640 2349
243 1420 1521
303 1578 1913
2400 1844 1112
461 935 3367
1854 2052 2210
1590 311 4184
1268 517 4869
2032 1100 3951
2493 2001 3014
1302 1532 2275
2104 1028 3081
1820 2446 2817
1982 206 815
230 2132 4440
2473 1671 3600
758 2400 381
114 220 2502
690 278 2586
1940 543 3076
1187 2188 4406
2033 1639 3260
530 751 210
1226 1116 2172
511 696 812
363 1452 2035
853 1787 4324
239 364 1147
1151 266 2051
619 841 4703
1671 478 3079
534 1262 2195
88 2399 1439
1406 2402 4069
477 1584 1296
660 781 2042
1774 1716 1132
1973 2041 2879
826 2196 3269
61 2061 1171
602 227 2172
238 2488 641
1605 902 456
1118 2422 449
389 2090 4113
300 1281 869
241 160 97
2087 2185 2250
1347 130 2860
2374 658 4504
1598 1423 477
1977 893 2894
1160 1077 2389
1944 2242 2306
1457 2046 3023
972 666 3737
933 1529 2037
2328 218 2642
873 700 217
1867 334 3240
1586 380 1392
40 1959 875
810 183 2399
1849 1806 3049
2276 2463 4285
2390 2008 2672
2452 909 3862
2017 80 3185
1741 2077 1190
1010 1661 4292
1075 1695 1339
1503 345 32
10 1915 1919
1140 2026 1686
1222 2349 951
2456 494 686
441 1719 3822
1003 2010 1356
1888 539 724
2173 1842 3961
1307 1510 4
750 1172 12
1556 1643 3554
258 447 720
2435 966 3954
1573 1772 3757
992 1005 975
854 479 991
1593 1148 545
1228 319 3468
2314 787 776
705 1125 178
1732 1246 456
1593 1148 4333
1613 780 2479
1654 903 1365
226 1097 4784
1118 2422 223
518 2172 1451
1163 1299 3859
1489 469 229
1444 925 4814
1711 1516 2968
246 1684 2679
248 1209 4111
1625 2301 3240
1274 997 270
516 1829 1689
2460 993 737
1971 42 1652
255 163 3875
582 9 1921
1191 69 1716
2252 2477 3400
755 989 3550
2250 670 4426
306 2164 449
255 163 639
609 2209 4501
521 2394 4510
1998 1563 1614
2487 1983 4554
459 987 2288
1292 146 2782
194 1835 1593
2389 308 801
2402 642 539
1962 1520 3626
678 1031 445
563 337 292
1531 222 3031
2089 508 3177
1379 978 1716
878 125 20
2066 403 2519
2361 1080 2678
2270 872 1515
297 913 3305
1398 1946 550
2062 1189 598
1832 1113 4448
1887 236 349
1295 1184 1874
465 704 4251
512 605 3222
1474 2233 4434
883 389 1832
2281 2019 1877
1184 1962 249
555 394 1754
1751 87 2129
1433 188 4690
161 549 2689
1662 97 3358
26 252 421
1805 863 2915
1171 1539 1010
1218 956 4890
2030 547 1077
904 857 3255
365 1256 4384
433 302 4091
337 91 693
1989 1568 3414
1215 1766 520
1554 2469 4385
993 2330 672
895 2495 2231
645 1613 3557
2489 1147 2689
535 2226 2344
1338 1819 2460
1634 1405 30
2332 2396 3537
1247 638 3236
2113 1392 759
865 348 1557
891 2003 4167
288 1488 256
1012 1592 107
1904 410 1702
314 990 2467
337 91 1537
251 622 4629
1967 2096 2177
2330 2150 4139
2229 1522 2252
515 2160 4739
493 1856 323
1308 1664 2652
531 995 4577
2139 1641 3555
1639 1914 4577
2241 2064 4230
1478 306 4536
2132 968 3902
1422 1848 4671
813 1476 316
1573 1772 981
1658 706 2036
2357 2482 2149
12 399 803
1060 1212 3135
1524 2415 2619
488 746 737
724 1023 663
35 896 2306
2066 403 1023
1935 1554 3404
2123 826 664
1467 832 2124
496 2144 4449
1186 1674 3560
1830 1004 292
558 1622 2041
1094 2173 2463
1463 144 1257
621 176 4349
1810 100 1863
387 641 3037
1396 2237 1272
206 1665 1171
651 328 2307
687 737 3404
872 2248 1724
1210 824 3049
890 1360 96
361 2380 507
158 1134 1616
675 1672 264
2435 966 191
776 1472 2878
305 2091 16
572 33 4855
386 1319 3800
2432 2082 987
444 2324 505
1630 1012 1636
2387 1575 545
1660 2439 196
1700 620 15
1180 1654 1127
167 338 2871
1528 585 1436
223 1216 566
643 1873 903
2468 1603 787
458 1838 3252
17 488 348
233 1755 175
1417 675 4062
1069 388 3954
263 1907 1097
2279 927 4837
1591 57 3534
333 2163 387
1717 2133 3366
1575 457 4692
358 1538 3240
1032 1792 1218
862 301 4577
2410 833 2727
1493 1453 2606
782 1273 982
669 933 2599
1835 2033 2654
236 104 4383
1518 1825 3942
2086 834 4072
389 2090 2502
1834 285 2300
1479 2207 2661
1475 237 3905
1628 1922 2
2248 2418 3574
670 1756 2137
571 154 2226
938 542 2406
965 1167 4001
1396 2237 214
1790 770 2380
855 1659 552
977 1964 1935
1976 1179 1858
1815 1342 805
1126 2322 4855
2416 1650 4624
2267 203 1731
1886 588 2444
2048 567 3754
206 1665 1784
896 211 3553
2493 2001 1909
2083 1296 3067
1707 1954 3437
1020 557 3660
1477 1096 1120
2121 1720 474
1893 497 3072
1830 1004 3458
2186 162 4417
1792 2155 1592
1403 1290 3333
1345 647 3870
1697 2464 3743
1700 620 3215
842 464 511
1581 603 2162
741 283 4258
1559 259 1260
213 663 3066
1852 138 746
2000 366 3053
396 263 3118
2426 1083 781
1924 2124 1985
478 75 3002
1536 1997 2775
1362 2069 451
1781 1986 352
1737 1317 4652
1951 2117 3655
859 1224 3429
1751 87 3976
987 2379 2624
1394 2497 1298
2283 1941 1544
371 1337 4373
2017 80 3728
627 1419 2227
95 442 4391
1810 100 3553
2286 552 482
542 1823 1089
2317 2190 4324
614 1617 3969
2288 1162 1948
351 114 3893
1649 241 919
891 2003 3550
1108 2197 1678
1268 517 3516
949 1717 3273
1676 1888 55
1203 181 47
1886 588 3319
196 2039 2912
1310 2401 2116
163 732 4737
689 314 1411
749 2471 1329
577 349 4662
2143 326 3406
533 2268 2144
1217 1444 2861
1391 2225 3774
53 2252 3150
1261 782 3077
851 2408 1271
1047 2437 23
1588 867 3174
373 368 3472
744 1984 4179
1619 1549 1112
1696 558 1218
1195 1263 1894
1208 2345 101
1432 1820 1022
449 1924 2077
43 1746 1451
456 1667 4516
286 289 413
26 252 2787
2141 381 593
727 495 740
324 1533 1643
1655 1647 192
1232 1066 2815
834 505 4157
1122 1890 1351
2383 21 3015
870 131 4218
2314 787 2871
2446 626 4138
1128 850 896
1354 1063 3413
883 389 2206
358 1538 1619
1370 408 3735
986 1541 2920
2024 822 3037
2479 1937 1286
1742 875 3454
2398 74 1420
1692 815 879
1577 1016 4079
976 2351 3600
9 1958 320
2098 2034 1144
1709 17 2202
449 1924 2775
2377 2389 789
1158 2424 2560
643 1873 2662
1188 1109 812
472 32 127
273 894 1619
1200 258 240
1931 221 4405
2106 598 1645
147 2428 449
1439 820 1664
1003 2010 4434
681 718 2030
178 462 2725
1978 1933 2364
1681 84 2649
1725 2432 1088
2069 367 3842
408 1386 2995
2274 943 402
1091 1431 3349
713 2453 3601
1281 199 510
1938 1629 1832
593 420 2063
2343 1150 4296
1025 2118 3195
1585 1981 3188
1219 2143 4876
2430 1552 4547
1438 1424 1687
2393 2239 4177
1975 2277 986
827 1793 2251
635 1689 3049
49 2352 681
2037 819 2201
324 1533 2116
1203 181 2669
1124 175 2667
985 922 3738
930 2021 2737
242 2270 3740
1242 646 4575
359 838 2553
955 1214 3043
1712 2480 3234
1098 2289 529
193 752 3734
302 1122 4038
1119 1909 1885
1728 1416 2364
317 1396 2137
1073 1722 1572
489 955 2678
184 1042 4474
1048 859 2002
1964 667 1977
1066 811 4623
2499 1069 415
1842 1653 77
2380 2411 2251
13 413 2404
1789 2286 223
2240 705 71
1496 458 1661
321 1786 1009
691 1867 1088
134 106 74
1001 784 3752
1299 944 1174
476 1383 2665
64 52 294
1157 2382 3716
2049 118 2163
1934 2230 3178
427 1774 907
2007 5 4735
1150 2017 4893
1382 1403 167
1931 221 3850
1481 297 35
663 245 726
841 207 2822
535 2226 1487
242 2270 1138
323 1781 4164
1403 1290 134
2034 854 1492
1840 973 1702
813 1476 2954
1953 1465 1411
2307 194 361
629 1832 4651
219 1043 4497
832 1159 2926
1875 1805 2446
2365 2317 3847
1000 1866 936
1910 323 1672
948 1298 1281
789 1428 1330
366 538 3459
78 432 1616
1981 2331 4574
173 320 310
1302 1532 4808
2090 1366 4578
1154 396 1014
919 711 426
2364 2249 3122
1419 917 230
2497 2015 2301
1851 1920 4019
1305 117 1301
1461 1188 2912
766 1574 2950
1040 1343 663
1299 944 3977
1227 2329 463
76 553 1275
1827 1279 1260
808 2451 4373
589 59 30
2306 1084 3164
611 205 1812
108 1784 2134
983 8 3509
2326 678 3664
1666 914 392
2290 2027 2120
1988 644 1223
266 1919 3072
1120 1628 4800
2030 547 2976
1200 258 1279
1708 461 1797
2231 679 1426
1164 2313 2051
1251 2128 1609
93 99 675
2355 1580 4042
1256 2409 3637
645 1613 1846
2259 1076 3476
116 1742 1870
780 682 2806
637 612 2833
1967 2096 423
794 1951 4205
1539 975 2709
613 1027 1703
919 711 3563
1153 1692 4120
2139 1641 1063
1340 793 3260
2415 1624 1901
1812 767 3510
1026 1221 2360
2171 357 828
1012 1592 959
2431 1977 4453
587 1634 2998
1169 1349 3072
1360 1509 4107
1240 124 4595
2259 1076 1553
620 1018 456
60 1668 4062
921 1492 3601
583 1404 4580
1421 512 3943
1340 793 2645
523 783 3285
1636 272 1709
1806 2388 3704
1838 2104 1438
780 682 3959
1504 2484 3180
1141 1151 2300
2292 895 4706
994 1397 4659
1242 646 399
451 166 4153
1079 1357 4668
1662 97 2144
1872 1244 3180
1961 1422 3284
1460 1881 1846
1516 2100 1562
1659 1898 276
1597 1260 2647
483 2147 3495
397 1906 2194
601 1410 2782
18 333 3642
1926 823 1912
528 1412 1056
970 1475 4624
1609 108 4738
1527 979 3463
2438 2000 3175
761 1462 2594
91 304 1938
4 172 1686
2020 195 2065
1673 2423 3876
1638 391 2126
552 1331 2048
518 2172 1580
429 1534 2552
717 453 443
117 350 1751
2205 310 3579
1366 855 3024
1449 636 264
885 1567 2391
2044 38 3432
2332 2396 759
447 202 2830
1902 681 4
234 2449 3387
194 1835 1403
1272 1557 3885
1483 962 1810
961 101 3245
1324 2151 4900
1148 72 3891
342 501 884
164 110 273
166 798 1783
393 76 636
1276 610 1719
1467 832 1377
2459 519 1449
1819 1286 1888
736 573 787
1491 148 681
55 305 68
1575 457 1327
1895 614 1747
501 198 1365
1103 916 1112
2145 2357 135
1338 1819 2405
296 1505 1921
1612 1635 2830
1168 795 4554
1240 124 1100
585 2429 81
793 2167 3740
25 1816 4057
1326 1627 146
2244 309 4196
2161 472 135
270 1991 4019
540 210 4623
63 261 3174
1193 2258 2411
592 601 251
2210 67 4470
1861 1268 2553
664 1585 506
1314 526 3855
1957 835 669
1464 1123 164
243 1420 1858
75 566 4133
1786 2157 2658
697 1415 3116
1187 2188 1118
106 1815 3249
1282 1146 2258
1016 1110 269
1312 906 725
341 287 2897
13 413 2859
1001 784 4490
30 1294 1228
2292 895 439
1419 917 2530
2098 2034 4440
2177 2229 328
1147 2441 3043
1204 814 4266
580 428 2653
702 2221 3072
455 938 1933
555 394 3
1942 2363 3414
1059 463 4072
2327 625 352
1318 1656 2575
1510 802 2267
2177 2229 1541
2425 2265 846
68 1828 970
2409 2483 2243
1597 1260 3063
1428 2273 3611
2331 1743 4793
140 1007 815
1774 1716 1011
2441 1764 2198
1959 1180 3892
1629 173 868
1691 382 2263
1325 2465 1306
2475 1521 2670
1383 575 2674
752 1036 4283
404 2272 4217
1179 1271 1555
1653 86 582
1314 526 671
1045 1616 2554
2105 1497 116
1341 1495 4069
2015 1738 541
15 1537 4801
490 1573 4486
503 1371 322
1018 3 162
301 1489 957
1836 385 1508
1556 1643 3634
260 14 1067
1890 2122 2822
71 640 1598
442 797 4900
642 1608 1858
1908 1318 2553
1477 1096 1858
1868 2127 3979
279 48 4859
106 1815 933
2496 2285 1555
1616 68 143
998 1776 2713
521 2394 258
1778 1435 1827
2160 1715 3351
635 1689 718
237 886 2652
2272 590 1546
2149 322 2837
492 1827 4528
424 16 441
1671 478 960
1143 951 2006
1547 1851 2775
1963 133 451
2166 398 772
1130 1799 1309
532 1203 3754
1683 1950 2884
796 717 3165
903 294 3631
2170 2068 2783
1319 596 2876
336 813 3083
340 2065 1769
746 1824 3704
1991 1365 4259
1614 424 1479
142 392 3106
615 1473 402
2204 1814 3771
1913 2138 1765
1206 111 3622
2058 778 4857
1787 2085 1325
2225 372 4652
244 2377 4308
2214 377 3375
300 1281 4653
181 339 2179
2074 936 2301
1736 2123 4617
1255 506 3697
2304 2161 3629
1557 2238 1864
437 629 3169
1695 1762 4037
2104 1028 83
2436 694 3269
2360 520 1079
1826 1406 4148
1923 45 2543
1451 1247 591
863 2137 4270
2077 2315 4192
1030 1513 2109
1773 2263 4008
1313 293 1957
1286 431 2757
889 1111 2683
1221 1809 3104
350 1610 4672
374 190 4469
360 1238 3513
91 304 4302
1612 1635 1440
709 1037 3599
1207 1112 1573
164 110 4518
550 270 303
1173 2169 4263
1530 741 3468
831 580 110
2426 1083 1876
2208 1425 2032
2417 215 3480
607 2314 317
1847 126 3642
2067 1912 4359
1615 843 1573
345 1368 608
159 28 3509
2212 790 1464
589 59 3565
464 768 4092
1560 1300 879
1005 1644 4653
474 940 545
329 1785 4501
1395 2395 1846
966 2421 1537
323 1781 2542
2162 525 829
264 2425 4104
238 2488 3063
1881 1414 4788
1380 1935 3761
1763 386 413
54 1295 2287
2219 2393 1557
73 426 2292
911 473 1865
380 2105 986
291 720 609
1997 2412 256
761 1462 1411
1255 506 4536
1702 1258 2475
1195 1263 1486
1460 1881 3732
2312 361 3338
1398 1946 4584
1173 2169 557
1537 684 4893
1899 1466 4709
852 1035 68
179 1177 2926
956 2055 1933
1146 417 2693
2494 862 1800
216 1875 2186
1111 2328 1744
282 954 210
1271 789 162
2412 991 535
1273 2005 3349
2183 1706 303
2240 705 2822
2321 878 3259
2192 2218 1732
1469 2467 4390
2046 1311 581
930 2021 4490
1820 2446 1594
1404 1426 262
227 1930 1912
2476 1049 1906
172 721 2543
606 2290 1272
250 637 720
579 1895 502
2102 1869 4081
332 2076 1157
1995 806 4606
1456 2136 65
1459 1802 2430
2050 1680 1056
932 1115 2691
806 2018 3169
517 874 3116
484 1928 2917
152 1008 3059
838 1259 2995
2237 1649 2458
1903 2125 251
629 1832 1987
1620 2014 2114
695 2368 3646
1858 837 3411
797 1956 4895
800 1451 686
1210 824 2598
763 918 3318
1054 1976 2636
823 2342 2030
430 185 554
288 1488 759
593 420 3525
747 2302 752
2406 1884 3358
800 1451 3801
2251 1904 883
490 1573 2321
567 2293 3837
261 1744 4864
907 760 2208
799 559 2535
1166 232 1925
356 2220 1492
1946 4 4859
370 2458 4177
2012 1978 4426
677 948 1696
1785 6 3459
1739 268 1263
1674 116 4164
1131 1506 2184
1800 1006 4795
2444 2494 2125
707 2280 828
1952 1500 3215
1899 1466 2053
2392 589 3076
150 123 403
1821 1287 1598
115 2305 1560
1758 908 2743
2026 2171 1723
1499 1830 4804
1987 1421 295
2253 1854 4830
2059 695 170
1791 2474 2915
1972 2261 2433
586 511 552
2202 2214 3584
2155 423 2344
1982 206 4004
909 1916 3739
1990 1034 16
1682 122 1223
1241 405 4577
271 1938 4505
2328 218 1125
2453 2042 3468
2385 1136 1269
1704 343 464
2448 1791 3896
153 2455 1581
327 1855 1960
1249 2020 964
814 689 713
1044 591 951
458 1838 1215
195 2454 3116
226 1097 2395
1415 2372 1680
1084 216 4097
886 999 1548
39 2083 751
1233 1137 1657
1367 621 1659
36 2107 4542
650 1057 4276
1289 1348 3809
1620 2014 2544
1297 1669 2560
786 1587 2845
1465 493 178
2499 1069 3805
2243 2398 1063
2169 1002 1157
506 491 3503
1843 2013 245
1165 1304 4788
973 713 1275
1432 1820 2968
390 2134 1953
1915 2053 3256
2149 322 3187
859 1224 1489
1920 2110 2619
2236 1362 352
1412 358 3490
48 2476 4417
2051 1346 942
723 2413 3124
2362 1730 251
1887 236 713
701 533 2918
304 1400 2970
160 680 3390
204 30 4153
739 1086 1081
622 2060 3852
1892 1088 3735
1315 1073 1680
1782 1176 4479
2431 1977 3424
462 1186 1465
2226 759 871
1973 2041 1186
942 1242 4385
1442 2089 3360
1033 1687 1869
1757 1091 139
450 321 3076
1248 1775 1583
235 1019 4350
706 1768 2999
18 333 4310
98 791 3379
469 2381 942
2467 1062 4795
877 961 4364
319 1994 3529
1404 1426 4672
2135 335 2263
1970 1370 981
1980 633 2148
365 1256 3744
430 185 759
805 710 407
1335 1601 2046
1295 1184 1723
937 919 3612
2079 1257 608
1361 2384 578
1788 1483 1260
2287 2142 2482
176 2374 252
794 1951 4207
108 1784 4322
1803 1645 630
1813 1183 864
569 165 259
2228 1169 1160
1862 331 1489
1798 2297 2467
1644 1032 3890
2238 645 2970
2334 412 289
462 1186 3010
1414 1840 3081
2163 186 4358
474 940 2388
134 106 2678
2052 1990 604
459 987 1978
416 36 1693
926 2088 1172
2274 943 4573
1387 771 2111
2155 423 145
439 2300 877
1776 248 942
2200 535 3614
444 2324 1460
1694 1322 2566
1517 2440 1108
1731 844 4863
1413 2337 1987
2366 529 4469
820 284 454
1795 1878 3781
1699 312 199
1845 1642 489
817 2154 731
117 350 1489
1901 191 3924
692 2359 980
2427 1478 1120
1462 2114 2798
1860 387 4578
2122 393 4801
1214 769 3318
1290 2073 4337
2401 455 2463
2398 74 4418
1727 2414 2247
408 1386 1945
1386 282 2212
1605 902 2139
1220 369 3585
755 989 4458
690 278 1009
920 959 463
1046 344 4689
1190 981 4120
21 1441 1200
209 1889 2712
1921 1463 3012
465 704 3655
210 2045 4123
1549 454 3182
1350 2111 4837
1324 2151 454
85 2472 2983
944 1551 1056
656 1999 4001
262 1461 1489
1585 1981 725
1378 1308 3011
1645 485 3325
342 501 3880
412 980 2999
959 1372 2782
2471 1810 34
1526 119 1849
1616 68 3743
2315 1633 2042
1065 2074 4399
19 744 1099
1549 454 318
809 440 592
1390 2120 30
1580 2044 3513
222 1758 1186
1869 1558 1459
2261 430 3362
2156 1894 4804
2093 1547 4714
197 1022 258
9 1958 2911
1769 1261 3896
500 19 2912
2235 2222 378
1155 1524 1607
678 1031 2880
2414 1000 3065
1633 865 2030
2262 2175 2429
700 1733 426
1238 2353 3042
974 1632 4343
33 723 4480
1948 332 2674
1301 2269 1560
1429 1753 4455
1727 2414 2664
274 1215 3935
168 2023 3893
2367 1053 1580
52 360 2076
564 1354 1547
1773 2263 2826
488 746 2878
1269 1328 4083
943 1098 3589
1430 1003 2566
1364 967 2206
658 743 831
869 427 787
925 1905 1930
316 1108 71
954 1846 1633
1822 22 1752
980 2006 207
977 1964 329
753 899 1846
2064 159 4148
2006 892 1812
1960 1320 4212
97 2206 4572
502 836 4795
1710 2479 494
2294 2211 1043
1407 2170 4586
1898 1075 4121
317 1396 2464
2046 1311 4671
850 2194 639
1793 1969 505
1569 260 1074
1603 1697 4445
2201 1690 684
1520 1474 207
2178 530 194
946 2180 642
1587 307 4336
71 640 2111
1574 848 1036
1239 1545 1934
1336 15 164
887 1562 3998
2209 418 1797
989 1429 4168
1637 1448 439
714 528 3557
674 687 570
1385 1446 4577
866 1577 3538
122 1282 4536
1720 384 602
1950 1797 541
282 954 3180
494 2247 321
2260 1079 3737
298 2200 294
256 1045 639
272 1071 1709
2246 1712 1022
1492 2106 2796
2421 709 4663
1304 219 3655
1081 2294 1992
527 253 2529
728 2334 1682
2307 194 3885
1494 1068 1993
1952 1500 1191
1696 558 2075
1087 1450 3682
962 1803 4107
2395 2287 2806
922 2383 2811
1586 380 2065
1484 2098 2141
2097 1565 1621
165 1103 4574
984 617 34
1320 731 850
2265 1604 139
1608 521 258
1578 2321 2041
529 1270 3462
121 2319 907
1393 1480 1682
931 2231 4123
435 2251 2380
417 2386 2597
1777 1943 3744
352 2081 1845
482 438 4731
94 1213 2390
895 2495 3467
1124 175 4651
1789 2286 268
708 1966 3868
186 2336 4374
1975 2277 1110
1882 217 2222
1989 1568 1948
130 158 1863
157 2095 1687
1898 1075 3077
2067 1912 504
2027 840 3817
604 2022 1945
812 1638 402
1949 1025 3811
2055 208 3338
1361 2384 3513
90 1201 3654
2309 2296 2357
941 2205 2897
2147 1171 4654
327 1855 3437
379 113 2947
111 560 4153
1604 184 1895
1705 912 3660
1505 1195 164
424 16 1029
894 565 269
766 1574 2210
1588 867 451
1558 2135 3117
554 2054 2270
1765 2071 2186
679 1605 772
1669 2499 4721
570 2493 3180
2192 2218 4750
496 2144 1809
1553 406 2635
1925 2002 1034
657 2344 2456
450 321 1207
169 692 3874
263 1907 4671
1267 2364 2894
2089 508 265
2286 552 740
941 2205 2363
183 2369 4335
1665 135 1731
2451 2121 4704
1947 1542 2005
1924 2124 11
693 602 2895
764 800 4115
346 1571 3988
296 1505 2833
772 404 1545
1159 920 3387
1100 1620 1365
2289 286 903
1669 2499 2560
1613 780 919
1443 851 4268
1796 2348 1343
40 1959 328
2213 1206 285
157 2095 1309
2271 2311 3164
59 1598 4894
1627 1190 4075
2102 1869 1079
639 693 4654
674 687 3886
1411 1631 353
971 1408 4615
991 273 817
1577 1016 4230
543 921 1646
2405 150 359
699 1796 3486
191 1721 2046
2140 1886 1851
269 487 4788
1123 1377 1901
2072 1900 37
1102 2219 3150
1667 1996 3118
1422 1848 1036
1681 84 3871
1986 786 1588
1625 2301 3781
1283 425 2381
701 533 1266
2115 1149 4480
1325 2465 3634
1029 1390 412
1246 1389 3467
2366 529 2446
448 153 4009
2483 1702 967
1814 654 250
1409 89 3538
683 599 1552
1317 1759 890
2339 2063 1848
1871 2208 511
1801 1479 2221
2182 2405 1716
57 178 2535
1448 985 2477
1894 347 4345
247 2460 27
1049 613 3617
367 1013 65
2219 2393 2951
1848 1292 3483
155 1936 2878
349 2426 2437
1878 317 3930
1248 1775 256
95 442 3195
344 853 3045
831 580 1021
2313 1599 1797
2027 840 1
1734 55 3506
1014 2447 1359
23 1676 1168
789 1428 737
353 1968 580
2496 2285 2459
165 1103 1099
1825 2254 2208
123 1210 763
309 2420 1954
32 257 223
536 866 2213
2433 280 101
414 451 4192
1636 272 3752
122 1282 476
2334 412 2089
2340 2078 1125
2470 1748 1995
630 1670 2783
1355 2500 1637
1640 1228 991
1426 2281 1621
770 1953 3791
50 1546 2479
1211 897 1588
362 570 1192
460 1591 4308
1154 396 3565
748 1229 3612
996 1868 890
2304 2161 2072
2500 703 4661
934 156 4575
1415 2372 2510
2418 635 4704
24 2158 3342
116 1742 3671
457 2371 2097
1718 1373 2792
839 1589 2203
1386 282 435
1543 1204 846
76 553 3194
1101 1161 2552
1448 985 4584
1798 2297 4629
777 1157 2177
357 653 2709
331 1822 163
2014 445 528
39 2083 3182
1013 174 426
1117 433 3551
208 292 1798
2196 1272 3935
696 103 4605
2225 372 414
997 50 3469
2085 1226 4333
1165 1304 671
998 1776 275
1933 421 3896
467 1843 4241
1357 1625 518
879 765 2861
619 841 1255
1016 1110 1863
34 1503 877
1258 915 2051
188 2004 3135
1425 1120 4213
2084 2461 4796
1632 2327 3406
425 1391 3583
2469 152 1229
2114 60 2368
1073 1722 4292
805 710 1036
1076 313 883
648 1336 4893
2477 468 3793
452 735 1389
531 995 2377
454 805 4784
169 692 1974
1661 2397 855
1471 459 4518
1544 757 908
1909 1845 2136
1349 2486 1114
1945 1330 4480
1201 926 460
2239 370 3031
548 1060 4866
1125 2012 1946
2189 2375 2227
1736 2123 3197
692 2359 2429
402 2478 370
880 1044 4093
1153 1692 2786
6 674 3571
1880 1 1280
1532 481 1646
1059 463 2293
1855 1014 1606
1090 1154 4754
203 2234 4400
2289 286 3080
2335 1518 4127
1523 2038 4156
561 20 1831
221 1309 1432
1603 1697 2688
841 207 4107
1806 2388 1490
2141 381 3375
1877 1255 2464
646 1734 1331
498 1572 3490
1437 2274 81
529 1270 2156
212 550 1291
1796 2348 4542
2420 1223 1930
1043 1306 1555
99 1089 572
2091 482 3867
2351 2187 4630
5 2201 869
587 1634 170
1183 44 445
1166 232 3917
2133 568 949
2296 554 627
385 1344 3086
2343 1150 2206
882 1199 1945
2172 1326 3990
559 545 1127
472 32 3534
569 165 2586
2338 2278 4577
2038 831 4828
1149 1540 3406
143 1301 554
1657 569 3732
1306 1596 4653
1730 336 776
1104 1217 2475
1196 71 4228
34 1503 4506
23 1676 1726
2319 2216 532
1108 2197 97
1137 31 2601
19 744 2526
2146 1487 127
1050 2304 1009
136 1015 2035
1037 1303 4568
219 1043 3574
204 30 3590
1129 2457 1851
982 2431 2550
228 1056 4671
702 2221 3754
650 1057 1041
258 447 2645
2060 1548 2758
151 1714 3871
1828 450 1462
1369 1528 2025
769 1921 2167
915 1765 221
406 1949 2134
959 1372 3285
364 880 4217
2257 1590 1919
809 440 1067
950 340 3940
783 852 3182
326 1200 674
136 1015 908
652 375 399
2369 1170 2270
1065 2074 4176
1371 2131 3222
252 1735 3476
287 1485 1460
2080 415 4455
1272 1557 1232
2447 969 674
1035 1514 2405
66 1316 843
1192 2279 4851
1641 827 3495
1290 2073 4407
498 1572 1069
1618 24 1231
1011 477 731
1542 1269 3775
694 1630 4635
37 1384 2201
1470 1468 269
2415 1624 2846
289 1566 3388
667 300 3411
2275 946 863
1170 2070 4655
693 602 1132
2282 546 2033
610 1175 759
783 852 4000
384 627 2153
1133 1728 4167
844 2295 816
171 1121 3572
318 352 3942
2460 993 2141
1257 1807 972
62 799 1114
1740 1877 4638
817 2154 3049
1289 1348 1081
1270 129 2368
2117 701 633
401 556 2897
779 1001 1305
1876 2043 3534
2361 1080 875
966 2421 929
1711 1516 4241
1015 1046 1553
2073 2048 686
2036 1637 4330
2059 695 2250
2386 213 1503
307 1165 1874
2478 1606 1343
1109 1058 925
1420 192 276
1871 2208 3533
391 2448 2872
655 722 310
1915 2053 3012
548 1060 2535
147 2428 216
1241 405 3662
1390 2120 3118
1271 789 3574
367 1013 2566
241 160 3459
72 267 3764
312 1833 426
1078 1947 2876
1160 1077 2737
2033 1639 3318
719 1770 2871
1926 823 770
2115 1149 4761
806 2018 1334
1859 2436 2405
1110 1813 45
93 99 4349
250 637 1732
591 578 565
309 2420 525
70 1234 3728
1265 524 1305
712 303 113
162 180 2751
715 2392 694
1113 1395 2042
398 2275 1744
742 2309 414
1784 2203 1804
1409 89 620
124 839 386
1777 1943 1051
128 745 4209
1865 443 336
1146 417 4429
1392 774 1483
289 1566 3902
1718 1373 651
822 1614 723
785 2333 2787
2075 2271 3761
1198 2097 2662
2408 2318 2240
2216 2223 2996
913 994 3445
2495 664 3847
1708 461 2267
988 1160 2318
143 1301 729
1320 731 4016
925 1905 1726
958 1612 3611
469 2381 4170
505 1385 1122
688 2419 3874
1576 1433 3285
2182 2405 4702
107 2365 4709
1308 1664 2336
1394 2497 1607
1580 2044 1385
110 1780 4663
66 1316 3135
1392 774 3076
2418 635 390
605 888 77
532 1203 426
3 1686 3351
775 728 1894
1868 2127 23
2083 1296 2178
1584 214 603
928 785 2548
2309 2296 756
769 1921 2420
174 2029 27
1315 1073 1875
1633 865 4089
1592 2283 3896
730 885 2698
1074 1158 46
2233 2323 1249
825 1708 2679
1097 1138 1152
1680 434 1831
590 950 482
20 1341 4423
1912 1570 4304
375 1683 531
1423 256 4617
1920 2110 883
2256 2036 776
267 247 663
1567 1402 4551
1760 1245 4615
712 303 1714
413 2430 1444
1074 1158 2477
2157 2174 4800
614 1617 322
110 1780 2802
1651 2056 3126
1648 95 4124
2399 1387 1856
1175 532 1856
1670 490 3269
875 1020 3376
373 368 321
2410 833 2048
328 1701 2037
703 1090 439
2341 226 108
369 1974 2726
1303 1525 320
2165 452 1791
335 942 4401
461 935 1682
2210 67 3129
1430 1003 4758
1748 78 3125
616 584 4568
280 128 4480
671 1703 846
580 428 877
351 114 3319
876 738 3886
420 1240 2524
481 1364 1067
581 416 2301
1784 2203 3937
1487 869 4852
931 2231 1769
1754 1432 2993
284 1767 1365
578 2094 4161
479 1681 3550
699 1796 2894
1045 1616 294
588 976 1957
257 1345 3617
1063 2119 633
920 959 3985
1772 2338 2554
653 288 2653
740 1205 4652
1598 1423 3663
947 618 3637
990 634 3175
1311 2470 1624
851 2408 2915
1679 2129 1628
58 1583 4007
1144 2040 2367
464 768 3406
1513 201 3772
1590 311 371
673 1307 4307
1359 177 3697
2376 1685 2139
1869 1558 3853
360 1238 4077
771 164 1165
1225 1052 96
1383 575 2388
1990 1034 4368
892 2347 4188
1496 458 1479
778 858 210
1239 1545 1941
1582 652 3537
545 965 3011
445 1588 110
361 2380 4714
1000 1866 1822
2360 520 3770
2327 625 1125
802 749 1903
1908 1318 2993
1691 382 3111
753 899 4544
1495 856 599
695 2368 1170
1201 926 1359
2082 127 879
489 955 663
1977 893 1216
1176 1926 1023
310 574 2629
2352 409 403
696 103 1267
1631 1222 1598
57 178 3922
1346 1927 4302
829 1925 560
1453 2427 2879
477 1584 631
429 1534 4592
1851 1920 110
1729 77 2856
1961 1422 3360
407 755 4757
1442 2089 2951
308 577 1679
1540 1559 1098
1216 1127 4721
704 2442 3934
668 2030 353
418 2356 680
612 94 402
2324 1515 541
2117 701 1349
1138 628 1997
2227 1017 1502
1478 306 639
861 945 2277
1805 863 763
377 1952 2404
1911 1460 3495
2167 1777 1555
2357 2482 4258
1686 1430 518
2297 1114 2641
1921 1463 247
1944 2242 578
45 134 1903
1572 1607 3850
1499 1830 1792
154 228 2156
881 1087 3740
1907 970 1676
705 1125 2207
407 755 2364
2154 2306 1236
199 1359 1
1968 79 65
473 523 2380
2087 2185 4285
1421 512 1544
94 1213 2649
2072 1900 854
945 616 2072
1458 1266 3811
830 1908 3816
1019 2183 2341
1036 1812 3941
1507 121 1633
1061 2416 2701
1214 769 2872
100 355 3710
1689 1227 2484
2213 1206 4066
442 797 4543
1804 1356 1139
2193 43 4188
1180 1654 1575
1572 1607 2329
1579 2341 1919
42 7 3319
74 1739 2036
