1
2500 4500
1128 2289 2252
648 180 2620
1590 1531 653
1829 1687 1778
72 1676 2467
1420 1837 1288
2113 1988 2137
1983 1455 4468
2354 1302 3471
2105 554 92
2320 1860 1075
2007 38 1345
293 5 3556
1145 1195 2552
574 1771 3027
392 2299 2796
1253 313 3382
1752 1833 1795
310 1164 3546
844 1247 3184
442 1105 104
1146 244 3335
815 1239 2713
410 2200 3324
1884 1235 2716
960 1536 4308
495 2389 2274
2262 845 1149
206 2476 1425
435 977 3909
2099 799 1323
635 524 2118
388 2086 209
1180 1733 3516
423 267 395
1381 165 2867
1293 252 811
19 1082 938
1534 1598 3905
559 2385 890
229 2150 2566
1248 169 3028
901 474 3927
1064 718 4225
977 978 1954
841 198 2518
27 513 1905
1683 499 1995
1279 1565 422
1430 2278 4485
780 528 6
1753 2421 244
1645 1983 4395
578 460 3831
1522 694 2608
962 237 2166
763 1865 933
84 1610 2455
2486 2497 3014
1332 1907 1306
951 119 3109
419 118 3471
250 787 2847
1010 1092 2805
1869 1890 1870
537 1436 270
598 608 217
2190 334 3858
243 1769 1284
1385 1266 1594
1986 512 428
900 1739 4450
330 1321 4227
1675 1761 2231
2304 1271 3243
1768 1532 1113
1447 2018 1992
287 2419 1134
2035 1332 2720
132 1721 3709
1206 194 52
1367 25 892
1981 2329 2174
554 1649 4104
1208 74 4388
2353 1904 1846
1932 1422 3986
1767 2282 2202
349 2226 922
1353 2201 365
1476 1878 2862
2200 1430 1846
2313 153 54
205 1416 1519
1749 2472 3627
283 2193 3232
124 57 4450
1514 1160 3062
59 1679 1591
46 1472 4135
1614 1189 1741
625 916 3978
370 1308 1072
458 107 3422
1915 2435 379
811 747 1831
280 2468 64
1816 2280 2577
903 299 434
1900 2433 3607
1799 414 292
91 2131 586
54 909 4250
104 1937 159
1801 546 2091
40 2237 1944
1591 259 2509
1408 325 136
681 878 1235
1060 1751 2639
359 1336 2236
650 639 1394
314 235 3992
1559 1775 3268
1963 571 3122
1534 1598 3020
2128 745 1753
617 1808 2925
2013 1637 512
542 1204 2553
1818 352 3719
515 457 449
1053 934 717
1815 2091 517
2496 1790 1267
1707 354 1135
184 390 2734
1174 2447 2487
70 2001 2487
241 894 3909
147 208 2965
587 992 3016
1207 1063 2507
651 1588 3771
978 1959 1290
1782 585 2329
2406 1819 594
959 1757 1971
1498 1729 3309
2030 438 3928
1844 2139 3154
1927 383 314
2138 232 3556
1249 1745 723
2128 745 4187
683 2300 719
1727 1599 2462
919 915 4406
2136 1720 544
466 1482 1709
1537 928 4455
22 1621 1795
1239 211 2862
2263 1956 2965
2492 1802 2518
830 2283 3429
1854 1916 4263
1651 1373 5
2072 273 1812
1973 412 3738
2055 738 655
775 2205 4383
2011 1977 3798
1364 70 867
1198 229 1457
1573 1768 2297
1255 426 1442
1957 1015 2680
1549 56 2463
2408 1772 4118
301 1628 548
14 819 1971
556 708 3018
972 1782 4064
870 530 216
1882 2349 157
1182 2488 3516
365 1853 4033
744 1593 1726
45 754 2532
2387 326 1498
1346 1774 168
2458 1338 3410
2130 445 2876
2322 1553 1083
1669 2210 819
882 1447 371
1587 476 4261
1082 331 2156
1797 2348 740
1957 1015 1700
1567 2432 1745
2027 1873 1376
2015 488 1975
2178 399 3014
2219 1269 1235
400 657 2555
611 145 1073
2156 2128 1176
1031 245 3489
1439 80 1343
1719 666 3241
1956 1944 4247
783 1909 3835
1672 2397 2230
1004 1514 2338
220 1542 1382
1468 949 215
2105 554 2733
643 1850 3469
1245 2392 3771
1797 2348 2737
855 1920 3416
1561 389 1034
2384 196 450
1137 830 1022
1935 2324 3929
1070 1698 551
78 2394 1117
1579 1582 2350
1478 1035 1149
1658 2287 3509
2171 492 3031
1618 2393 553
2272 2415 4170
195 974 2189
580 852 54
264 582 3955
1660 1765 1173
2197 553 1922
417 2500 3901
968 2012 2733
1562 2264 623
1858 1691 1835
2421 1090 2610
1474 975 1181
150 963 1117
1275 1487 3438
1684 2142 1332
570 257 2197
342 749 1255
735 2236 1479
1130 315 3271
917 2138 4402
1173 1429 218
1597 2398 2164
244 2360 4118
762 2151 2506
1740 1137 2542
1382 1226 3934
2121 131 691
1442 1095 1138
1982 822 3530
1801 546 3202
1710 1009 2249
1479 1367 4154
1319 1526 1687
2016 1118 2460
1426 2480 4227
474 1993 65
1771 1467 857
1094 1623 458
2217 2132 2631
1339 940 2139
268 378 4291
1407 2149 1743
904 2285 980
2495 55 2718
1719 666 2886
1216 2081 503
1852 663 4386
2081 821 2042
523 343 2049
1150 2487 4473
907 1304 2107
904 2285 1926
292 1446 395
1338 322 4403
931 2059 2426
1210 1187 795
888 858 2759
1890 32 4278
911 2079 3286
1491 1097 788
716 1961 3266
1401 1091 705
2038 1635 998
706 2250 398
2306 525 4092
1314 369 333
969 2203 2812
636 1657 2113
1963 571 1050
224 1976 1875
433 1162 1265
472 516 375
1833 1169 1622
1919 1348 4312
2191 832 1058
2340 514 546
777 1032 1606
1750 660 1889
2473 1281 3960
390 68 1384
2375 2267 1854
334 2056 3480
2084 1177 1691
1971 1476 1971
1096 2481 2294
1499 1887 2906
185 402 750
674 2384 4041
768 1576 869
333 2239 3399
263 1445 3792
1143 2441 181
839 1462 3583
1339 940 1918
354 906 3415
1789 1597 1539
343 641 1877
2259 1408 671
471 1724 3928
1405 1788 3218
223 1372 182
1701 1636 487
935 2498 3190
2205 1460 3938
1669 2210 2094
1324 2470 4024
793 1876 4421
2478 53 565
2103 1862 512
367 668 1074
378 1947 3474
1903 1732 3680
1664 1669 3005
928 471 1255
1383 218 1192
858 1719 2249
1487 612 222
1340 2184 1852
1248 169 1151
1976 1827 3520
605 744 3483
234 1417 1576
145 1064 1252
979 537 3761
525 1371 1746
1518 1306 4291
1596 1590 4227
860 676 1083
1463 1070 494
2356 1047 2586
1861 685 2293
323 2281 3892
1725 1227 4199
2002 69 2907
1698 1330 2854
954 1550 125
1642 1136 441
800 360 3778
641 2073 3788
1881 809 2760
1506 2147 268
791 82 826
1510 1404 3154
2364 2064 2220
317 651 2994
2020 2424 2125
2001 1099 3738
1194 166 463
1827 2085 4494
2367 1812 277
1851 1569 2088
1304 1951 4002
2285 2338 3543
845 863 2243
690 1142 1906
1233 36 623
830 2283 4485
876 801 4095
1898 475 4360
251 339 1555
1221 1603 4467
1104 677 1490
276 340 1718
377 1028 3937
2082 1025 2434
2048 2025 2830
711 1011 1789
2327 851 4201
668 436 3451
639 1353 2751
1849 825 3087
154 2174 2498
1229 324 1320
134 1198 918
110 1767 1795
1245 2392 3444
2269 2057 54
721 847 322
2407 2268 163
1228 1386 2045
1066 2094 3120
2185 1233 303
2140 1778 4400
1290 862 1797
220 1542 224
590 1510 3141
1331 387 3516
180 752 2386
895 44 1387
2144 834 3451
675 2238 4367
1234 1754 1471
524 766 614
2366 970 2345
1427 1716 3958
2332 1407 1637
1863 1869 2747
1321 2170 1821
1993 713 4396
482 1567 428
772 106 2014
1868 1259 813
135 247 1706
2094 2401 2861
1461 722 2233
1359 303 2022
296 1945 4366
2187 1604 910
227 563 3711
2294 887 2332
1407 2149 2467
2006 359 958
2169 2340 4051
583 1994 3497
209 2053 462
243 1769 1437
981 1389 1463
1465 1109 2414
667 1295 553
625 916 933
1951 227 4421
354 906 739
146 899 3190
1180 1733 1772
1581 371 1643
2365 342 473
1992 1986 1362
1877 883 2645
2049 113 2824
1667 1441 2182
140 552 3087
1598 2102 1779
1342 1257 3182
853 1804 4033
577 1760 4402
938 42 497
1940 2339 4362
13 895 4474
641 2073 2980
117 509 4287
632 1684 1985
2336 876 1136
24 1399 2135
328 1551 938
183 2366 890
1823 1627 560
514 982 2603
24 1399 1998
551 1307 1040
382 746 1668
560 1222 175
504 954 2961
804 1675 301
1583 1061 249
57 1631 243
2345 434 3463
1628 1682 4103
59 1679 3272
2379 2008 2153
2210 2402 462
829 1942 2616
2290 2099 437
1125 2403 970
1181 1559 1205
1944 242 322
86 1743 3336
2411 805 4296
2321 2244 2340
1050 577 2217
1851 1569 3144
2249 890 546
2130 445 993
2153 936 3742
498 1903 4386
454 1616 1184
397 796 747
1355 1949 596
1040 77 3862
2046 83 4155
1062 2023 1397
34 462 538
62 384 3259
2413 1133 4066
632 1684 1947
2345 434 3363
2391 1062 3530
1647 1711 2528
391 2410 2925
163 1583 3303
1772 1139 1743
508 2215 3313
1702 539 2792
1639 260 3721
191 431 3805
2421 1090 507
967 1611 77
732 2482 3791
1265 1556 307
1221 1603 3800
336 1272 2995
2443 1600 1252
591 1453 987
1034 317 2051
746 1868 3363
395 207 4279
1200 1750 1083
623 1852 3670
1114 1539 354
814 388 3471
1333 1484 3076
1869 1890 445
206 2476 3104
2238 2042 3646
227 563 149
750 921 1243
2444 2069 3975
1807 937 993
852 1067 795
1065 1580 2160
1985 1027 1528
1906 2279 4291
923 1758 2823
2445 22 2200
226 896 417
2223 26 551
188 556 317
2430 2229 4495
923 1758 2440
257 1241 4228
2451 727 2288
988 1345 1607
376 470 718
1566 691 306
2388 253 593
686 1229 2230
64 467 1948
1902 903 232
592 291 642
1454 1103 1747
1426 2480 2374
1327 2062 2254
859 490 2117
2077 146 317
905 1052 1279
251 339 500
1896 910 1808
929 2429 2721
1369 151 3987
2142 307 184
2425 2351 456
759 521 4136
730 1329 692
573 13 978
994 842 318
2181 1825 385
430 1650 2996
370 1308 2140
148 90 3633
1630 946 4415
170 2374 266
95 2101 1100
1411 18 3256
1280 1646 669
945 1528 1892
1204 1468 582
745 1135 697
531 2068 918
2277 838 3898
807 957 2806
495 2389 2867
861 1861 3778
662 386 520
79 135 1609
2416 922 70
2282 1450 3934
623 1852 420
2143 2423 3536
2342 2251 4252
965 1414 4092
1762 2163 1898
322 1915 494
1631 2241 4006
2405 2181 2247
713 1225 3691
2358 2464 2904
394 413 4469
167 451 148
1596 1590 306
2419 607 1355
240 1885 2310
976 1263 2929
614 1519 2610
501 973 120
284 1022 4427
2325 498 3314
1732 2083 245
2316 505 2168
1676 2494 2073
2496 1790 1424
2461 2199 826
371 2110 1871
2089 1036 821
2318 795 3496
1692 429 1517
1448 355 3422
1403 2187 2866
2289 810 4080
1839 1662 3026
678 487 1117
2125 670 4196
87 2344 163
613 2362 961
579 316 3471
2386 162 3457
1299 1363 3252
2052 364 367
1581 371 4372
166 2438 313
718 167 3390
2324 939 317
1428 1327 1776
1453 1243 3144
1077 1334 3461
373 613 4095
831 1642 1072
387 824 2677
691 428 4473
2051 778 2369
991 2427 3209
866 724 4354
266 163 2925
556 708 1425
527 1478 3631
543 430 2231
506 655 2882
1250 1044 2075
708 1608 1029
1542 275 4288
655 1668 1578
1415 1261 3725
2450 35 1693
555 1343 314
2067 202 3671
775 2205 385
3 265 4415
894 854 4496
2049 113 3570
992 1280 1486
872 729 2527
2339 1183 1218
154 2174 1279
1260 2024 1861
2440 1855 4452
2109 837 3972
1403 2187 3286
1437 199 4093
1644 104 3564
1364 70 2528
1162 1516 1808
1188 999 3711
1994 200 587
806 1200 4471
1842 1677 1647
1034 317 1085
291 924 3846
1814 276 2823
1921 1240 2430
968 2012 783
1899 1659 2854
924 2082 3303
1807 937 1082
369 423 3680
2124 2309 2632
1577 856 1643
810 2478 3938
1843 2328 226
880 1171 4139
1050 577 2193
64 467 4097
827 20 3466
40 2237 1072
1214 216 2737
1586 1763 2106
1371 1989 1892
1327 2062 953
482 1567 3842
1606 493 631
1724 2440 1581
1523 2414 3344
5 465 2376
447 638 2287
1838 1587 3120
426 624 4166
734 314 99
1277 2043 3012
1121 1987 3974
963 1965 523
809 1622 513
1175 2004 3535
1700 294 6
8 156 2939
1855 2212 3510
1294 1168 47
2209 1388 1132
2144 834 4485
733 1974 3845
1937 658 3442
90 857 959
920 2327 555
1349 2061 1808
2322 1553 340
263 1445 1481
918 1039 2595
2087 1470 1456
1730 221 1548
1817 2172 3026
55 2158 1399
2360 662 4413
1511 919 1901
1001 502 3741
787 2019 2543
1032 1914 442
379 647 4299
2435 507 1116
21 2129 445
2351 110 3894
2301 1208 819
1484 1543 1642
1702 539 497
2042 698 2633
2347 1656 2196
891 1811 2386
1552 997 2407
1284 2270 1064
1126 2445 4402
2265 2308 4473
1812 740 1141
202 935 168
1329 2006 3584
159 1224 4414
68 654 1140
1103 1384 2125
867 855 832
2395 1127 1944
450 463 4291
314 235 184
1864 2168 4410
2328 1984 4021
1985 1027 3211
1369 151 2421
709 1394 453
335 1839 3789
573 13 507
480 1059 2731
883 332 1791
988 1345 280
2026 136 32
1619 1688 1944
1264 557 1047
2210 2402 2532
488 1361 4263
2227 328 486
157 43 2733
930 302 3860
1338 322 265
790 1978 2291
2387 326 3831
1179 1216 768
257 1241 2631
1893 483 813
2313 153 3344
284 1022 3443
1984 591 4464
1982 822 1442
1284 2270 1382
1163 777 673
139 1902 3512
1635 2269 3786
881 1214 30
1728 679 3210
2261 1153 673
1402 1800 472
1166 79 4463
2199 170 105
1091 1017 120
1461 722 4358
2336 876 4129
1597 2398 2529
962 237 3284
602 2247 1825
2467 1928 4368
1347 784 4307
1745 1755 4209
1689 2430 144
2165 2321 2763
1090 2202 923
617 1808 1562
1824 1538 456
463 1704 3118
828 432 2830
2303 836 1419
1679 721 288
200 640 3830
576 233 2359
1633 1078 4400
588 2028 2132
1968 2474 3028
2392 2322 1306
168 661 3154
1379 680 1493
2195 1712 3388
461 1936 1339
1734 2284 2372
1637 1693 180
1045 1906 1010
1711 1561 3754
2200 1430 2777
1738 71 4030
2452 410 2822
1295 1680 1998
2161 2213 168
993 1697 3794
1602 1725 3978
2388 253 3826
193 94 712
1246 1660 3436
2066 1369 2493
1450 1793 2434
157 43 3738
2276 1521 2395
1442 1095 2982
1131 1046 3498
613 2362 1138
1997 630 3508
2204 1365 4120
868 226 2197
101 277 1834
1730 221 1200
1159 1469 970
2195 1712 1971
2497 589 1352
687 394 2557
1864 2168 3508
950 279 1215
1967 1242 3335
874 614 2383
1109 788 166
2254 1584 1394
402 652 956
958 971 1136
1037 867 243
714 1055 2997
312 645 2952
196 1828 218
49 2092 2045
20 1606 3094
1433 1703 1271
726 2134 1845
155 1752 2200
1251 2453 3429
739 1506 249
373 613 2761
1416 2310 2920
1001 502 2138
611 145 3020
439 2455 3118
1732 2083 2470
1101 353 182
1358 1337 2432
1906 2279 578
399 2253 1312
1564 2121 3471
260 2120 1906
1309 2355 4265
812 2214 1458
1913 588 494
1464 742 3976
1557 763 360
2193 1320 4261
749 54 3958
1769 1323 2664
1533 66 4427
239 401 3465
1030 1452 1035
1262 243 3894
2113 1988 2925
253 1159 2493
833 786 3349
593 1158 76
432 695 4108
633 1534 2765
579 316 3422
1498 1729 3955
954 1550 1273
279 2316 46
2240 1737 3731
538 304 1824
1673 2492 1441
2146 27 2898
1436 1896 1972
985 2499 3455
1961 2459 1557
766 1845 347
2075 2179 1658
82 869 1776
1783 1083 833
746 1868 3738
1160 2405 2619
2104 2332 3025
2382 2221 2311
1767 2282 3511
2150 262 1257
446 2140 2765
475 688 3193
1711 1561 1609
1040 77 593
656 1014 2432
2418 544 3955
2328 1984 3445
273 976 701
1531 1154 1483
723 1366 811
915 496 1924
526 286 1686
2071 1618 1325
2166 185 1476
1190 1995 106
1028 1290 2460
1349 2061 1486
320 981 186
452 1444 180
1857 16 3548
272 2371 3113
1 65 2432
563 1700 2838
1025 1867 174
1334 254 945
2017 251 1506
1886 609 4287
1016 1525 369
494 391 3411
2167 464 302
1244 2228 933
1110 271 896
1299 1363 501
672 1973 3480
2004 1964 4094
1655 1591 69
1526 1069 868
1467 1410 1796
1956 1944 4290
2193 1320 2860
43 1589 1685
1424 779 3696
2497 589 3214
1947 236 2689
1551 2164 168
2398 2473 2131
2177 486 2790
2042 698 2613
1674 1325 1732
772 106 2179
2450 35 69
319 689 747
1098 159 1930
1324 2470 2259
1962 615 285
1740 1137 3698
2425 2351 1831
1493 239 178
148 90 368
465 839 2125
170 2374 2633
1411 18 940
1395 393 4481
1787 2449 3349
1900 2433 2777
1969 673 1666
1648 1950 3230
1410 621 2274
2256 2383 3221
2348 1309 468
686 1229 472
1396 1882 4060
46 1472 1501
1600 2015 102
826 424 2331
1848 1941 1770
676 2260 874
1237 2190 706
2432 1922 1236
756 1473 216
1978 1072 2941
480 1059 1586
2490 130 482
2478 53 56
363 835 3867
1080 704 845
421 7 2654
2323 758 4293
1839 1662 3595
665 1686 998
1384 1817 781
2230 1475 2907
1942 1262 1219
1672 2397 2494
655 1668 2509
1928 1213 2639
1272 2368 1846
1553 101 1045
410 2200 3001
1835 1810 4178
1014 2387 899
1959 1683 3938
2054 1939 4231
2429 1215 2326
1250 1044 2510
1942 1262 1685
420 780 1458
558 1156 1058
308 1464 1629
1496 351 2921
372 1913 1345
663 2248 3618
535 1666 4110
242 1872 1524
2253 310 323
1946 1341 3042
1751 2109 205
1036 1722 1377
1268 2097 4065
731 561 3043
1044 345 1797
1397 853 4024
2220 707 2470
1011 1060 2460
1662 715 434
1473 945 3368
1428 1327 2854
199 785 2842
2160 1619 3844
1628 1682 3415
648 180 160
1017 73 4316
2300 1563 679
60 1702 3844
1934 261 13
1641 2155 1130
1226 706 1140
510 947 3765
1175 2004 1080
1578 2104 3851
939 1485 4405
1622 1888 2734
1501 2159 2644
813 879 1701
1260 2024 464
512 518 2880
2235 1614 2073
2406 1819 1643
1880 2217 3661
1897 2320 2778
1106 1943 2604
1785 1220 2842
1593 1851 1377
519 1006 2575
1187 2027 1495
2179 30 1449
2316 505 3367
38 1424 1680
979 537 2356
1224 781 3989
548 1891 168
1949 575 3234
1772 1139 151
673 1316 2194
1073 116 3514
1706 2254 646
657 379 1194
2472 129 1442
1668 578 883
1766 1465 722
2332 1407 1937
1211 908 2506
1658 2287 2510
819 1713 4252
869 566 2228
1746 2407 2449
487 2286 1604
312 645 1903
1076 956 3701
1269 794 2529
1146 244 3246
958 971 1564
1726 1202 1367
2183 24 2239
1288 864 1622
1472 918 3994
2072 273 428
595 865 729
2111 1375 2073
2129 1038 3986
1889 205 189
1837 1260 438
2363 1297 3131
1791 489 4235
993 1697 1068
103 126 2959
977 978 3736
9 29 3379
906 407 3274
1373 400 256
2359 1104 2247
1015 501 1481
2201 1900 1515
1706 2254 2431
450 463 1868
840 1981 1795
727 1638 3247
2041 1151 1732
68 654 3265
1802 195 2766
2098 246 2733
1167 1634 3108
2305 2030 1553
421 7 3093
1415 1261 2545
1445 425 1668
593 1158 3127
279 2316 2692
262 560 1327
1143 2441 1433
2429 1215 3288
987 2192 2808
207 2301 1154
1457 1246 2814
404 2115 2359
999 318 866
2220 707 4325
246 1809 2202
2063 1020 3271
50 1479 186
1497 1146 2194
779 1848 1708
2192 1554 180
1650 1894 1903
2074 1518 1133
42 2096 4138
2062 1128 2279
28 319 4299
2221 508 1092
1615 2390 870
1806 2126 1073
1102 610 1318
2255 1940 540
460 2191 3043
35 1975 1922
62 384 1355
353 1555 594
115 152 3569
88 190 152
2493 1179 3779
358 807 3679
1850 1807 3479
156 995 2545
1689 2430 2189
412 2256 2232
502 2117 428
1451 550 2718
1212 1652 4460
2485 455 2460
2400 2399 2414
1731 1237 1396
886 696 2306
622 2141 3989
982 461 1931
1527 1463 4078
401 1846 2392
13 895 2673
1298 1056 2004
2483 880 722
2148 258 2632
1583 1061 42
1371 1989 1942
16 1283 2160
308 1464 4249
452 1444 779
2143 2423 222
1393 127 3222
2088 756 4054
2395 1127 1387
1417 931 1252
715 2294 1096
1119 659 1076
1684 2142 678
443 804 92
1193 1992 2112
1008 1834 1538
2186 1967 1185
1337 47 2699
1720 1368 2484
1489 1982 3842
1007 504 3782
577 1760 2667
2249 890 693
1635 2269 3339
217 776 4348
1989 871 1046
2007 38 3962
2158 1842 3738
2097 905 2306
1509 344 868
2176 1879 4066
2267 1980 2737
1571 2009 1199
149 329 1606
1365 288 4129
2438 1012 3705
319 689 4407
2246 1512 1587
2386 162 580
1717 173 3736
1654 2108 2528
391 2410 2387
768 1576 333
2268 972 3642
1850 1807 3272
1716 1096 1117
884 1270 4182
837 1440 2242
2135 1530 4406
596 3 1514
2404 2044 3211
297 1001 2029
1880 2217 3093
513 1411 1495
1130 315 187
980 48 734
1387 548 2929
2484 2412 968
1641 2155 1200
2389 182 1419
2302 644 4429
51 611 2676
2198 716 2552
2106 479 2038
2169 2340 1785
1903 1732 136
1273 2452 1483
1061 920 813
129 1077 230
1492 1349 1303
978 1959 2022
1110 271 1594
2494 1756 1177
1600 2015 3426
106 2065 2717
1087 1210 3843
621 75 2854
2446 2100 2950
902 1194 3975
223 1372 3242
2277 838 4150
1861 685 2200
10 1274 3129
1659 733 1691
1018 125 2633
345 1718 2370
2134 1150 1130
173 1585 53
1301 1013 1707
1252 12 2258
1017 73 53
732 2482 1451
2215 1515 3631
1837 1260 2509
162 2088 3747
92 2296 1510
829 1942 2861
693 751 1394
65 1568 2680
1640 1884 3145
2413 1133 4156
1475 1663 805
2252 1968 4291
2443 1600 1836
524 766 2915
51 611 1193
1594 2242 2484
581 2075 3664
1651 1373 1917
615 1632 3661
250 787 4026
700 1511 2118
2171 492 2666
1350 204 2519
1946 1341 445
2431 831 2545
1721 9 301
144 231 353
1799 414 1601
394 413 2409
1171 1930 2326
1151 282 4500
1400 2 1686
1695 1294 4389
211 580 2898
2076 2188 3414
898 124 4066
1607 816 2448
851 2359 708
2003 1437 1967
1713 1823 291
2061 1333 1134
1220 741 1462
145 1064 180
97 2479 404
2385 2031 1957
1877 883 164
1941 1123 1479
1591 259 1712
817 415 2867
2281 1228 356
92 2296 4495
2334 817 1670
106 2065 2183
1786 877 833
1545 1747 209
1133 1434 2235
800 360 3733
1808 2446 317
1832 228 317
18 1176 1772
567 2422 4033
1680 538 500
603 2153 634
1355 1949 2043
102 1182 3922
1549 56 2036
913 1180 4473
520 1081 804
998 559 2180
1605 1481 3004
784 1815 1274
292 1446 3917
1144 2063 3087
1667 1441 1148
89 296 3548
1808 2446 565
791 82 1030
1614 1189 4481
357 1049 1211
1829 1687 912
1286 2211 1238
339 2345 4279
2003 1437 370
83 1045 2287
1653 2171 389
748 2183 986
1136 667 2180
1463 1070 947
2026 136 3798
1704 2330 175
1202 1193 3312
1124 533 4295
414 49 4222
2314 1318 4431
597 1667 1155
1836 1952 502
1199 2436 3489
928 471 1985
1580 1954 2432
1653 2171 1018
552 823 1296
1610 183 3488
1429 1234 4497
492 60 3012
832 168 1199
618 2462 839
1422 2467 781
631 2491 3897
2333 1380 2296
221 603 3807
235 1609 4471
1627 735 1327
127 1483 3643
1468 949 2251
2362 1524 1134
756 1473 1383
374 287 303
2376 381 3558
842 774 2291
608 311 1167
1392 2118 125
566 406 1959
681 878 905
1195 2357 2493
1987 158 3995
2398 2473 3496
785 2425 3184
565 1141 3485
2091 177 2390
1217 1933 3977
1769 1323 937
995 2347 3056
493 573 1653
1303 2195 3860
2060 793 4101
35 1975 3858
1374 193 1267
518 85 2463
1107 1040 4088
1516 2137 1938
207 2301 835
1620 770 2952
350 147 2616
2099 799 1419
2380 675 2004
118 301 4489
1604 1003 1474
1875 626 3399
93 1218 1218
2409 1647 3583
315 929 3129
515 457 3933
1601 2154 4109
838 2185 2480
2243 547 3196
1860 893 2927
1213 1678 1456
1909 2157 4117
1926 2078 4168
80 1442 1747
2288 1535 1779
2331 2466 3471
1077 1334 976
1528 572 2164
1081 1911 3113
644 1640 449
1191 1087 3758
2287 1990 297
956 309 843
415 519 3446
863 1991 1135
802 2276 1386
2358 2464 644
502 2117 486
1093 798 2744
1834 510 540
1776 617 1210
602 2247 4120
1389 1425 2013
1058 1317 772
1588 1119 362
1974 306 428
1386 40 2267
1322 1201 2498
1781 1785 1869
1710 1009 4278
2152 2178 4466
1931 2208 2489
1682 2197 1039
653 500 2066
1904 444 1452
72 1676 738
2203 64 2690
221 603 3003
1112 1781 2976
1243 1409 4427
1036 1722 742
1432 335 1875
161 1791 1884
1747 1456 342
240 1885 3238
683 2300 503
1105 72 4091
1344 469 1512
1166 79 2232
2325 498 1577
1610 183 1781
1555 2148 1219
366 1335 1824
1894 1010 1078
1009 1730 2138
1368 1529 4209
32 2317 37
1032 1914 1859
432 695 2475
784 1815 352
1325 122 1113
444 495 4225
1238 811 105
61 2404 3432
1319 1526 2929
213 1562 168
484 927 2190
1278 2048 1132
526 286 1352
1326 843 4191
2446 2100 4356
2045 861 2007
2410 2437 3248
1380 790 2448
1392 2118 2275
1568 1777 2392
2188 1421 3993
680 289 2097
201 2095 206
927 1753 1268
1763 671 3198
2353 1904 2122
283 2193 216
589 1779 2780
986 1313 1789
1714 2135 3115
1427 1716 1424
707 710 474
1084 1578 3230
7 337 2619
1235 285 3502
2014 700 1744
435 977 281
684 683 866
1696 1685 2252
2045 861 4307
203 419 2844
1756 697 2608
229 2150 2972
2330 2209 109
996 902 3931
1804 308 1363
479 2000 344
1795 806 609
1734 2284 3603
1660 1765 815
2253 310 4198
1961 2459 4474
2037 2049 138
1905 1102 751
1179 1216 2494
2184 203 4019
1568 1777 2183
2312 2122 3270
836 1236 2338
1520 1166 3313
2095 89 3965
1406 1803 2080
1042 2343 2015
692 121 3350
1574 1048 517
2473 1281 788
1191 1087 2952
817 415 3432
1954 717 772
1690 800 1185
487 2286 1200
2262 845 4296
1189 1244 225
2401 1776 1516
582 569 3595
788 23 2164
139 1902 1871
2115 433 982
1780 2376 2427
1846 653 57
2433 437 4273
1530 2356 2987
525 1371 3001
1351 2495 4094
272 2371 819
151 1145 2720
1103 1384 1501
2308 989 3706
1606 493 1044
1124 533 1426
1134 363 2717
267 1163 4326
1690 800 4086
476 37 671
1117 1799 2685
564 368 2389
47 2262 3272
1532 11 2986
388 2086 2688
465 839 874
2013 1637 1930
1033 409 3947
530 711 3881
739 1506 514
2112 1443 3198
1657 886 1746
2170 771 1178
634 1277 2735
427 450 1066
1387 548 2924
1676 2494 1796
765 28 883
726 2134 383
298 984 1683
390 68 1360
77 280 1230
341 1527 690
1178 545 1772
605 744 631
406 2460 3411
1007 504 2025
1470 1252 843
1254 2413 2772
1361 1723 3497
1393 127 4259
1902 903 3908
1329 2006 4048
310 1164 3836
725 1818 4473
1431 979 1879
1142 2315 1898
1952 1324 2851
1638 281 1526
2194 2277 683
1739 762 3062
1670 323 1758
509 1694 3253
313 961 1854
1671 1331 1730
136 188 3722
706 2250 4353
2179 30 3326
640 1806 1089
881 1214 4243
2291 1342 3364
656 1014 2760
2142 307 1330
212 134 4156
825 197 1871
896 1798 1918
1083 1673 2182
712 1378 360
1508 1734 3962
458 107 342
1490 1172 768
2419 607 4035
1756 697 54
2057 34 1450
222 866 4445
2289 810 3605
352 78 3549
453 728 2055
1643 1689 681
2454 950 864
1499 1887 2015
1920 1071 3731
1862 201 2529
661 2416 2096
1433 1703 3567
1357 1007 4289
1233 36 3443
491 482 1346
225 1267 896
963 1965 878
2174 1074 198
1196 1279 3123
1739 762 3543
14 819 2148
762 2151 2484
796 1674 4135
1196 1279 930
1126 2445 3219
413 1695 3597
1292 520 2195
43 1589 3858
144 231 2446
562 2119 1481
1205 914 3518
1425 579 2792
1687 1138 1320
2280 1726 1530
2006 359 1062
302 1820 2091
2335 1254 430
1944 242 3968
2100 19 356
259 96 1730
1042 2343 407
1967 1242 678
1161 1571 836
690 1142 68
1831 889 4494
787 2019 3529
89 296 1785
2038 1635 3651
729 1223 3978
1953 1079 800
1290 862 3344
1012 1186 4337
294 2428 4338
1504 1288 3231
189 732 1571
1372 1110 3897
2089 1036 2480
937 1494 1983
2414 1545 3546
805 192 356
1343 1387 2786
1160 2405 408
1247 1575 3907
2491 511 1721
1570 2106 2817
1538 991 4154
150 963 583
2394 494 1097
249 1419 2556
833 786 793
1603 941 1538
360 620 2699
2034 1340 865
688 293 923
890 551 1741
1004 1514 3538
1573 1768 3995
2420 213 123
945 1528 4120
1569 67 3701
197 62 25
2455 841 2429
2033 1592 650
2343 2259 3865
2152 2178 2784
93 1218 2666
640 1806 109
708 1608 3427
1144 2063 2613
1813 1030 698
598 608 4270
2309 440 180
2434 1564 4259
1263 372 2140
783 1909 624
2096 321 1382
2449 2313 3643
866 724 3570
819 1713 3151
1918 723 4088
237 1770 2968
1621 1 2455
584 2334 688
2181 1825 3276
1919 1348 2498
1958 1615 141
721 847 314
1056 846 109
277 39 4413
1798 2196 2428
1488 1192 3995
737 138 3247
885 150 2356
6 748 3479
26 137 2179
1558 31 438
2126 1278 860
533 2046 495
1694 2370 4030
2237 1581 833
2261 1153 1604
1586 1763 4214
67 14 3313
2225 312 4127
179 1276 3339
863 1991 1078
624 900 1274
74 1826 3014
1161 1571 3646
2307 117 1530
1266 2177 1109
1743 140 2632
290 1929 3186
887 2369 3649
1754 938 1384
2471 1190 1673
584 2334 3062
441 874 4108
1748 1497 2278
192 789 1335
1863 1869 110
1558 31 2818
2371 1174 824
461 1936 705
801 2378 3717
2372 2182 561
590 1510 1057
1226 706 3398
2490 130 3862
934 1491 2633
845 863 622
112 338 2053
823 772 883
1714 2135 1049
2469 1401 4403
2120 868 1901
774 1717 1690
1588 1119 2898
1809 1347 3871
301 1628 2583
385 2035 2117
443 804 2715
1434 1912 1583
1093 798 910
2352 690 3925
457 555 4030
315 929 3221
2295 2408 2685
132 1721 3373
2175 2292 3538
2399 2252 4303
2118 618 383
547 2143 105
1810 392 1981
1733 297 3729
1566 691 4117
2168 2258 500
433 1162 702
1590 1531 1109
2341 1789 3049
2214 750 3754
2164 174 3666
2159 417 3047
1072 217 2906
1066 2094 3758
2196 58 531
601 2295 2053
1981 2329 4468
549 105 2731
771 960 11
489 1426 3109
79 135 1908
428 120 11
2154 2080 4250
696 1026 1874
855 1920 1185
1331 387 563
1261 1664 1800
2092 1034 753
919 915 1515
1913 588 152
699 1996 4396
1047 1175 104
1236 540 3637
716 1961 3580
413 1695 1463
219 1131 269
2433 437 771
2071 1618 1219
735 2236 3884
2009 2206 3486
1703 994 407
270 361 1005
633 1534 1331
1766 1465 2279
1950 2160 2790
604 1206 2345
1152 2364 302
1603 941 110
2079 888 3978
1973 412 3974
2401 1776 1585
1599 427 868
915 496 3414
609 2180 4196
1912 1100 2094
163 1583 1858
2032 907 3710
1318 1844 2222
2457 348 2147
286 1838 1268
187 622 266
1096 2481 1548
2135 1530 3062
1887 2169 3037
1731 1237 42
742 1841 2138
1192 1264 683
1148 966 1400
699 1996 2359
1129 850 2935
1078 2152 2117
808 2319 1185
876 801 1548
1291 15 1026
1089 682 2018
1418 656 3505
922 720 2507
953 100 2475
115 152 2609
2297 1439 3938
738 448 2669
999 318 2194
1197 93 1107
2079 888 164
1654 2108 725
1567 2432 1082
2374 212 2335
63 1144 4314
1280 1646 712
2121 131 981
618 2462 1159
449 948 948
383 453 1977
2499 1004 1334
1888 601 385
2232 1107 1072
792 2377 4198
273 976 2103
1119 659 4108
1378 1985 2503
575 2367 958
1231 587 3166
1666 2235 3546
765 28 277
166 2438 1382
1819 477 3671
190 404 4473
1402 1800 761
1234 1754 598
121 2489 3958
1212 1652 1513
607 103 804
83 1045 1726
431 1191 2232
1381 165 2213
2342 2251 2111
1444 1813 1708
245 2335 587
2492 1802 3523
1556 828 2477
2090 439 3712
1287 376 3246
2482 2021 1317
1140 1085 2668
827 20 2728
871 1265 30
1118 411 3119
4 592 2117
836 1236 4019
1814 276 2465
1536 2167 4351
2056 95 3603
137 1493 2527
778 1513 1858
1145 1195 943
764 1112 3911
463 1704 2669
397 796 1812
2275 458 2425
1958 1615 1812
371 2110 2619
1425 579 3441
2101 2477 286
329 1037 3530
2430 2229 3931
2241 1658 2110
2487 840 3813
1841 1784 3637
973 1918 749
49 2092 3312
1092 597 1775
1910 46 520
1867 636 3314
926 1877 3859
1471 2337 2018
1735 186 353
1133 1434 47
1579 1582 2276
332 616 1870
1783 1083 3994
486 1454 3093
2 2146 581
2402 2307 2395
2291 1342 3798
1112 1781 1986
569 443 3607
386 2409 2928
591 1453 3993
1762 2163 83
975 1420 4376
2479 421 2346
1231 587 4033
153 1357 3304
2465 1199 1413
1286 2211 4432
1109 788 1178
194 2485 2066
1283 220 4110
128 2224 350
1741 2326 1409
1599 427 3651
1781 1785 2497
1785 1220 1452
1805 266 1446
2059 1549 998
2157 2333 3975
942 958 4394
1435 1560 4013
1332 1907 1363
1939 1051 156
685 1653 1493
711 1011 1794
2296 761 1128
738 448 2117
1601 2154 3442
2280 1726 870
563 1700 4182
86 1743 4168
1316 692 3684
752 1665 458
395 207 3867
537 1436 2996
652 965 52
793 1876 4054
1925 1863 635
1419 2381 65
2197 553 580
1745 1755 4300
1189 1244 3436
2329 2274 2765
871 1265 1642
1323 911 3883
2064 171 3521
2418 544 2700
1410 621 2254
454 1616 2921
12 1830 2247
722 775 1994
260 2120 1683
2377 844 2310
1500 2341 2020
2407 2268 1869
456 1605 85
2145 1748 3355
1810 392 3442
861 1861 4043
1927 383 3134
2337 1938 2854
742 1841 4031
4 592 2042
1010 1092 509
1493 239 1554
1276 278 631
169 1000 3076
1051 1057 3485
1876 2204 4048
2125 670 1944
2274 969 166
2264 1066 4406
1021 1397 4196
753 99 4365
865 1211 3859
637 210 4268
274 2231 382
820 1558 2383
69 1328 2664
1582 536 3842
554 1649 2329
1344 469 2805
985 2499 388
1210 1187 4030
205 1416 2860
1625 2380 655
1776 617 3627
523 343 139
1872 2298 650
1773 1501 556
81 1474 4325
2096 321 179
2248 141 509
52 2448 788
679 1126 90
97 2479 2426
834 1966 2169
2484 2412 2920
294 2428 1468
1698 1330 2465
1256 1645 2470
1561 389 3620
2050 1406 2827
1230 225 1520
2069 2189 222
1699 687 2809
1223 944 635
941 943 3141
1473 945 1720
1429 1234 551
1789 1597 3461
1294 1168 83
1546 2318 380
1708 485 1520
626 1927 2978
1242 923 1127
629 985 3691
334 2056 2161
1199 2436 1199
215 1520 3720
2436 1165 4186
2302 644 1064
2216 1979 873
715 2294 2571
1376 1390 2913
1611 568 165
457 555 866
1511 919 4463
2228 2382 673
73 1854 2460
158 1696 3520
1811 870 2182
774 1717 2848
1139 2311 3062
233 1351 327
1512 1132 3074
109 2005 4469
238 884 3670
2396 2232 614
2127 2165 149
22 1621 472
668 436 159
1519 1699 3474
676 2260 963
1198 229 2212
1680 538 3440
1432 335 4383
2024 1648 232
248 176 2193
1082 331 1917
1421 179 2772
2320 1860 2290
39 320 1299
440 61 2496
1752 1833 3647
2270 230 4036
30 632 2013
1576 2161 2253
1274 1762 1346
1572 2166 679
1311 1188 2618
914 1488 4497
1022 1433 3017
1074 739 95
703 1157 2840
1039 768 333
1002 930 291
1728 679 3673
1779 2039 3007
1696 1685 3725
539 1523 184
1868 1259 2677
305 327 2153
1081 1911 123
405 480 1178
423 267 2011
2011 1977 2595
960 1536 3444
621 75 2086
1802 195 618
131 1322 2106
2263 1956 2722
122 1509 3335
1793 1230 3474
2311 1492 2739
1366 701 3946
1098 159 904
1878 1814 3344
1223 944 2187
1758 764 3648
1398 783 3393
1003 1161 2744
2476 10 1720
790 1978 486
2017 251 1815
527 1478 1801
1015 501 1551
1404 1643 719
2417 2271 3063
2218 1291 3711
31 1875 1942
293 5 1841
1313 1219 353
2025 983 3264
1853 1423 429
536 1432 3027
1438 88 876
1845 1625 1113
1307 2162 2312
23 1393 2982
1120 564 1682
1923 964 4028
1241 1594 4431
2207 1919 4303
2370 583 2251
832 168 4043
1434 1912 3812
2278 731 2141
2284 1586 2630
799 629 2179
1268 2097 1252
2229 1459 1674
2131 181 813
1135 664 1846
2380 675 4477
476 37 2989
1630 946 2052
1536 2167 1078
1736 2434 1515
1972 2127 1104
2108 2458 1605
61 2404 940
2391 1062 1706
366 1335 1137
1320 1129 820
177 2020 484
511 1577 1283
1668 578 1947
658 792 2448
1266 2177 3446
483 951 2113
107 1573 3696
2234 1286 904
1446 625 352
809 1622 674
767 1255 2494
2190 334 1546
1099 1859 4262
2036 1382 2239
41 953 4001
1051 1057 2867
2488 375 502
1121 1987 2307
65 1568 980
143 1403 3540
697 901 3210
942 958 318
1853 1423 755
2151 115 2796
1170 1292 597
1192 1264 1288
1106 1943 1555
326 2363 4417
2115 433 3112
2186 1967 1591
2075 2179 407
2025 983 1254
878 1284 2544
275 1374 1689
2434 1564 4383
1950 2160 1898
794 219 2776
1370 529 1266
635 524 987
420 780 2777
821 709 4138
740 8 3192
1727 1599 3813
1059 1395 2687
2155 2144 2291
1943 598 4036
682 1319 4153
2379 2008 1159
1341 1248 1135
1227 2461 686
534 365 1884
1297 2136 2004
2078 648 5
1240 349 3836
2123 1080 3943
1632 97 2319
1821 206 1328
192 789 4395
1439 80 4500
1575 1856 1481
535 1666 1367
2242 2420 2621
124 57 1909
2463 2323 2012
2390 1212 3474
1169 1787 2657
2424 1971 1691
336 1272 2612
309 1629 4301
2131 181 618
2475 1707 3057
1006 255 980
459 1383 4198
1494 1849 2382
807 957 1056
233 1351 3242
2126 1278 2633
2051 778 987
210 269 3568
678 487 3815
528 284 346
1263 372 276
133 2047 1490
917 2138 1096
2185 1233 4296
239 401 1604
2005 634 1982
1866 535 123
873 2303 1914
713 1225 1808
1584 1601 3073
615 1632 631
964 674 3603
129 1077 2599
1562 2264 866
1447 2018 128
946 1934 464
538 304 2630
531 2068 1971
546 2456 1172
1947 236 3219
1100 549 3572
2207 1919 1744
456 1605 1452
172 1050 675
1131 1046 3023
219 1131 3174
688 293 3911
1531 1154 3940
754 532 2239
1305 802 921
1449 767 4183
342 749 2616
1163 777 1663
1650 1894 2677
2272 2415 693
492 60 292
1701 1636 2015
337 178 3371
45 754 3359
66 1275 1764
1833 1169 3972
661 2416 686
2178 399 844
835 2288 43
96 2233 3120
1842 1677 1086
943 1385 2577
451 1256 3506
27 513 1080
42 2096 4354
939 1485 1791
1374 193 3266
2172 144 608
256 1824 420
2299 1507 1936
1925 1863 634
298 984 4299
1908 1125 3270
358 807 1034
698 274 187
2476 10 4057
1885 1418 4088
1595 268 3782
2330 2209 3141
540 1031 4006
102 1182 2497
445 1607 4086
409 1735 156
1715 2342 3162
816 1231 2496
1203 1289 1930
39 320 2043
1394 2037 437
1777 1503 3618
1598 2102 3135
1796 1152 4011
1551 2164 2202
1058 1317 3365
343 641 3761
1420 1837 1855
2106 479 3830
1084 1578 3953
552 823 2043
91 2131 671
955 968 3395
417 2500 1619
1505 1874 3276
1061 920 4417
2250 593 3664
143 1403 2360
261 1149 256
348 2098 1834
1502 594 1895
2239 1709 4415
971 1116 2118
2344 1376 3552
94 1742 2648
2298 459 1794
121 2489 2341
1626 2486 2550
1157 1706 3824
1822 2273 107
1821 206 2701
2351 110 4249
1523 2414 2640
256 1824 1479
913 1180 2441
725 1818 2426
238 884 1476
843 2266 2746
307 2255 2011
1507 2207 900
719 272 3575
849 1764 3977
346 1736 4036
503 1273 921
943 1385 344
1300 2272 1708
1873 435 2590
442 1105 1174
1572 2166 3815
1608 1926 870
1665 1651 4376
555 1343 3558
1976 1827 1267
877 84 4331
311 1002 322
1589 1124 4110
399 2253 849
36 241 1021
1543 1857 2326
265 678 3567
947 2112 3800
890 551 2592
645 1122 759
639 1353 978
213 1562 3268
507 1895 4397
1999 1816 2965
873 2303 1864
1792 347 4276
782 570 168
2119 1672 3475
2009 2206 1377
1633 1078 2921
2221 508 1358
2254 1584 775
1697 912 3164
2132 2034 1015
1069 860 2959
887 2369 4402
351 988 3389
582 569 5
2297 1439 846
1030 1452 2312
610 1148 3578
1285 132 4316
1966 2496 1363
534 365 4436
694 812 2430
1664 1669 3076
1240 349 2036
1788 1866 4394
922 720 995
300 403 1721
1639 260 3304
2196 58 2230
1409 1029 2197
1273 2452 2148
1184 1969 1343
2414 1545 3788
1089 682 1271
826 424 253
2211 791 2589
1115 397 1426
1155 377 3501
2436 1165 993
1970 2443 1331
2008 2353 876
838 2185 3278
2064 171 738
2268 972 623
694 812 3896
2078 648 273
808 2319 2735
1204 1468 1380
2148 258 3489
2242 2420 203
1629 558 705
1991 1178 2277
1390 1008 1034
464 814 2066
843 2266 2042
664 1889 1700
1592 91 4311
2230 1475 3059
1 65 3666
2348 1309 85
1980 849 949
105 1925 1637
1459 484 3782
1113 1370 870
2271 1899 1921
717 1671 1141
529 155 21
1069 860 1548
1485 2041 2866
921 1018 1871
1079 2457 1834
1595 268 2137
1501 2159 650
2295 2408 1304
108 726 4227
1855 2212 4301
2155 2144 4420
2417 2271 1424
747 2391 1149
1283 220 750
1818 352 366
630 2426 291
2019 1955 2370
2150 262 2888
2260 1821 3010
1593 1851 3895
1866 535 2807
666 1496 1190
2012 1498 977
927 1753 596
1205 914 3906
1618 2393 4438
2344 1376 3463
882 1447 2170
70 2001 2851
2273 422 844
1563 542 3858
820 1558 3611
2245 1299 365
52 2448 1555
893 2198 3014
2057 34 4065
1441 374 3065
1464 742 1609
2087 1470 622
1399 1205 2956
1871 1893 463
1375 295 2352
253 1159 1264
324 2354 2301
1000 2105 3768
469 2111 4068
1800 1871 1709
197 62 1604
1930 998 1700
1662 715 2631
1983 1455 382
1920 1071 3056
1709 215 37
1975 1612 2356
470 602 3583
331 606 2957
1817 2172 3815
1547 270 3710
1949 575 3422
1604 1003 1995
1201 859 2577
1632 97 484
1267 2265 2713
803 1794 2190
1541 283 3313
1700 294 3525
1569 67 2589
1400 2 674
533 2046 175
1589 1124 4001
1751 2109 3368
473 586 206
1209 1574 108
1879 1293 3385
1466 1596 2595
1893 483 3968
2319 2011 3891
268 378 4324
1476 1878 1968
1269 794 1424
2361 2220 3523
1153 1613 2500
1216 2081 1680
2455 841 2348
675 2238 4032
879 209 3451
585 1701 3457
339 2345 4250
856 1471 90
665 1686 53
850 63 2020
788 23 1177
2133 1727 1093
1118 411 2823
689 1796 342
520 1081 3647
1486 1413 673
821 709 2924
202 935 1314
1220 741 64
811 747 1474
1377 952 3751
2137 734 4093
2039 224 1938
1682 2197 2912
1267 2265 1815
626 1927 314
1323 911 949
1652 4 3928
309 1629 4243
1352 139 3003
44 191 800
1165 263 4379
2211 791 3303
856 1471 2125
2461 2199 3193
1699 687 2254
649 1786 1288
1202 1193 2619
646 1350 2797
1218 447 3475
2044 1822 3325
1924 1106 3958
859 490 1869
1519 1699 4237
2397 184 3404
2271 1899 3371
277 39 2720
2223 26 265
1758 764 3221
2208 2325 3223
2236 736 237
1055 881 4163
2029 904 1801
341 1527 2157
1998 1076 3711
1479 1367 1938
2300 1563 2507
996 902 2613
1995 1435 2372
1005 2175 538
789 2263 3830
1305 802 1157
225 1267 1748
2180 562 904
1417 931 850
1370 529 3525
1471 2337 106
2067 202 982
2415 576 4187
1555 2148 4402
1843 2328 4394
1984 591 4228
318 1490 899
547 2143 1489
222 866 3905
1169 1787 1859
2243 547 2913
1363 1957 314
1535 604 2543
736 473 2712
291 924 900
2122 1655 495
1959 1683 168
2000 987 3450
643 1850 2092
1712 1570 2199
2022 1033 1877
54 909 2370
1183 2007 2052
55 2158 1154
1171 1930 2434
282 2302 3976
776 2261 1791
816 1231 1192
2324 939 3530
174 1963 3815
2372 2182 3466
1811 870 3261
1404 1643 3285
1636 1377 2987
2212 2431 3631
165 2388 4166
933 1400 3246
1184 1969 3835
2296 761 2531
357 1049 3786
1744 2379 4296
1213 1678 4407
1311 1188 4168
951 119 4308
948 2016 1587
1450 1793 1045
1009 1730 2341
1088 699 2064
2058 2234 4016
614 1519 1745
2498 1921 4095
1546 2318 373
1316 692 1258
2355 240 4031
1308 522 1327
2402 2307 1426
247 631 889
165 2388 2956
753 99 4252
2494 1756 1216
2462 2465 1058
489 1426 3245
490 1746 1895
1227 2461 2968
798 848 2394
543 430 6
1646 1495 2013
2114 599 2276
2370 583 1008
123 1847 3500
1413 1477 690
2428 1155 3569
558 1156 3410
901 474 1232
1472 918 3132
2465 1199 2938
1712 1570 1309
2134 1150 4036
1100 549 3193
803 1794 3218
2246 1512 1467
2440 1855 362
620 623 1271
2233 567 1435
517 2055 4148
201 2095 3527
1736 2434 273
528 284 1464
875 1068 407
1292 520 1343
1876 2204 3301
29 600 322
1686 1023 1382
2456 605 2906
258 1505 3558
2437 1620 1730
810 2478 3263
2216 1979 3831
2317 33 1082
1148 966 3813
1524 358 843
2092 1034 2463
1611 568 3885
1354 942 875
119 382 2323
415 519 3335
707 710 4075
208 2400 4028
2288 1535 750
16 1283 3915
19 1082 2625
322 1915 2700
1046 396 125
1482 753 2806
773 1705 1708
680 289 1205
1952 1324 3192
1460 2475 1441
1964 2054 2290
236 472 1458
1681 1356 599
1071 362 22
1431 979 113
588 2028 3475
1021 1397 2114
2021 1783 1747
208 2400 2550
1373 400 2228
1506 2147 958
2237 1581 3511
267 1163 118
1315 702 3703
1503 2089 355
1070 1698 1740
2453 2022 4450
868 226 4214
1744 2379 4103
1274 1762 4243
869 566 3356
1966 2496 742
2055 738 455
153 1357 2175
1333 1484 1173
1384 1817 3671
806 1200 1495
757 41 2500
2120 868 217
1097 2038 3241
337 178 203
2382 2221 3213
2162 21 3483
375 1415 1713
1484 1543 703
750 921 184
510 947 453
1261 1664 2426
100 1901 538
375 1415 3299
1253 313 945
1469 446 2139
2264 1066 4002
133 2047 4500
575 2367 174
368 531 1047
1418 656 706
1794 581 1691
760 1795 4200
2180 562 4074
58 1134 494
103 126 3088
597 1667 4459
565 1141 2018
2491 511 3196
1446 625 761
6 748 4279
1406 1803 370
1945 1489 4038
1524 358 846
2043 2314 2168
1856 1935 1606
80 1442 4367
2373 1595 3368
304 1431 1890
1692 429 3540
1718 1088 2109
2432 1922 2586
1548 2417 2383
1378 1985 3632
627 637 457
303 1344 3497
1989 871 1081
1495 2051 599
2098 246 4389
449 948 3287
967 1611 3608
2486 2497 3451
302 1820 2961
2191 832 3259
2046 83 771
751 373 2589
660 1897 2012
254 2306 1553
2426 584 3689
2462 2465 4263
2124 2309 3535
1057 1113 3992
1270 642 1954
616 1402 2912
781 681 3578
2389 182 1554
899 574 209
1707 354 2451
585 1701 2913
1317 1101 1030
2086 1502 4300
1020 160 3042
2204 1365 1270
1289 416 3842
1255 426 4346
1122 1843 2749
2315 1644 322
396 2071 4365
1483 2490 3019
440 61 441
1763 671 1761
324 2354 2891
1872 2298 1965
2423 2176 3115
2424 1971 3395
493 573 2908
2377 844 1824
734 314 1049
2018 1898 2644
984 17 3874
764 1112 76
848 2304 868
2116 2223 1630
1793 1230 4417
300 403 892
1297 2136 1446
2397 184 2654
1645 1983 747
679 1126 2745
512 518 2784
677 1412 2808
111 1298 3765
2085 1221 779
23 1393 3722
2281 1228 2784
1827 2085 4262
1674 1325 2025
193 94 293
425 627 2489
258 1505 2833
770 2483 1941
1691 466 1926
1314 369 2457
578 460 2604
2153 936 1117
1782 585 1448
776 2261 4276
351 988 4410
1408 325 2882
57 1631 2643
1054 534 2874
1774 1805 175
1995 1435 1835
1663 1405 3830
462 1829 460
1621 1 561
372 1913 3162
2447 2454 2920
2410 2437 1151
1878 1814 802
521 149 587
560 1222 364
329 1037 1462
1862 201 3179
1515 1840 4100
99 172 674
714 1055 2484
2475 1707 217
137 1493 4051
100 1901 95
2050 1406 555
119 382 2976
82 869 3549
1917 1301 2960
1550 102 4455
1544 1710 3223
2270 230 2973
338 189 1879
497 962 3670
2480 1111 1258
1048 2442 4186
1757 2077 1255
1114 1539 106
897 705 678
766 1845 2214
247 631 3232
9 29 3028
1977 1566 2809
931 2059 428
777 1032 2772
770 2483 3813
1847 1466 802
1111 2070 374
2286 635 3112
1232 86 2716
1938 2017 679
306 1196 1194
1885 1418 509
1239 211 558
287 2419 2875
2437 1620 205
125 1147 2029
281 2469 2130
63 1144 1601
878 1284 3325
571 1326 698
1962 615 2249
2145 1748 3411
2259 1408 3355
2359 1104 150
767 1255 1781
1002 930 523
1717 173 335
792 2377 772
1924 1106 103
1027 452 749
1377 952 1054
1688 1209 1077
755 1458 3112
1617 503 3221
1665 1651 3488
1440 1312 2776
1296 1801 866
1242 923 2677
1497 1146 4030
620 623 796
1649 643 3578
1181 1559 4360
1129 850 1555
1206 194 3429
2301 1208 4395
521 149 3257
1992 1986 3272
2265 2308 4249
406 2460 2927
2059 1549 1266
1623 1480 1310
601 2295 2654
407 725 3855
1806 2126 3231
1803 815 813
1723 420 2972
1822 2273 1035
1388 1960 3019
599 1449 3155
2293 1552 2332
2149 2093 3873
1218 447 3885
182 2186 3928
2236 736 622
2083 143 4048
1477 2352 2045
316 2032 1021
1848 1941 1731
104 1937 3222
1217 1933 3312
2285 2338 1317
516 1315 675
10 1274 531
448 872 4279
1513 1042 596
2206 2113 730
434 1181 1121
1272 2368 3644
1302 2058 2259
1375 295 504
11 1708 2392
2340 514 3451
1079 2457 2891
744 1593 2965
2487 840 1546
2240 1737 3400
1219 2227 911
1587 476 4104
149 329 2720
1149 2156 1279
1613 1948 4036
727 1638 1463
2004 1964 2716
2222 356 994
17 703 1490
1350 204 2409
2329 2274 800
1845 1625 1327
1609 1296 3241
1235 285 3729
1577 856 189
328 1551 1256
1134 363 3007
536 1432 549
1382 1226 3848
1765 1773 1959
854 346 2185
2283 1970 2814
1625 2380 1720
382 746 3410
1236 540 551
333 2239 2662
1038 596 2609
2383 454 2498
359 1336 2029
1571 2009 1343
78 2394 2497
1067 2010 3209
1020 160 3533
1043 2050 3081
812 2214 4340
172 1050 3658
507 1895 2777
1116 1690 243
1167 1634 4288
2238 2042 3018
2495 55 1266
1289 416 1821
140 552 4223
2069 2189 1443
125 1147 1937
899 574 1486
773 1705 1744
1282 1741 3432
934 1491 2367
964 674 99
441 874 4452
307 2255 2382
1771 1467 2290
468 92 1578
2187 1604 3295
2337 1938 3190
2222 356 1317
1750 660 3088
2101 2477 1585
1703 994 1481
146 899 849
2489 2350 2624
905 1052 4078
743 986 365
1686 1023 3527
936 1253 1845
1737 114 3393
1018 125 3684
161 1791 3367
1825 1832 1730
2415 576 1121
1548 2417 298
299 1508 594
1940 2339 4043
1356 2373 3171
1062 2023 1452
448 872 2668
2260 1821 2307
636 1657 3989
1773 1501 3348
736 473 1215
2279 2257 2972
71 1073 1895
851 2359 4237
907 1304 836
2024 1648 3829
594 366 4355
30 632 4331
1072 217 3352
123 1847 702
2000 987 1840
2452 410 1746
1753 2421 2111
1116 1690 679
1035 52 3532
1540 1557 333
2266 2029 3203
1553 101 1104
1933 1759 1604
981 1389 2199
924 2082 2875
2404 2044 1054
2158 1842 2806
466 1482 2805
20 1606 1047
1481 527 1149
2439 1630 4231
2416 922 4204
1883 59 1290
1694 2370 2389
335 1839 4019
41 953 7
989 2087 1498
1251 2453 3020
303 1344 2275
941 943 2390
1257 1835 2940
2317 33 1151
1948 1451 4089
2151 115 318
478 1300 1352
846 1999 3584
2338 2067 1366
733 1974 899
159 1224 2409
2165 2321 3782
589 1779 3830
2422 2246 948
758 1117 3800
542 1204 2776
361 803 3119
2107 1880 841
1688 1209 334
1358 1337 2577
2219 1269 3741
628 2003 4431
426 624 1467
1746 2407 3520
949 1287 984
612 2123 3977
545 187 2596
1972 2127 832
700 1511 3911
1003 1161 3462
1005 2175 1303
386 2409 1708
275 1374 1256
2369 2291 123
1779 2039 11
1683 499 1941
975 1420 3453
926 1877 1029
785 2425 3955
477 2463 119
944 1654 1607
912 628 2113
1455 1533 4386
1932 1422 3400
1907 2145 1479
425 627 4334
1482 753 765
1909 2157 1057
1507 2207 4230
313 961 4013
2467 1928 1215
181 1626 4396
612 2123 752
2326 517 3978
2464 543 2792
1517 1232 3451
1907 2145 1235
659 148 1078
2367 1812 1221
1737 114 3235
759 521 2367
60 1702 1789
1214 216 2959
2305 2030 2228
972 1782 4314
48 395 4152
1490 1172 3322
840 1981 1879
1466 1596 1621
569 443 1664
574 1771 261
2132 2034 4438
1075 1905 2212
356 2116 1283
242 1872 2660
1176 1740 2258
758 1117 4278
761 1972 3548
1222 926 4380
1786 877 4252
1361 1723 3899
2093 222 1911
1452 1310 3496
2284 1586 4383
107 1573 421
702 1170 2555
389 292 2633
176 1744 2696
906 407 1461
1288 864 2025
1360 112 313
381 1870 3468
909 441 2329
1276 278 1167
1156 633 669
2097 905 3042
1351 2495 1570
2119 1672 678
1137 830 3110
2255 1940 4344
152 506 288
2273 422 738
559 2385 3380
1086 2066 276
1791 489 729
1345 2297 209
1888 601 2016
570 257 216
651 1588 3108
824 1354 179
1838 1587 181
1775 672 1411
1480 1075 3858
658 792 4311
1362 2336 3043
464 814 1510
1335 2114 3374
677 1412 2554
254 2306 490
2218 1291 1141
1713 1823 4494
862 1517 4243
2040 2074 3843
2063 1020 411
2224 1881 2886
2477 81 175
1899 1659 3186
1774 1805 3358
141 967 2666
1663 1405 575
76 1428 3618
874 614 152
862 1517 1591
1742 2045 2699
1613 1948 1630
1352 139 2257
2333 1380 2978
18 1176 1905
235 1609 392
1681 1356 3664
2327 851 4209
2053 932 905
48 395 2187
1764 333 3301
1029 2040 2518
982 461 1869
1759 442 4043
697 901 4331
1709 215 3467
637 210 1629
1095 1207 4410
1321 2170 2217
1760 1392 2102
1824 1538 391
548 1891 1243
1271 1499 1309
360 620 2437
1865 2107 1629
848 2304 4168
799 629 416
1815 2091 1460
1037 867 1877
1386 40 186
1412 2133 2833
936 1253 4227
1749 2472 3587
185 402 4469
347 1997 815
2174 1074 1201
1652 4 2345
1687 1138 2212
1725 1227 4366
1270 642 1564
1162 1516 516
1994 200 335
916 1500 2972
1929 1639 1778
2427 669 2214
2307 117 829
2215 1515 4305
2052 364 2014
408 223 3558
1362 2336 581
2039 224 839
261 1149 1219
164 1173 653
849 1764 4078
1488 1192 3627
1232 86 3701
2054 1939 3333
828 432 2624
909 441 4464
1071 362 2707
252 2493 2921
1526 1069 1977
2381 164 2555
1578 2104 1035
1140 1085 1825
2445 22 2824
662 386 4021
1623 1480 4479
56 300 3198
957 719 2132
347 1997 1236
2002 69 1299
1194 166 168
1215 2450 4442
1087 1210 1972
2304 1271 1150
2085 1221 2013
704 2331 365
1527 1463 384
969 2203 3161
2493 1179 4088
2139 875 1490
2077 146 1191
728 1886 4288
1612 256 65
539 1523 2849
1804 308 1387
1105 72 4091
722 775 2341
1303 2195 1548
1391 2346 1890
2189 1358 3938
176 1744 911
469 2111 2341
1859 827 1252
2010 996 3795
1187 2027 1547
1634 693 4120
771 960 1512
2138 232 718
1726 1202 2575
178 2451 3743
249 1419 2252
2205 1460 1884
453 728 4290
2499 1004 3533
1138 250 2836
1389 1425 1199
1991 1178 42
217 776 2561
1132 1355 1191
2032 907 1872
189 732 3953
1754 938 2353
1715 2342 118
2318 795 41
638 398 4328
12 1830 1587
2247 1624 2673
2444 2069 3272
1859 827 2212
886 696 967
847 51 3465
1677 1024 1953
1615 2390 4438
376 470 2332
1278 2048 366
34 462 783
505 885 353
168 661 4417
947 2112 1275
1052 990 1222
216 305 4056
1241 1594 3400
1013 1053 3729
2111 1375 1346
378 1947 1776
1816 2280 4091
1123 769 3572
2073 980 3710
1123 769 3514
2292 6 3356
1041 367 4259
1111 2070 3530
2182 2125 500
1894 1010 2561
1396 1882 2648
269 1728 2735
216 305 3826
1029 2040 3810
338 189 3800
2159 417 1658
269 1728 1177
501 973 609
970 590 3329
2282 1450 3565
271 760 3250
1760 1392 2194
1743 140 595
2010 996 1804
541 2072 3344
1474 975 2887
1892 2033 3363
1889 205 3282
1828 2230 2378
955 968 1619
1125 2403 1086
474 1993 30
2192 1554 2549
419 118 3393
1383 218 2728
2074 1518 1921
1491 1097 1159
215 1520 3143
929 2429 1911
1554 1043 1898
296 1945 3253
1515 1840 2612
1023 891 764
670 1548 32
1068 755 1779
1657 886 3988
1149 2156 3691
1834 510 2426
429 1143 3935
1430 2278 871
2334 817 1794
2310 757 3796
1421 179 3001
2326 517 3056
1281 2406 1555
95 2101 482
1340 2184 2214
2356 1047 2230
1937 658 1284
1301 1013 2561
1790 2372 3897
17 703 3929
1195 2357 3463
1514 1160 4066
509 1694 4344
1041 367 3983
1413 1477 3230
1679 721 705
1211 908 3445
1997 630 4150
720 2439 4238
496 497 3682
568 1398 379
112 338 3336
2122 1655 1653
2199 170 3875
2256 2383 367
1150 2487 3754
28 319 216
748 2183 2808
1552 997 3483
629 985 1986
186 1504 2860
741 2194 2986
2464 543 404
1898 475 1387
1277 2043 3270
2014 700 3025
823 772 353
594 366 1890
1209 1574 829
1642 1136 4242
517 2055 2461
188 556 1535
1390 1008 1910
422 1962 4055
1459 484 633
1348 619 914
581 2075 3664
1917 1301 1138
1346 1774 4325
642 1019 4353
1520 1166 898
472 516 3544
599 1449 1059
1312 1359 2509
1933 1759 209
1661 955 2437
1518 1306 635
1136 667 2746
818 917 857
976 1263 1194
567 2422 297
429 1143 1547
497 962 3963
2012 1498 307
673 1316 1606
209 2053 4007
467 2173 3716
1556 828 3374
1259 1457 3597
1911 1115 976
1024 1540 1516
459 1383 2886
914 1488 1049
1928 1213 563
326 2363 871
295 959 4121
1200 1750 472
761 1972 442
946 1934 4002
1993 713 3288
1874 1121 4460
2214 750 2982
2346 1084 222
2224 1881 3941
709 1394 2427
1547 270 1519
224 1976 2507
1394 2037 4072
2241 1658 3824
607 103 555
723 1366 249
2080 873 995
1258 1910 2946
134 1198 1903
15 2036 1073
795 1245 449
994 842 578
647 523 3203
2362 1524 175
1874 1121 4038
2033 1592 3964
2117 45 3702
1720 1368 2784
494 391 4432
212 134 2066
2173 737 1457
857 1314 686
430 1650 3809
2321 2244 2776
1670 323 327
1693 249 4054
568 1398 2676
1755 1086 4304
411 2395 3810
508 2215 4024
1844 2139 4166
1742 2045 3481
2343 2259 4372
2422 2246 2132
1156 633 2107
1155 377 1938
2217 2132 1271
1796 1152 328
1849 825 4321
834 1966 2713
1099 1859 1100
438 128 2445
1320 1129 1075
126 797 463
2080 873 813
853 1804 582
1800 1871 3087
649 1786 4183
1141 1016 2140
671 1185 1453
747 2391 910
1310 385 2690
346 1736 27
281 2469 2029
959 1757 2369
1620 770 2996
2198 716 1701
379 647 976
1788 1866 232
710 826 1845
2266 2029 2372
1723 420 3309
2315 1644 4199
1453 1243 3978
1168 686 285
2460 76 3467
1778 1547 1900
674 2384 2639
87 2344 3792
1826 478 4434
203 419 1185
1830 336 1954
990 1546 4368
654 2275 245
405 480 4011
1840 898 3228
2269 2057 3299
903 299 1358
997 2013 4337
1026 330 3632
1315 702 2500
2331 2466 2997
96 2233 1685
162 2088 2915
179 1276 4442
1594 2242 436
2043 2314 2432
1560 730 3211
860 676 52
1287 376 1571
349 2226 4317
1795 806 3383
916 1500 2259
1265 1556 1135
383 453 3512
1560 730 175
2162 21 2590
276 340 3896
553 108 3481
120 820 2643
1708 485 4432
2068 650 2858
1563 542 30
75 50 1795
1761 833 2465
992 1280 2402
1697 912 1191
321 1544 2387
384 98 3536
2245 1299 3709
1347 784 873
2116 2223 1258
1685 380 1732
1570 2106 2190
1013 1053 2851
1249 1745 662
1469 446 3717
1533 66 163
1470 1252 4301
1076 956 734
682 1319 3374
1456 1864 3005
2066 1369 3580
2047 1238 2660
541 2072 2745
2244 1670 3871
1496 351 2960
1043 2050 3564
2309 440 1310
1330 1714 581
181 1626 3339
1478 1035 1079
745 1135 2984
1988 2076 2323
925 1379 3533
1422 2467 899
2403 1731 4287
1391 2346 3391
965 1414 3518
1385 1266 2155
1341 1248 2732
854 346 3488
652 965 2720
1895 123 125
1258 1910 3269
1215 2450 17
1729 526 866
1923 964 3349
2103 1862 65
473 586 2109
564 368 2437
1936 1522 450
2109 837 1341
116 2014 2620
2400 2399 1894
1176 1740 2880
158 1696 3464
557 1831 3912
1271 1499 3795
1576 2161 57
608 311 1252
1926 2078 1685
204 2290 3261
1132 1355 467
2095 89 2696
325 765 1825
295 959 3092
1500 2341 1086
841 198 3546
696 1026 347
1298 1056 2632
1778 1547 2621
152 506 62
1977 1566 4118
1127 2249 2318
1915 2435 1571
2364 2064 90
2409 1647 421
190 404 3343
1186 1633 4351
2244 1670 3162
911 2079 41
2149 2093 2158
1659 733 1194
2234 1286 1856
572 133 2096
786 925 1554
230 370 678
2102 2084 2618
902 1194 3733
1306 1924 2569
571 1326 2454
3 265 524
2202 109 3272
718 167 3062
2412 993 4376
398 1486 4166
2076 2188 1736
367 668 3521
1208 74 2182
1695 1294 463
2036 1382 3500
214 2375 334
304 1431 3389
1025 1867 3189
1968 2474 2673
1971 1476 3548
1914 646 213
1535 604 428
1790 2372 1258
2460 76 2639
194 2485 3736
1897 2320 3986
619 1098 984
737 138 4115
321 1544 3171
769 2471 2243
572 133 466
409 1735 2473
1193 1992 1734
1943 598 2452
120 820 3486
2100 19 371
289 684 1738
1777 1503 923
1330 1714 2369
606 2312 1845
1437 199 1266
1359 303 3374
2083 143 2908
1252 12 3826
1867 636 1057
88 190 3905
2448 2124 1133
1475 1663 2254
990 1546 832
2037 2049 379
918 1039 1366
2160 1619 3219
330 1321 4393
1545 1747 624
1460 2475 1683
288 1268 2997
237 1770 2500
1945 1489 1517
2469 1401 2633
2471 1190 1911
2194 2277 1732
1691 466 1689
1840 898 3160
1483 2490 4078
1656 2293 671
606 2312 1969
513 1411 2589
2466 111 1658
1775 672 994
1857 16 3372
1443 1249 624
1649 643 1345
1955 350 3265
1219 2227 276
2182 2125 3414
1183 2007 3430
470 602 152
2420 213 844
1565 2090 1341
956 309 232
1182 2488 1366
1809 1347 1690
1953 1079 3414
2053 932 3299
705 1311 644
2167 464 1779
2306 525 4347
857 1314 3794
403 808 453
1532 11 2430
1094 1623 245
966 157 2631
362 1953 2199
2082 1025 2252
1141 1016 238
1486 1413 4405
789 2263 4042
1988 2076 3291
2399 2252 2210
1895 123 1222
842 774 3998
1477 2352 2011
1102 610 369
198 456 890
1487 612 2232
1122 1843 1564
1841 1784 2356
921 1018 1981
485 1448 443
8 156 553
865 1211 764
1836 1952 3742
603 2153 2490
1011 1060 2251
468 92 6
195 974 1734
1107 1040 2938
75 50 1176
1729 526 1561
299 1508 1519
1154 491 2335
1538 991 4154
1254 2413 3480
204 2290 1155
888 858 881
270 361 239
407 725 4394
1412 2133 1343
1585 1661 4386
2035 1332 285
1564 2121 3711
1244 2228 3914
2065 2358 2475
522 743 1680
1039 768 3125
434 1181 1085
2110 2396 4068
317 651 1861
659 148 1977
187 622 948
408 223 1868
1990 1681 436
952 818 339
1164 829 3567
436 1140 82
1088 699 3025
1930 998 3887
1938 2017 2170
1414 1396 1325
2129 1038 3021
1302 2058 3846
2441 1917 3548
595 865 883
710 826 3395
496 497 512
1539 1883 3048
1462 1167 2402
2231 234 2099
562 2119 2049
1616 1054 2325
2293 1552 4016
1366 701 1801
33 2411 4252
2438 1012 42
1190 1995 305
961 2026 3812
630 2426 3382
984 17 2867
32 2317 1607
2164 174 3651
1372 1110 2629
2056 95 1766
160 2245 2204
1582 536 2662
616 1402 3374
2001 1099 1439
2448 2124 1883
53 1572 3491
2188 1421 382
1188 999 2217
231 1362 3959
436 1140 2049
1718 1088 1895
1246 1660 2571
81 1474 32
98 1041 1397
316 2032 4091
2140 1778 688
1626 2486 484
519 1006 750
1640 1884 2891
259 96 683
1813 1030 4041
2376 381 795
1065 1580 82
966 157 2772
2369 2291 1845
2008 2353 627
160 2245 714
1458 1339 3761
1185 1381 1858
1908 1125 910
2107 1880 2729
763 1865 881
815 1239 1238
2203 64 755
1158 515 4474
933 1400 586
867 855 512
467 2173 1219
479 2000 1775
835 2288 299
2350 1892 2454
704 2331 3744
1805 266 3864
2157 2333 2473
2023 933 231
2112 1443 3938
37 1908 669
693 751 2104
551 1307 2507
2061 1333 2677
1646 1495 1273
1960 595 3795
1117 1799 1666
1735 186 436
416 1692 1685
1939 1051 1410
411 2395 3497
2470 1932 781
1559 1775 4072
2428 1155 1982
1044 345 159
600 418 3393
1022 1433 352
540 1031 2125
485 1448 1413
847 51 835
1416 2310 2992
398 1486 3710
2378 1797 3243
1457 1246 3037
1101 353 523
518 85 3536
1322 1201 3901
685 1653 1449
352 78 3849
446 2140 1691
550 897 2814
1178 545 449
2209 1388 2589
169 1000 2201
184 390 2699
1264 557 3584
1922 1836 203
549 105 2761
26 137 3549
488 1361 1461
365 1853 2314
1931 2208 2465
128 2224 1154
412 2256 408
1064 718 3416
667 1295 1327
1095 1207 1255
1441 374 2732
781 681 4261
2482 2021 3481
427 450 4156
2136 1720 1650
1000 2105 1779
864 2216 513
232 1617 2751
701 1715 354
191 431 2306
286 1838 3254
234 1417 3673
2498 1921 775
331 606 365
2065 2358 4403
424 1923 1249
1085 892 1601
255 759 1256
232 1617 2267
1438 88 525
1325 122 2036
1388 1960 3043
164 1173 2877
1174 2447 4087
1228 1386 4268
1528 572 3595
1964 2054 1743
932 1251 877
757 41 998
1365 288 2817
666 1496 4013
175 1946 517
47 2262 1564
274 2231 3514
1222 926 707
2349 1427 487
2292 6 456
1360 112 76
2276 1521 3788
1014 2387 2749
1575 1856 2074
910 468 959
74 1826 3399
2213 2218 347
2027 1873 1995
604 1206 428
1177 449 1878
1870 1282 3171
991 2427 3620
1138 250 3968
953 100 3324
883 332 2402
2423 2176 3682
1104 677 1015
422 1962 1481
2235 1614 2987
175 1946 3497
2114 599 2875
1835 1810 1072
323 2281 1439
1512 1132 1609
90 857 2200
2393 175 388
1027 452 3442
1685 380 238
1086 2066 4237
344 1184 2045
1348 619 1358
1336 2444 1713
2226 1250 1112
2488 375 2480
265 678 3286
1135 664 1558
2168 2258 3701
1295 1680 1519
1157 1706 398
1616 1054 1558
692 121 1082
1309 2355 1781
1543 1857 1591
389 292 3005
1465 1109 1957
491 482 2350
2016 1118 3572
2405 2181 2205
1979 2305 21
1356 2373 4075
634 1277 2389
889 1602 3010
892 1352 4369
15 2036 3463
1049 2240 3940
77 280 3054
2060 793 3767
1764 333 3263
672 1973 634
1540 1557 849
255 759 3584
1345 2297 3813
628 2003 3956
320 981 2075
1812 740 3453
1151 282 593
2028 1197 3901
113 649 3642
25 773 3778
2139 875 2103
37 1908 1352
1525 2222 3719
356 2116 54
720 2439 869
794 219 3993
2483 880 4500
2202 109 53
393 1541 1969
1057 1113 3558
2127 2165 4369
2154 2080 3079
970 590 3352
2371 1174 2599
271 760 429
1605 1481 382
1918 723 1419
2029 904 3717
1455 1533 1010
2163 87 1235
1881 809 80
114 1360 1772
1896 910 2425
1954 717 4199
1279 1565 157
1238 811 3892
1423 2225 2370
1312 1359 3379
797 1438 4445
2274 969 3132
109 2005 2779
2323 758 3862
414 49 4060
1139 2311 2319
891 1811 421
657 379 3161
2258 1065 3440
2166 185 1988
1443 1249 1794
1865 2107 3219
1108 2484 2441
2286 635 1676
1622 1888 3506
900 1739 3352
1357 1007 945
2228 2382 3947
624 900 2448
1328 1364 561
1542 275 1917
428 120 1647
2468 1303 683
717 1671 2431
1960 595 158
1165 263 536
444 495 4166
2385 2031 1219
1067 2010 3907
952 818 4399
2350 1892 4394
1592 91 181
2439 1630 2933
2208 2325 1737
2500 1998 1411
478 1300 2055
1159 1469 3242
1934 261 3372
1401 1091 3281
2480 1111 99
345 1718 4287
325 765 3947
486 1454 4354
1419 2381 1748
36 241 3159
1886 609 3602
340 1766 2800
1624 541 2346
1854 1916 4324
1177 449 3483
1335 2114 1460
2023 933 3778
455 913 1587
1768 1532 2644
1580 1954 1591
500 1089 3343
1440 1312 2408
2459 1021 3373
53 1572 3644
1722 154 1270
2468 1303 1607
2117 45 1002
647 523 4303
2146 27 1137
671 1185 213
1059 1395 581
364 2002 1303
754 532 596
1423 2225 3049
1852 663 2557
908 565 536
2470 1932 2786
669 813 313
1516 2137 1717
2311 1492 416
2365 342 2365
712 1378 444
2489 2350 2231
1693 249 2376
1053 934 4489
2251 1391 3983
961 2026 3230
642 1019 472
940 2386 764
484 927 4033
695 408 1116
2477 81 762
108 726 1685
141 967 2362
2451 727 3120
2368 248 2228
1612 256 3210
228 1203 1835
1929 1639 1452
1158 515 158
1661 955 2203
1038 596 580
1673 2492 1690
1882 2349 4288
1761 833 2439
167 451 2175
1368 1529 2689
499 2219 1685
1784 1108 152
2141 290 3182
1173 1429 4295
586 1093 4383
344 1184 1834
311 1002 380
1016 1525 113
1798 2196 1889
1414 1396 2648
2283 1970 555
290 1929 3701
1395 393 2408
511 1577 2217
544 1537 180
1792 347 3457
280 2468 2772
113 649 4376
266 163 3189
2081 821 2455
1275 1487 2356
1259 1457 24
439 2455 362
355 238 1686
2022 1033 1959
910 468 1982
1019 2103 877
147 208 3439
2250 593 1317
288 1268 3151
587 992 3146
600 418 2222
2213 2218 3603
130 1461 1097
2229 1459 3060
2408 1772 3027
50 1479 3864
1307 2162 2004
2088 756 178
844 1247 1895
177 2020 2645
824 1354 622
33 2411 347
1656 2293 1325
369 423 2023
44 191 850
1970 2443 1917
1794 581 2359
1091 1017 3935
1083 1673 3897
244 2360 4192
85 1217 1753
1765 1773 2075
2019 1955 3657
1376 1390 675
1080 704 230
755 1458 2986
1285 132 1676
583 1994 986
529 155 4068
1085 892 1720
622 2141 3524
1784 1108 1881
67 14 1240
2147 161 4089
2354 1302 3481
1185 1381 4383
504 954 1726
353 1555 57
1539 1883 1975
948 2016 1706
2123 1080 3407
403 808 3861
1056 846 2382
2335 1254 1706
1313 1219 1879
211 580 793
1306 1924 4463
839 1462 1576
2347 1656 2866
1554 1043 3734
1172 1094 3998
2392 2322 4139
2338 2067 2139
1489 1982 1100
1530 2356 3497
2093 222 1748
724 357 1360
1363 1957 2719
437 2418 3436
475 688 2569
481 142 868
1445 425 2640
2044 1822 910
1544 1710 4407
1999 1816 2052
1921 1240 2258
908 565 1450
2031 1858 1959
895 44 3252
252 2493 3286
1974 306 3851
2090 439 1531
7 337 4250
1617 503 3056
957 719 1167
29 600 4450
1229 324 2679
122 1509 1396
731 561 148
285 298 1332
1965 1738 4290
663 2248 1987
1399 1205 2830
332 616 4270
1979 2305 3906
893 2198 4334
1435 1560 753
2308 989 2509
2232 1107 421
877 84 3722
1068 755 2760
1584 1601 2292
98 1041 1909
2258 1065 4467
1724 2440 1901
974 214 1255
522 743 187
935 2498 1039
1012 1186 3710
638 398 2214
2156 2128 280
499 2219 702
1336 2444 563
944 1654 1699
1787 2449 4239
730 1329 3460
2094 2401 1967
418 1792 4194
2183 24 2324
1508 1734 2097
1875 626 2992
1916 882 1473
2357 1258 1726
728 1886 1854
180 752 2461
1023 891 2554
557 1831 3301
38 1424 2701
199 785 3445
1832 228 627
2278 731 4002
995 2347 3498
1856 1935 4128
701 1715 1397
5 465 54
1525 2222 2766
460 2191 151
1492 1349 1971
2458 1338 1836
561 1780 99
400 657 1910
950 279 581
116 2014 3414
1405 1788 3073
1462 1167 1858
136 188 3049
1170 1292 3143
778 1513 1748
1230 225 1275
1608 1926 117
532 665 3198
437 2418 2148
1495 2051 1678
650 639 3135
218 405 2862
2247 1624 3339
1803 815 3929
2341 1789 3344
2108 2458 1838
619 1098 4440
930 302 1387
2252 1968 1606
1910 46 1591
21 2129 1801
1936 1522 2194
846 1999 384
1741 2326 2233
481 142 3658
1780 2376 275
1153 1613 1360
1513 1042 3792
248 176 389
71 1073 2254
1142 2315 2408
1704 2330 4311
2226 1250 4166
424 1923 764
1965 1738 3257
245 2335 2668
1916 882 4002
1820 1130 549
2393 175 3999
1770 1579 224
69 1328 1519
2031 1858 1222
1120 564 2531
2048 2025 4080
2312 2122 596
1911 1115 32
2360 662 2036
455 913 1040
2047 1238 4460
2374 212 970
1291 15 814
689 1796 1941
938 42 1164
241 894 1738
85 1217 1578
1636 1377 1835
393 1541 3972
872 729 1283
1637 1693 4268
99 172 450
392 2299 4102
