1
5000 4999
3571 1047 347
4821 3571 1688
4568 3571 3712
3571 4171 3615
3571 3117 2028
825 3571 3695
4588 3571 1559
4145 3571 2418
3571 1370 837
3571 4131 496
3571 1943 1827
1432 3571 336
1730 3571 677
3571 2323 2678
2076 3571 1788
3571 2974 2178
3571 1236 1794
451 3571 143
3571 2333 1356
3222 3571 679
3571 2996 2196
3571 338 598
3571 1031 2988
3571 4037 362
4248 3571 3840
3253 3571 2629
3571 4243 2346
2759 3571 2283
4816 3571 2146
3980 3571 4442
4033 3571 4714
3571 3631 2790
3571 3736 294
2769 3571 1829
3571 1390 378
3767 3571 2445
3571 4357 2043
3571 379 4715
3571 3405 54
3769 3571 350
3571 2364 2940
3620 3571 3379
3571 1177 3030
3571 224 3622
640 3571 150
831 3571 3014
3282 3571 471
3571 1918 1648
3571 1536 696
3571 1666 1034
3571 609 1190
3571 1513 3136
3571 2561 1903
3571 4266 52
3571 2379 4774
941 3571 808
4988 3571 2516
3571 4656 2644
4219 3571 2006
1277 3571 2344
3571 4055 4898
3571 2528 4656
4848 3571 1517
3571 1283 748
968 3571 959
3098 3571 358
4836 3571 2347
474 3571 2072
662 3571 3949
4899 3571 4903
1994 3571 1197
3571 1424 564
3571 3053 4632
1310 3571 1621
3571 2660 3366
3571 4254 2726
2041 3571 4252
4681 3571 3928
1265 3571 4942
3571 3788 26
3571 4265 8
3571 1182 1465
4299 3571 4404
1623 3571 1975
4147 3571 1344
2415 3571 1181
3571 4720 1262
3571 2619 1909
2618 3571 4288
1227 3571 3269
3571 4192 1612
461 3571 1396
3571 3247 4226
3571 2891 1598
2337 3571 4155
3948 3571 1564
4867 3571 3980
3571 4878 2870
3571 1960 4754
3571 4807 573
2582 3571 4383
2694 3571 3696
3571 2847 3819
683 3571 1434
341 3571 3554
2279 3571 1362
887 3571 2405
3571 3199 114
3817 3571 1339
3571 519 3583
3786 3571 2947
1447 3571 476
3571 4880 2846
4044 3571 3735
3571 3147 3212
3571 1280 3088
456 3571 1677
3571 1282 4704
2125 3571 3642
2429 3571 2390
1752 3571 1000
3571 2113 2924
3571 1344 876
3571 2503 4213
513 3571 1927
3571 3538 990
623 3571 1184
3267 3571 4547
3571 56 4239
3571 4178 1119
3571 2848 422
2192 3571 2570
3571 4621 2764
2201 3571 1477
1911 3571 1863
1881 3571 80
2821 3571 1321
1329 3571 235
3339 3571 1873
3571 2549 2070
4367 3571 1645
3571 4915 1573
3763 3571 1061
3332 3571 751
3571 2276 154
477 3571 1292
2095 3571 3114
3571 3714 1918
4511 3571 1277
3350 3571 502
2712 3571 2727
3571 4833 2998
3535 3571 3357
3612 3571 1721
1624 3571 3211
3571 1173 2909
3857 3571 4414
4761 3571 296
3571 1103 2084
153 3571 1768
1010 3571 424
3571 1776 988
3571 345 2356
4850 3571 419
3571 2808 1442
1484 3571 2985
3571 3514 2408
3571 2810 1372
4345 3571 4478
3638 3571 4157
3571 4231 4041
3571 2204 3508
330 3571 342
4403 3571 4530
3571 2921 4562
3571 286 2435
3824 3571 3760
2563 3571 1715
3571 1327 71
3571 2512 4581
3571 1267 1568
1346 3571 4966
3571 163 4378
3571 2713 24
3571 3923 3004
2551 3571 1636
1331 3571 3692
3571 4903 1966
3770 3571 4372
1316 3571 1122
2756 3571 1778
428 3571 3277
3571 2544 2613
3571 2285 1773
660 3571 3809
3571 1187 4805
3571 3449 4554
3571 4391 3668
1352 3571 4559
3571 2312 4425
3842 3571 868
2701 3571 3854
2952 3571 1051
3571 2706 3454
3529 3571 2114
3182 3571 1424
398 3571 4565
3571 392 3276
3571 3287 174
3571 4422 3260
4718 3571 4681
3999 3571 618
3571 4175 2661
154 3571 660
3571 2085 3919
3571 4105 4887
3571 4594 4093
3571 2110 1123
4605 3571 370
3571 2892 3380
4698 3571 3609
2862 3571 2893
3571 560 2479
3571 1738 2162
3571 1757 3320
3571 533 4575
4406 3571 839
3571 3499 2925
3571 3975 1076
3775 3571 4421
1381 3571 1317
3308 3571 4763
3571 4417 1831
3236 3571 326
389 3571 2827
4030 3571 1699
3571 2431 484
3571 4829 1273
1141 3571 121
3180 3571 4094
1415 3571 372
511 3571 2254
3571 394 4598
4233 3571 4129
3571 408 3743
3571 165 3117
3571 860 1538
3571 711 3551
3571 2884 3318
3304 3571 4324
3571 4431 2326
3571 1127 84
3571 1823 2793
3046 3571 331
3571 2511 2014
3571 1108 825
220 3571 2002
3571 4866 3135
354 3571 2210
3571 1630 3345
1190 3571 3900
4396 3571 1776
4617 3571 2569
3571 3278 369
3571 4372 4503
1607 3571 3022
1501 3571 3254
3571 208 3952
3571 3115 97
563 3571 2495
3571 4792 4524
4474 3571 129
3571 3859 3087
4912 3571 2244
151 3571 4113
4292 3571 3145
1729 3571 82
2519 3571 3626
3571 3373 4542
3571 4924 4308
235 3571 1653
4701 3571 2829
3571 4115 229
1844 3571 4496
913 3571 66
1174 3571 1219
2955 3571 2463
3571 4919 1577
3571 244 2839
3571 3855 1136
3571 804 4732
3571 2482 1341
1109 3571 2523
3571 2553 2485
4663 3571 3413
3571 737 3249
2220 3571 4490
3571 1389 1331
3571 2559 3142
3571 377 3673
2692 3571 2687
3571 4329 275
3571 2280 37
1597 3571 2538
3571 1686 2062
647 3571 2783
1897 3571 3333
1468 3571 3742
4959 3571 1890
3818 3571 3297
3571 2895 3424
4419 3571 872
2155 3571 3987
3571 1677 1400
780 3571 4142
4750 3571 2429
3571 2722 2851
2140 3571 1311
4252 3571 1500
469 3571 1236
3571 4228 3231
1311 3571 1901
3571 4365 2749
3571 794 1955
3571 1161 2517
1698 3571 3582
2753 3571 3498
3571 834 4664
2807 3571 498
3336 3571 1915
3454 3571 819
3571 2798 790
3922 3571 823
3571 966 4801
2597 3571 758
499 3571 1392
2754 3571 1657
1805 3571 4006
3571 2443 2592
3571 14 4212
3571 1266 651
3571 846 1852
3571 25 517
3571 2133 4261
3571 4274 104
2191 3571 3288
3571 2081 4036
1892 3571 1001
2564 3571 2721
3571 1541 399
3571 1724 3566
3571 4625 2951
10 3571 45
4687 3571 1096
3571 1532 2656
3571 4402 1301
277 3571 32
3571 2413 137
4745 3571 1888
4906 3571 1437
2025 3571 644
4520 3571 2252
3571 553 4659
3571 1115 1022
3571 2486 4618
3571 772 3147
3571 3181 1887
3571 3311 547
3571 4261 1108
3571 1878 1703
3100 3571 2295
3571 4923 333
3571 3190 3013
3571 3748 352
608 3571 4320
3571 333 3463
2501 3571 4797
1540 3571 2272
3571 2310 297
3022 3571 2904
91 3571 5
3108 3571 2342
4641 3571 2151
3571 4699 1830
3571 1340 2759
3571 3216 60
3571 2599 535
3571 785 3709
194 3571 4062
4978 3571 3537
3571 4075 4277
455 3571 1042
843 3571 463
1261 3571 466
3571 2690 653
3571 3439 2658
4514 3571 1279
3481 3571 3329
3571 434 291
2616 3571 3847
3571 1916 1188
4210 3571 4989
592 3571 2197
3571 557 1368
3571 4673 2646
3571 4246 4728
3571 2889 3786
3564 3571 994
4856 3571 2928
3571 4291 53
3571 3083 3713
1061 3571 286
3907 3571 835
3571 1939 2667
512 3571 3877
4368 3571 4452
1367 3571 1272
1924 3571 3420
1819 3571 439
3571 2681 1933
3571 1478 1343
1512 3571 3635
1669 3571 3002
3571 356 2519
3571 4460 3787
3571 2433 1276
3208 3571 1038
90 3571 4095
4760 3571 4983
3571 1335 4022
1416 3571 3308
3571 2638 845
3571 1069 4457
3571 4279 4881
3571 3061 2879
4054 3571 4150
3924 3571 321
1602 3571 2617
3571 735 2729
1446 3571 3910
3043 3571 1161
3571 2587 4945
3571 2815 2910
3387 3571 4342
3784 3571 1428
3571 4200 4964
3359 3571 3769
4090 3571 4240
3003 3571 1824
4715 3571 2373
3571 3193 685
3571 4885 10
3571 2664 4033
3571 4166 4654
3571 1894 1717
3571 630 1310
3571 2568 1615
223 3571 4128
3571 2829 501
3913 3571 2854
3571 120 883
1660 3571 2282
3571 4690 3629
3571 4371 4771
4939 3571 597
3571 4853 4187
3571 3191 907
3571 1866 440
3497 3571 1535
3571 489 4278
1060 3571 538
493 3571 394
3571 4475 1785
3640 3571 1793
3571 1578 48
3138 3571 2746
3571 2832 2160
4139 3571 1848
3571 4207 3149
3571 2923 3527
2096 3571 4895
2717 3571 4055
1290 3571 4433
3571 2982 1906
526 3571 3175
3571 430 516
3571 755 1832
3571 4861 3639
4245 3571 2177
3571 3686 2431
3571 2834 2077
3571 174 2650
496 3571 1714
3571 3587 4973
1699 3571 3331
3571 3860 4893
3342 3571 1160
4538 3571 2171
540 3571 481
3371 3571 2914
203 3571 2787
3571 4024 1124
3571 2697 4886
3571 83 4666
308 3571 2632
3571 3902 4588
3966 3571 1242
1138 3571 3909
1243 3571 4649
3571 1932 1191
4947 3571 3236
3699 3571 1525
3839 3571 4192
4168 3571 1607
3571 1825 3953
2454 3571 2916
1105 3571 947
3571 4716 2190
3145 3571 1121
3571 2282 905
4314 3571 1666
3571 1347 2865
4974 3571 3698
3571 2167 1553
3571 2881 3295
1833 3571 218
23 3571 2553
1179 3571 2154
3571 116 1223
3328 3571 1117
3571 1030 2499
3571 1898 1632
2184 3571 3837
2840 3571 4176
3571 1302 4517
3571 1830 1260
3571 3149 2960
82 3571 1374
3571 2602 4161
3571 2732 1211
3571 4080 450
3654 3571 4610
3571 1999 4348
3571 1279 902
1859 3571 4434
3733 3571 3386
3571 3234 2355
729 3571 1239
3571 2791 3383
1791 3571 1172
2653 3571 1991
1921 3571 4619
2023 3571 561
3571 1993 824
1229 3571 4922
3571 884 737
816 3571 4504
4864 3571 2826
3592 3571 1209
1747 3571 4164
3447 3571 2634
4448 3571 980
3571 4330 4670
3571 633 4955
3571 1082 4985
359 3571 982
534 3571 3781
3571 1735 4880
1330 3571 4084
293 3571 3890
1750 3571 1089
3571 1642 4319
4217 3571 3070
3571 312 4193
3571 1784 1147
942 3571 709
3555 3571 3963
3571 4387 3766
3571 2075 1999
2684 3571 1563
3571 3528 844
3571 88 1646
2601 3571 2860
1533 3571 287
4317 3571 4529
4574 3571 4946
3257 3571 2407
355 3571 3404
3571 891 2662
4522 3571 854
3571 2594 4250
3571 1644 2874
596 3571 2379
4123 3571 4592
3571 594 3660
819 3571 827
191 3571 2297
3571 3134 3974
3571 4767 2806
3466 3571 2047
3571 4310 1755
2939 3571 1198
3571 1164 528
3571 2480 610
3571 249 3513
3719 3571 2945
3571 1298 4745
1806 3571 2557
33 3571 2802
3571 830 2354
3571 360 4289
3125 3571 3160
3571 4096 2119
3571 4003 1481
427 3571 657
3571 335 1662
2566 3571 1503
1490 3571 1723
1144 3571 1050
3571 690 2653
1708 3571 4639
1715 3571 2020
3571 3471 733
2738 3571 4030
1412 3571 4163
3571 2796 4416
233 3571 1430
2216 3571 1786
3571 810 360
3571 2916 2261
879 3571 4787
621 3571 1802
3571 1974 3341
1337 3571 2645
4841 3571 4672
3571 4963 1988
3250 3571 1139
3571 3565 239
1835 3571 2796
3571 1299 3991
3571 4053 2641
4779 3571 3122
3571 2813 1809
1934 3571 415
3571 256 4317
159 3571 2788
3219 3571 4751
3571 4732 189
3571 1324 1131
3571 4557 4698
4803 3571 4311
3571 1220 4007
2122 3571 472
3571 925 2248
1214 3571 603
4973 3571 2647
3571 4631 4495
3571 1440 176
3571 1629 7
2190 3571 4980
3012 3571 2497
3571 4383 1158
3310 3571 6
4364 3571 335
3326 3571 1796
1234 3571 1173
948 3571 215
3571 4091 1382
3386 3571 2781
3571 1500 4444
3571 2980 999
4130 3571 3393
3571 2764 1333
4855 3571 2622
1449 3571 1861
51 3571 127
3599 3571 2583
2242 3571 4602
3571 3361 1261
3571 1867 2144
701 3571 604
141 3571 2155
1649 3571 3720
3571 3347 3645
1026 3571 3089
3028 3571 3714
3238 3571 616
3571 1529 4737
1961 3571 4046
3571 2649 2571
1404 3571 1652
3571 698 1921
3571 1852 1770
3571 2866 2420
3571 3779 3725
3571 468 42
3571 419 4200
3571 3333 4526
3571 1099 2179
4926 3571 670
3571 4255 1851
3571 3559 3710
2044 3571 2637
3571 882 1208
4398 3571 1282
3571 4869 130
3571 1976 4347
3571 2627 1365
2292 3571 3125
3571 136 687
270 3571 3821
3571 4149 1779
2104 3571 3956
3571 551 4556
3571 287 2621
3571 3845 1470
3124 3571 712
253 3571 171
3571 1769 1528
3692 3571 1116
3571 1935 3869
3571 3506 4878
3571 4081 4952
3571 1003 3711
1843 3571 4545
3795 3571 2224
3704 3571 2087
4182 3571 1383
3071 3571 728
3571 4148 2997
3571 2782 262
3571 1687 4203
3203 3571 4395
2495 3571 4990
3571 2801 2847
303 3571 2636
3668 3571 2157
2538 3571 4710
1782 3571 4251
4167 3571 2269
1703 3571 4651
3571 631 2987
3562 3571 948
3571 2871 2477
113 3571 1722
3571 857 320
1955 3571 2100
1201 3571 804
3571 226 4228
4735 3571 1904
3341 3571 4230
3215 3571 4539
2135 3571 1516
3459 3571 4584
3571 3803 1164
3571 2472 1486
3571 4014 1432
482 3571 3
3571 2111 4643
3571 4490 1476
3571 955 4767
3571 1246 2363
3571 2368 4011
3571 1301 2915
3178 3571 4868
3512 3571 3985
3571 2317 4100
376 3571 4499
1326 3571 3161
3571 4755 2175
3571 2020 2643
4960 3571 1943
2086 3571 3684
449 3571 2142
3571 4059 499
3571 3392 2697
4340 3571 351
2132 3571 4607
3318 3571 4371
3571 1712 2713
3867 3571 3000
3571 4774 3126
3571 1499 273
3571 4060 2292
85 3571 3009
225 3571 2825
1019 3571 3433
3571 2926 4343
2419 3571 1695
3571 4660 2337
3571 2733 2681
2589 3571 991
3571 1244 4836
1106 3571 4933
3571 3195 1547
3571 2907 2709
3571 3739 101
2924 3571 49
3635 3571 565
3571 582 3298
3571 3950 2424
3571 3074 934
3571 4195 3440
3571 3017 3630
3571 1288 4823
3571 380 4915
3972 3571 1046
3571 2680 2850
2584 3571 4199
3571 3985 3997
1369 3571 3836
3571 4142 4682
363 3571 1109
3363 3571 1834
3571 3961 2313
4596 3571 376
3571 1967 1570
3571 2281 4279
3571 1756 1183
3776 3571 3922
1094 3571 1367
800 3571 2031
1239 3571 1846
927 3571 3469
3571 2577 3941
4512 3571 3585
3571 4339 3972
3503 3571 119
1428 3571 178
3571 1890 2814
1640 3571 4453
3571 3728 4305
3571 2767 2539
3571 4800 1210
3571 3313 1071
3571 1569 4369
4865 3571 891
3571 3781 2677
2342 3571 3256
3571 2188 3311
3571 1465 249
2237 3571 330
68 3571 2316
3571 2063 2984
4892 3571 2433
3571 1748 4051
1539 3571 4103
3571 3534 2920
3571 3249 4572
3571 2402 1167
3904 3571 896
3571 952 4752
3571 2954 1377
1256 3571 1534
3571 4464 2619
2578 3571 202
1812 3571 3337
3571 2959 705
3571 3472 3730
3571 2400 148
4086 3571 4138
3016 3571 1133
4894 3571 2836
844 3571 4993
3571 586 425
4958 3571 4901
3571 215 1187
581 3571 3330
3571 1012 282
3571 3042 3970
4929 3571 234
3571 3673 2711
3571 4335 2207
3571 2212 3361
4041 3571 1231
3571 305 3530
3571 3778 1611
3571 3023 3490
3571 484 1965
3571 425 2071
977 3571 1972
3710 3571 3882
3571 4411 1772
3571 2860 3384
3505 3571 475
1558 3571 2401
3571 1534 3112
4544 3571 3478
4104 3571 281
1196 3571 4725
3571 614 2872
4570 3571 4034
3990 3571 3852
3571 3498 2079
3571 634 671
795 3571 1752
3571 1058 4331
3571 3344 588
3486 3571 2163
3571 3000 3693
3571 4202 1384
3571 1258 553
1780 3571 3143
3571 2977 2214
4882 3571 3901
1774 3571 214
875 3571 3505
3571 4447 3006
2152 3571 2164
999 3571 1964
4118 3571 540
3571 1954 3548
1194 3571 1026
2373 3571 1005
648 3571 4749
1317 3571 4044
3571 3260 2834
3571 3973 2718
3571 2439 2383
3571 2783 3646
4103 3571 4090
2447 3571 1444
3571 3879 2430
2475 3571 356
147 3571 4913
3571 2084 978
2427 3571 2971
3571 1073 3657
4361 3571 2734
72 3571 1539
3571 2098 3274
3571 3290 879
3571 2309 3823
1362 3571 2120
4297 3571 2122
3571 808 1200
712 3571 4196
752 3571 2756
2359 3571 4081
3571 4010 4819
297 3571 1342
3609 3571 4655
3571 4693 1364
3571 3807 2856
3993 3571 2712
3571 4527 50
2928 3571 2549
3571 2451 4480
259 3571 4888
2206 3571 4286
2179 3571 2230
1611 3571 4689
3939 3571 1256
3571 760 3515
2509 3571 784
3372 3571 3270
3571 2629 3945
3571 4583 4301
1034 3571 4026
440 3571 2378
635 3571 4506
3571 2648 2058
3571 4451 667
4273 3571 4995
316 3571 2010
3571 470 4583
442 3571 575
1086 3571 4315
3571 2842 3536
2376 3571 1977
2449 3571 145
2211 3571 4742
1151 3571 4015
3571 3574 1871
3571 2146 4938
3571 106 3574
3571 2751 4761
3571 180 1106
4268 3571 1706
528 3571 3139
3571 273 1340
3571 1628 4145
3571 1456 3592
3571 1351 3092
3571 1577 2974
1627 3571 4627
3571 868 3780
3571 4152 1751
2497 3571 69
3571 3536 3917
4592 3571 3097
3571 2488 1663
2210 3571 4028
3018 3571 441
3571 4794 3151
687 3571 2202
3571 2199 4838
1341 3571 1177
436 3571 3344
3571 1753 1920
3571 3133 4691
437 3571 3209
3154 3571 4458
3571 254 4937
4566 3571 1386
3890 3571 706
3571 3875 3628
3571 2229 4527
3571 1582 3346
1263 3571 2490
2630 3571 4119
3571 1275 3923
3571 4072 732
3494 3571 3964
3467 3571 2232
1238 3571 3826
3571 234 782
3540 3571 3093
3571 4362 3222
3571 2194 1638
890 3571 1734
3571 70 3159
1700 3571 2250
3571 4209 691
3571 1226 2291
836 3571 34
1029 3571 314
4788 3571 293
798 3571 4422
3571 4426 3767
3571 1441 4057
1334 3571 1617
1154 3571 3268
2743 3571 1083
736 3571 4298
3571 1763 1336
3375 3571 2199
3571 2154 2104
3571 2164 354
3571 1821 2396
4640 3571 1479
2141 3571 4208
2070 3571 4423
3571 4143 3555
2409 3571 936
3571 2058 1753
1945 3571 3669
3571 3217 2457
3571 2160 2754
3571 2772 1326
3571 3964 914
3571 2984 1016
4806 3571 2357
3571 2050 4089
4887 3571 1558
3571 1662 2993
3571 671 922
3571 3123 2926
2812 3571 3027
3571 201 3364
947 3571 3606
2979 3571 1280
3571 2986 2362
3571 1985 1138
3571 2089 525
3571 1358 1521
3571 1009 4998
2250 3571 1962
786 3571 1995
3571 4626 2694
3056 3571 1756
348 3571 1561
3571 2260 1826
1405 3571 2736
481 3571 4234
3381 3571 2996
1928 3571 723
176 3571 216
3571 3554 1441
2219 3571 1389
1814 3571 2560
1242 3571 777
2880 3571 771
3571 741 1459
3571 4488 1057
3251 3571 199
3571 1208 4882
3571 3656 821
3571 3618 3031
193 3571 810
2258 3571 1325
3571 4548 875
985 3571 3452
3488 3571 2753
4311 3571 1241
1914 3571 2670
3571 4241 4197
3571 1986 96
3571 1037 279
1188 3571 4271
3571 55 2026
3571 158 269
3571 3360 3775
1796 3571 4214
3370 3571 3999
3571 1036 3718
2545 3571 3224
276 3571 1244
535 3571 4350
3268 3571 4534
3571 4316 4540
184 3571 2819
2174 3571 1150
3571 1088 2504
3571 1223 680
4344 3571 3624
3571 3959 4000
2799 3571 2432
3571 510 3049
4181 3571 1214
706 3571 1866
3571 2854 3828
3571 344 2138
3571 1436 549
3571 4193 3699
3571 2493 3671
473 3571 1475
3571 4614 4060
3571 4968 196
3571 1511 4344
3571 1717 4943
3571 1417 3286
3571 210 3153
4782 3571 3715
3571 1068 548
3571 646 1936
3571 3594 1815
3571 227 816
3571 3840 1284
3571 1706 3744
773 3571 3194
3571 4302 65
3571 2505 413
3597 3571 2249
3571 4942 2624
1289 3571 545
2555 3571 4074
3571 280 1271
3571 36 110
3571 2865 4851
3571 4116 695
3571 3659 3077
2586 3571 3313
3571 1879 2376
3246 3571 3292
4418 3571 2918
3571 554 3549
3571 3292 3805
4430 3571 1474
3571 515 3757
1531 3571 911
3571 3362 672
4746 3571 4804
3571 921 4902
3571 2168 367
3571 4624 1439
814 3571 4917
3819 3571 170
3571 3852 1148
129 3571 622
3571 2344 3758
3571 3400 1220
4580 3571 4501
3571 4098 1634
3571 182 862
3694 3571 2853
3571 1463 4253
3571 548 494
1130 3571 3547
3571 3537 1533
3571 4414 4979
3571 964 1825
2610 3571 2923
4133 3571 431
3571 862 3986
601 3571 2001
3571 4043 1949
4778 3571 2970
2968 3571 4514
3571 734 4982
3571 4948 2061
3571 2345 1919
3571 205 1246
3571 3041 1039
197 3571 931
3571 3666 2231
2945 3571 1305
3571 160 4727
3805 3571 1610
3571 962 2345
1998 3571 4531
2837 3571 1079
3571 4461 2323
4507 3571 1388
3571 4251 1195
3571 3557 2803
3571 2789 4484
3571 1153 292
410 3571 1015
3571 4666 2147
4289 3571 975
3571 2917 2060
2906 3571 2135
3571 1502 1945
3571 2064 9
1580 3571 3396
3571 2158 3581
1758 3571 2529
505 3571 3732
3263 3571 833
2421 3571 3716
4332 3571 4963
2593 3571 2464
3226 3571 1798
296 3571 3926
4770 3571 4731
3571 3979 153
170 3571 1841
3571 2256 4671
4296 3571 3367
3571 4731 232
3600 3571 3075
2195 3571 392
572 3571 727
79 3571 4653
3571 150 2627
1813 3571 3305
4600 3571 2321
2037 3571 4021
3571 2484 3670
3937 3571 577
3571 2640 3778
1874 3571 2844
219 3571 1027
2817 3571 1257
3571 2573 4861
1297 3571 4008
3571 1439 488
43 3571 606
3571 4153 2481
3571 228 2048
3571 1307 1997
3571 4320 4166
2714 3571 3591
3571 893 256
3571 3077 2604
1245 3571 2900
923 3571 212
2608 3571 3643
1896 3571 2903
3571 386 4550
3571 3121 473
3571 8 2572
3571 66 4729
4578 3571 921
3571 3899 2494
1991 3571 4284
1195 3571 3233
1005 3571 2642
3571 3126 3480
4440 3571 1349
3571 2203 596
3571 59 3597
1938 3571 402
1950 3571 866
3571 2163 654
3571 3029 569
3571 1713 2404
1494 3571 2148
2265 3571 2801
655 3571 1885
3571 3749 755
3571 1822 163
281 3571 4471
3571 3111 453
3571 2725 435
3571 4839 4397
3571 4895 1410
3571 4271 2798
1098 3571 2300
4390 3571 3532
1614 3571 2615
3571 2147 805
3706 3571 3048
3155 3571 4210
3571 654 2406
3571 1493 4389
3571 4465 1835
4433 3571 4843
433 3571 3863
3571 2035 73
2114 3571 4056
2485 3571 4189
681 3571 152
1090 3571 2532
3571 1600 266
431 3571 2044
3232 3571 861
3677 3571 2434
3571 3473 2898
3571 1460 2871
3571 4847 4270
4970 3571 2107
3571 541 474
1969 3571 3561
1451 3571 4833
3571 994 4177
331 3571 3053
1399 3571 932
2588 3571 852
873 3571 4386
3571 4780 3487
3571 4561 1024
3395 3571 2386
3571 3568 1510
3571 342 223
3571 2399 409
4097 3571 4657
1838 3571 2618
467 3571 1746
3571 4169 3035
3571 3527 812
2517 3571 3347
4812 3571 3771
926 3571 3278
3571 669 3474
3571 4286 4483
3571 4122 2576
3571 811 1946
1169 3571 2823
4925 3571 3544
3571 1338 4190
815 3571 4748
1802 3571 1789
4609 3571 1781
2271 3571 1156
3571 261 3886
1716 3571 2387
3895 3571 2200
3348 3571 1862
3220 3571 1098
3571 1506 465
3571 1965 4170
3571 1112 3567
918 3571 4615
3571 4315 33
1321 3571 1468
3571 1655 1543
2890 3571 3756
2445 3571 4637
3571 2625 1672
3571 3897 4967
627 3571 1274
3571 3552 432
3571 4146 3429
3296 3571 1456
3571 3437 4736
3571 1526 4690
3571 1962 2271
2222 3571 3086
3463 3571 974
3571 3166 741
3571 3064 814
142 3571 122
1544 3571 75
3571 1264 3291
2296 3571 4140
1459 3571 128
1085 3571 4683
4938 3571 102
3571 4759 3062
2787 3571 3632
3571 992 2614
3571 656 177
3571 3708 2506
3571 1078 430
3571 1688 4676
3571 520 4703
754 3571 1589
3571 2760 4233
3571 981 2525
867 3571 467
3571 4742 2849
3571 2318 1902
1219 3571 4633
3571 4562 4265
4526 3571 3457
3571 4022 3998
3571 3918 385
2644 3571 2426
1124 3571 252
3571 3196 4605
552 3571 2555
47 3571 4179
2730 3571 3977
2747 3571 1235
2300 3571 4182
2346 3571 3280
4953 3571 3495
3571 3101 4105
3571 4622 3229
3571 756 550
3571 3396 1960
4259 3571 633
3571 1725 2930
3571 3025 1229
2844 3571 2537
3571 536 397
3571 2390 2655
3070 3571 4428
3571 1702 4296
3571 207 38
4608 3571 567
2506 3571 1642
4724 3571 4866
4370 3571 2995
3571 3280 2066
255 3571 3638
3571 3858 609
3571 1300 640
3571 4404 2032
3571 3526 3613
3571 4999 2808
3571 2525 426
3571 4813 1332
3571 301 283
3571 2289 1168
1619 3571 3748
3571 1785 1593
3571 768 985
3735 3571 3954
3571 4665 1135
1065 3571 2757
3571 396 2978
3571 4564 1413
2592 3571 1069
3571 2899 1019
3571 3771 1947
1503 3571 4512
3571 362 318
3571 3288 3557
3571 4428 4281
3571 931 123
4967 3571 4340
1081 3571 4981
3571 3211 3961
3571 2027 552
4896 3571 77
2901 3571 4590
3571 2030 4891
3571 216 1522
3571 2855 776
3571 4323 3750
1572 3571 2628
3571 1837 2935
3571 173 1678
3571 4240 2489
3571 527 2950
3351 3571 1143
3491 3571 3815
322 3571 1892
3571 3429 2205
3571 4000 2041
3571 1291 3578
3571 4477 3862
3571 1281 3208
3571 2500 869
3571 3049 3446
3571 2128 4907
4325 3571 1245
1407 3571 1077
3571 2739 4920
934 3571 4299
4993 3571 3648
3571 4683 3348
3571 137 1029
4615 3571 1062
3571 2999 3289
3571 2151 1352
1797 3571 2165
3240 3571 1816
1682 3571 21
4811 3571 1575
3571 4518 583
3571 4506 4612
3571 1157 3388
960 3571 2468
3571 3793 1314
3571 567 3729
1496 3571 3939
3571 2746 258
3237 3571 1637
2339 3571 2698
1260 3571 3773
902 3571 4017
3571 2741 1586
3571 1020 2007
4575 3571 699
3814 3571 4002
64 3571 2353
3225 3571 2482
2336 3571 2938
1886 3571 1088
3571 4129 16
3571 4216 111
3571 1007 3707
2838 3571 3338
4480 3571 2455
3571 2740 334
2079 3571 2772
3213 3571 274
4394 3571 2607
4553 3571 3001
3571 3687 2123
636 3571 1250
3571 1554 3731
3571 60 4551
3571 2609 4799
3682 3571 4454
2139 3571 793
97 3571 867
2883 3571 2979
3571 4565 4367
3571 1876 3445
2507 3571 3074
2255 3571 1872
3131 3571 796
3571 3621 2545
3571 2992 2117
1049 3571 4658
3571 624 659
4567 3571 3129
3571 1574 3371
3571 2572 353
3571 1537 1302
4425 3571 1449
922 3571 2999
3894 3571 1251
3571 792 295
2209 3571 3568
1877 3571 1312
3571 4482 3188
3571 900 2587
2600 3571 4662
3571 3520 2218
3571 426 2476
1643 3571 3946
3571 4381 3243
3571 1839 168
3646 3571 1931
3571 2022 3794
3571 4874 3321
3571 2381 1056
3571 2766 3542
3571 3465 3261
1423 3571 4885
4819 3571 1985
4711 3571 1761
2988 3571 1283
1613 3571 1507
4586 3571 2239
3571 3870 4173
3571 903 135
3457 3571 3104
3571 115 1484
3571 3052 1562
3571 2217 1394
1411 3571 2964
3571 2006 240
3571 4898 1206
3571 4563 406
3571 2878 3287
3571 2626 2778
2330 3571 3439
3571 4137 3546
3571 3229 4334
3571 2719 315
397 3571 47
4536 3571 917
3571 77 4536
3571 676 1111
3571 2479 1175
3571 2615 881
3571 2539 4417
2781 3571 3751
3013 3571 918
3571 221 4986
3571 1948 957
3853 3571 3994
4306 3571 2598
1170 3571 4195
3571 1917 4568
2961 3571 3482
4989 3571 3841
3571 2471 1130
3189 3571 718
3571 751 2897
3254 3571 3601
3571 3765 3323
3571 4777 4563
2040 3571 3162
3571 2294 1252
3571 2014 2124
3571 3945 3177
3571 1021 2262
2189 3571 3857
2964 3571 713
443 3571 614
2569 3571 511
1695 3571 1895
4190 3571 3924
3936 3571 377
3571 3797 1524
3571 3444 2184
3571 3416 878
1485 3571 2552
3571 2778 1730
3571 928 3936
3571 3185 4385
733 3571 3148
3430 3571 113
3571 2208 4475
3571 1979 4646
3571 1325 2513
3571 2499 4466
3433 3571 1322
3571 2175 4628
3571 3996 3174
3571 2886 4077
1691 3571 952
2548 3571 662
3571 1492 1155
2932 3571 4673
3571 2055 4867
3571 1054 3020
1925 3571 2591
3571 3410 4121
537 3571 2708
3571 1504 4477
3571 610 742
3571 2351 2547
3571 1659 2397
3571 3235 3874
3571 4657 1518
2611 3571 1853
691 3571 4020
3571 476 3764
3571 1123 1462
3571 3067 2332
1134 3571 788
1006 3571 418
229 3571 3959
3912 3571 1905
2695 3571 3317
1319 3571 3108
3571 4023 1058
3571 74 533
2775 3571 1490
3571 95 3835
3571 1042 1687
1875 3571 1908
3571 3644 2639
3571 4838 2153
4910 3571 461
2540 3571 2098
329 3571 4314
57 3571 2578
4704 3571 1095
2530 3571 4297
1295 3571 4249
3566 3571 551
715 3571 1860
3571 4706 2225
3571 577 1682
313 3571 3215
3571 2198 2664
3571 628 4009
3571 4256 2908
3589 3571 3618
2051 3571 3467
1357 3571 2037
4049 3571 290
3571 3129 3423
3571 382 44
3571 584 4578
447 3571 1461
3571 178 4579
3571 3997 63
3725 3571 4075
3571 3097 3739
936 3571 448
3826 3571 3649
993 3571 3407
3571 566 943
2603 3571 3223
3571 4827 3052
3571 4294 1980
3571 3712 3481
368 3571 4071
4046 3571 270
3549 3571 2170
3925 3571 1591
3571 4804 2133
3571 2811 4043
3653 3571 4711
1508 3571 2360
3323 3571 1318
3571 2321 4879
3571 1538 4576
3571 4437 4
4802 3571 162
861 3571 1199
3571 2107 4923
3571 1970 3250
3571 4500 1040
3811 3571 778
3571 4222 1881
3571 2259 3453
3571 2306 1359
1779 3571 3180
3571 4739 2609
2469 3571 2702
371 3571 760
3586 3571 2869
3571 1287 2474
3766 3571 621
4376 3571 3605
3309 3571 3902
3571 2073 759
3571 1907 3382
2453 3571 630
3571 723 265
1315 3571 584
3015 3571 1506
558 3571 3654
3571 3090 4642
914 3571 2581
4817 3571 2635
2153 3571 2976
3315 3571 574
3571 320 304
2143 3571 500
3571 2283 2325
3571 3275 676
2356 3571 1004
3571 2729 611
3571 2894 2505
4616 3571 2864
4730 3571 707
3571 842 299
3571 1775 1944
4815 3571 3888
3571 1858 3140
4407 3571 4719
202 3571 2611
3571 164 2039
3571 325 3762
3571 3508 3588
3571 694 1485
3571 339 2371
2257 3571 2439
3808 3571 4873
3843 3571 3503
133 3571 1194
3116 3571 3636
3861 3571 3858
4197 3571 4518
3571 1480 2969
3186 3571 3127
492 3571 2805
1915 3571 1247
1477 3571 4426
3571 1525 2680
3571 3034 3266
2403 3571 2992
3571 2435 1526
3571 3629 1565
4124 3571 206
2556 3571 2045
3571 4151 3471
3571 2803 2413
3571 2478 3060
3456 3571 1628
954 3571 4721
1303 3571 3801
871 3571 856
1176 3571 1233
3150 3571 4845
3955 3571 4883
3571 1133 2953
3571 144 241
2054 3571 908
3571 3401 2340
4483 3571 2217
2042 3571 3990
2069 3571 2305
4927 3571 151
2698 3571 4652
3810 3571 4974
3571 1634 4957
3571 101 976
162 3571 2773
3169 3571 1307
3649 3571 3792
2474 3571 4171
3571 2969 2118
2727 3571 1859
3135 3571 2585
2651 3571 1049
3571 4510 4759
3103 3571 1763
2396 3571 2600
3571 4680 2541
3571 1927 1201
3571 722 4123
565 3571 428
4470 3571 3932
3571 1092 3230
238 3571 2779
3571 1953 4068
3981 3571 3447
3571 2428 1205
3571 2659 1060
3571 1535 3853
1505 3571 4859
2909 3571 493
2774 3571 2022
3151 3571 259
1631 3571 1425
1786 3571 4336
3571 2003 4220
3571 3419 3931
3571 2007 3133
2579 3571 774
3571 2804 1487
3571 1626 109
3571 3977 3807
4643 3571 31
4571 3571 2309
2962 3571 236
4186 3571 3602
4818 3571 1090
3571 4751 1542
3571 2598 4398
3571 986 120
3571 175 3865
3571 3504 3204
3571 508 4802
2305 3571 94
3571 3637 4668
3571 1803 2308
3571 4863 4147
3571 4021 772
2552 3571 1387
971 3571 2878
3571 1431 2943
3571 2468 213
713 3571 3982
3571 4995 1627
1983 3571 4135
3571 3255 3603
1997 3571 1224
3571 102 1460
4379 3571 1709
1241 3571 2994
34 3571 78
2393 3571 589
3571 1704 2003
4955 3571 4366
3571 2288 3434
3949 3571 1285
3571 1586 4574
3742 3571 1792
3571 803 4557
3571 2467 919
3571 3209 1725
3571 3703 2699
3571 4901 3432
1575 3571 636
3571 2542 2832
2071 3571 1882
3571 1585 504
2171 3571 4424
4472 3571 1820
2851 3571 1035
3021 3571 4139
3571 3377 2554
3571 1454 2052
3571 62 3327
3571 2176 4152
3571 3175 3611
3264 3571 3958
2397 3571 2586
697 3571 586
446 3571 4821
3571 1471 4449
3571 1421 2669
3571 4937 4647
3571 4319 2700
3571 3233 4971
1145 3571 2352
2477 3571 1180
3571 1392 2732
4264 3571 3441
4180 3571 4912
364 3571 3907
3799 3571 892
568 3571 4238
2953 3571 1254
3593 3571 2747
3571 448 3182
4061 3571 4783
3571 579 537
3571 429 3889
3571 604 3285
1984 3571 2831
2933 3571 1727
4789 3571 3395
2869 3571 93
3571 915 312
1873 3571 2672
1292 3571 520
3571 547 860
3571 3382 3343
3571 413 841
2745 3571 2172
3571 3932 4405
783 3571 2307
3571 617 4842
3626 3571 1804
3571 4547 2304
3751 3571 4947
3571 26 2684
3571 1818 1454
3571 1723 3934
2661 3571 132
3571 544 993
1807 3571 155
1966 3571 1700
3571 4773 1232
4517 3571 4984
3571 2371 951
738 3571 1403
2617 3571 3109
3571 152 2501
3571 2274 613
732 3571 2905
4121 3571 4256
3427 3571 3033
4067 3571 4621
4457 3571 4262
3571 1721 2858
334 3571 3658
4649 3571 4816
3482 3571 167
3571 3212 1957
252 3571 4553
3571 1672 3830
3571 3507 447
3571 2957 4375
3571 2060 1101
3571 1296 1743
3571 1968 3968
3571 3483 446
3571 3306 3449
2850 3571 1072
3591 3571 1455
3571 2786 3873
3571 2239 1603
3571 4443 2589
3571 1567 3834
3571 94 2522
3571 2703 1819
1276 3571 2075
4099 3571 1401
3571 1448 3444
896 3571 2204
2124 3571 4935
3571 4486 4158
3571 4502 3387
3571 4991 4688
1481 3571 2761
3571 1437 3334
3809 3571 3957
661 3571 3179
3571 4374 3797
4288 3571 1291
271 3571 2018
3571 4684 1126
4095 3571 1328
230 3571 2771
3406 3571 2102
3571 2083 795
138 3571 690
3571 4174 2791
3571 638 89
3571 516 1764
3571 3266 4509
3201 3571 4722
3571 1552 2473
3571 465 115
3571 3919 3426
3571 2734 637
2437 3571 4601
3571 2251 161
3571 1509 3189
4377 3571 1299
901 3571 1370
3571 3957 1240
3571 1361 56
190 3571 1702
1553 3571 3915
3571 385 560
200 3571 2090
3571 4034 1833
3571 1117 433
3571 4559 3391
2685 3571 3207
3571 2144 2012
3571 1075 3138
3571 829 4349
399 3571 470
275 3571 1583
3571 2929 509
3571 2308 3118
2956 3571 3157
3285 3571 2385
3571 1992 3184
3906 3571 2402
1810 3571 4570
1023 3571 1883
3571 1705 1813
2360 3571 2228
1396 3571 1532
1676 3571 4268
4826 3571 3803
3571 3295 4857
3571 2100 1327
4183 3571 4988
2430 3571 4455
3571 4032 247
3571 4267 4941
4741 3571 1357
3571 2029 1986
2230 3571 4770
4215 3571 3608
3571 889 4537
3571 2991 1585
3571 4165 181
3571 980 546
3571 4560 1010
2904 3571 1718
4276 3571 4004
3571 1215 43
3956 3571 3814
3571 2465 1691
328 3571 2319
3571 2665 1601
589 3571 3360
2121 3571 4194
4879 3571 2311
3367 3571 325
441 3571 396
3571 4498 989
3571 3930 4616
3571 3490 2113
4726 3571 3024
3571 3533 1086
2726 3571 3403
3801 3571 455
189 3571 4740
3571 3829 1073
742 3571 2448
3571 4270 261
3665 3571 125
1936 3571 3012
3571 641 532
2463 3571 1375
3571 3119 1243
4334 3571 4413
3571 2944 3540
3563 3571 3752
1095 3571 267
1906 3571 2437
4972 3571 3880
3571 4844 2276
4725 3571 1329
2605 3571 3682
3319 3571 1295
853 3571 257
4293 3571 3044
3571 1200 4014
3571 747 2358
2737 3571 3303
523 3571 3884
1667 3571 4874
3571 880 2166
1809 3571 3700
4378 3571 1549
3571 4157 4186
877 3571 4132
3571 1294 3283
3571 81 3488
3571 454 3335
3571 3107 19
4886 3571 1670
2879 3571 4151
3073 3571 3813
3571 155 2392
3571 1847 692
1379 3571 2229
3571 3442 1587
4900 3571 566
3571 3962 995
3571 2162 2690
3942 3571 2096
2990 3571 3765
4654 3571 2223
561 3571 4143
3571 2434 3983
3571 4321 1330
653 3571 2158
2708 3571 4890
3571 2137 1569
3571 4835 434
4459 3571 3431
3777 3571 2752
4828 3571 2449
3571 1522 4107
763 3571 1351
1594 3571 1910
2843 3571 2813
3571 3893 3992
1654 3571 1067
140 3571 663
2481 3571 344
3571 897 970
2795 3571 1633
598 3571 2094
3571 265 2013
3571 1071 3067
2341 3571 2436
4873 3571 403
3571 3992 2245
1743 3571 482
3571 2446 3737
3343 3571 2693
3571 452 4960
3571 1167 1929
2092 3571 1801
4540 3571 895
3571 2922 920
4620 3571 1081
3623 3571 1129
1591 3571 3113
3571 2560 1605
3571 3303 3651
1469 3571 3470
1530 3571 2563
156 3571 1114
1767 3571 3790
3571 895 3728
3571 3032 2263
1853 3571 2952
3571 3094 2824
2236 3571 2368
3411 3571 2399
1826 3571 1115
3571 3231 4663
3571 731 531
3571 3485 3078
1863 3571 2266
3571 1697 820
3571 658 2534
3207 3571 2625
3571 3082 244
2126 3571 329
4593 3571 2675
3571 353 822
332 3571 1640
3571 799 1578
3571 2178 1588
4987 3571 4650
3571 251 1064
973 3571 1152
2908 3571 217
3571 4338 4432
1365 3571 303
4956 3571 3500
3571 3500 3492
3898 3571 2597
3548 3571 1697
3571 4385 1857
3823 3571 4282
543 3571 2891
1739 3571 2715
463 3571 1828
2246 3571 1298
3571 2958 3417
3571 3510 840
39 3571 3307
3571 3340 4076
2324 3571 2441
3571 4944 1445
3571 3187 2318
3571 1646 3296
3571 3657 4515
4185 3571 601
1982 3571 2782
1427 3571 4273
3571 1827 3251
2935 3571 4087
1237 3571 437
3068 3571 1713
3571 2824 1923
1850 3571 3687
3571 645 4069
1002 3571 2017
3571 838 3521
1621 3571 1950
168 3571 4934
3571 29 2428
3571 3354 739
3571 4144 3653
4401 3571 1874
1293 3571 3892
4469 3571 4686
3571 1434 4996
2295 3571 4115
3571 1746 1369
3571 1684 4205
3571 358 3652
3571 3862 4884
2207 3571 1900
4907 3571 459
2978 3571 4617
3752 3571 2875
300 3571 2657
3571 858 1555
258 3571 1550
1479 3571 3633
1386 3571 3102
3571 2691 2243
3571 1940 4223
1678 3571 1221
3571 590 2612
1272 3571 1696
3571 3065 1412
3571 1910 4429
2820 3571 1978
3571 488 3600
3571 4851 4402
125 3571 2105
3571 937 787
618 3571 3528
3571 2002 4063
1645 3571 4677
3571 1116 2270
704 3571 2800
2254 3571 3120
4342 3571 2409
2101 3571 4436
4208 3571 1958
1869 3571 4216
3901 3571 1450
250 3571 4626
3896 3571 3655
3571 3630 1237
1749 3571 1566
4696 3571 2238
1949 3571 979
2675 3571 408
3446 3571 1616
3571 4177 1157
3571 3404 858
3571 3556 1968
2322 3571 3166
3571 3567 365
3148 3571 3564
3571 3122 1754
2169 3571 2890
3277 3571 4822
2200 3571 4049
3790 3571 298
3302 3571 503
1093 3571 1630
2537 3571 222
3571 1230 3745
3571 4250 3913
4002 3571 3106
3571 789 4747
1593 3571 3306
3571 1871 3565
3976 3571 1417
1919 3571 617
797 3571 4549
1956 3571 3185
3571 4747 2509
3571 3374 165
777 3571 4906
3571 946 4099
1443 3571 142
2806 3571 2388
3338 3571 703
479 3571 1584
3571 3001 3150
1946 3571 798
3571 4336 1869
1951 3571 2887
3571 3307 1053
3571 1491 4541
3571 4528 4900
4136 3571 3774
3059 3571 688
1160 3571 4865
4305 3571 1520
4659 3571 4834
3293 3571 4631
1017 3571 1546
3571 1402 3059
3571 3205 2965
326 3571 3372
3571 3511 1839
1388 3571 3203
3571 3480 894
3571 2307 3719
3571 4890 3721
3571 696 1635
613 3571 4410
4521 3571 1993
1486 3571 2944
1857 3571 187
1400 3571 3315
3571 3583 2724
3718 3571 3701
3571 3495 2273
3571 2272 2145
3927 3571 3740
529 3571 595
3571 689 1052
466 3571 3484
2994 3571 3806
2466 3571 4911
3571 2386 2780
3571 940 2841
3571 998 2548
3571 2776 4803
3571 749 98
2072 3571 3627
3571 2034 1118
3571 869 4358
3571 3014 2743
3669 3571 2866
1598 3571 1278
1350 3571 2369
279 3571 4789
3571 11 3996
1070 3571 4486
4013 3571 2543
2248 3571 3876
405 3571 2180
975 3571 1970
4360 3571 887
3571 2768 4066
978 3571 2241
4082 3571 4644
3571 1043 219
3571 2639 1922
3571 3379 556
3571 1981 802
3571 4064 3681
3571 2 1548
395 3571 4266
2165 3571 4276
4120 3571 2559
1900 3571 3193
3571 3080 1758
3571 1622 4645
3571 2819 2488
3571 1772 2257
4714 3571 2564
2302 3571 1574
3141 3571 4411
3571 2395 3246
3571 3273 3619
3571 2693 4388
2793 3571 4796
3571 4249 1805
3571 3804 4831
438 3571 3095
3571 1059 4229
1641 3571 744
1217 3571 3511
3571 1366 965
1121 3571 3738
4636 3571 4370
3571 318 1319
3571 2646 4065
3571 387 3195
3571 3881 55
4062 3571 4521
3394 3571 1407
3571 1181 681
4247 3571 1021
1556 3571 2730
3571 3798 2064
650 3571 749
4980 3571 807
3428 3571 1576
3571 1363 521
3571 3713 2493
3588 3571 2380
2623 3571 2116
3571 4916 3071
3571 2585 4716
3163 3571 464
4618 3571 3176
587 3571 3336
4587 3571 3489
4857 3571 3810
4964 3571 3258
2940 3571 889
606 3571 2751
1573 3571 2033
472 3571 1230
3571 3633 277
4810 3571 156
4823 3571 1163
3571 2893 260
3571 1497 1877
3571 1815 3005
2170 3571 1494
3571 2290 4692
1374 3571 2498
346 3571 2412
1989 3571 2936
3627 3571 585
1587 3571 940
3812 3571 2349
3571 3761 2828
3571 2647 935
337 3571 1505
2736 3571 524
801 3571 1541
3571 4159 3938
3571 776 3966
3571 920 1963
3571 3553 512
3571 1671 1979
3571 4911 1391
3571 3391 1347
3571 2455 661
3571 2261 1234
3571 1801 3552
3571 3200 508
3501 3571 3459
3571 317 1973
3571 391 3098
3664 3571 3558
2558 3571 2739
1683 3571 4525
740 3571 2198
108 3571 207
4981 3571 1784
4242 3571 2550
1259 3571 1290
3571 4110 2674
2654 3571 243
2123 3571 1293
3571 1132 4904
919 3571 3201
1096 3571 4188
4883 3571 4594
2448 3571 2717
3571 1661 1858
4682 3571 1856
3571 4280 967
3571 1689 2050
892 3571 607
3571 859 263
3571 4941 2535
3571 3366 3969
2425 3571 1537
282 3571 3350
3571 2115 2470
4758 3571 2959
3676 3571 4329
3571 1744 1128
2097 3571 246
1231 3571 226
1550 3571 4354
2677 3571 2521
3571 3722 4387
3571 1273 184
1252 3571 2194
3571 3158 3069
3571 3989 1055
4119 3571 4124
3040 3571 928
570 3571 4968
3571 4087 3023
2735 3571 2595
3696 3571 4487
3662 3571 3811
3571 2262 4788
3571 2709 4272
3009 3571 539
3571 4400 4468
3571 3223 3115
3571 1908 166
3571 2830 1414
2369 3571 375
1975 3571 2937
3571 4930 801
3571 3011 1807
912 3571 522
3571 3414 946
3571 3324 3314
3571 2325 4972
3571 556 2562
865 3571 4263
2268 3571 2366
3571 4932 2565
3571 1472 4146
3033 3571 1409
3571 644 4502
3571 2918 4577
3571 4904 1800
1604 3571 2603
3571 3998 507
2785 3571 3572
38 3571 487
3571 4450 4707
3571 3469 2640
2596 3571 4772
4495 3571 4122
1072 3571 2948
3571 1102 2766
310 3571 2115
2508 3571 183
4933 3571 4625
3571 4476 3688
3601 3571 2236
3571 3168 627
3571 2554 366
3464 3571 888
3571 2015 208
2377 3571 2599
3571 854 380
3571 4388 4257
3571 3038 4351
4128 3571 3342
3571 4040 173
3571 1632 1738
3571 366 1162
390 3571 483
2354 3571 1169
4651 3571 4760
828 3571 4599
3571 167 1719
2311 3571 4765
3571 4164 2654
3571 2905 2185
3571 3838 1875
2045 3571 1823
4496 3571 4079
3176 3571 1959
3571 4523 523
1445 3571 2486
3571 1158 1557
3571 4380 3850
2705 3571 655
3571 1564 2989
4441 3571 1170
381 3571 2921
3571 3460 2296
4585 3571 3942
4935 3571 3896
4783 3571 4609
3489 3571 4872
3441 3571 1059
3571 685 4144
3571 2366 2577
3170 3571 557
1429 3571 2256
3256 3571 1423
3571 2340 2201
3571 2518 4824
659 3571 909
3571 3130 886
3571 393 3167
211 3571 194
3571 1309 4516
3571 959 2377
3571 938 2334
3571 4734 302
688 3571 534
3571 2814 1845
3561 3571 4400
3227 3571 697
4109 3571 2593
793 3571 1519
3571 4695 1514
4524 3571 2083
3571 2565 4219
2750 3571 1488
2823 3571 4451
837 3571 4117
1519 3571 40
3571 4830 715
3571 4272 2137
3571 2389 1992
3571 416 1790
3571 42 2949
3606 3571 3240
3571 4834 4211
3571 1652 1473
3571 2645 3722
3887 3571 4493
2457 3571 3058
4601 3571 4875
2090 3571 144
1680 3571 1094
2571 3571 997
3571 4008 2596
3136 3571 1787
3571 3850 838
3571 812 2324
3571 4004 1647
3571 4307 2089
3571 2293 1104
4001 3571 1729
3571 3987 4165
483 3571 1075
3571 2202 3522
3337 3571 3265
2671 3571 4153
2334 3571 803
2934 3571 1141
4928 3571 2004
2524 3571 1212
3300 3571 1660
1647 3571 3355
2277 3571 2884
832 3571 4494
1185 3571 2507
196 3571 1008
1057 3571 2121
3571 1510 3091
835 3571 68
3402 3571 4954
3057 3571 2395
3571 569 608
2575 3571 3831
3569 3571 785
417 3571 4785
4740 3571 3376
28 3571 4430
3571 58 4300
3571 2861 4889
3571 1719 652
3571 3575 1894
3928 3571 1186
177 3571 830
1742 3571 3665
3571 1305 4820
3571 2874 1744
3571 625 3100
3096 3571 449
3571 50 4876
3571 4595 2616
2374 3571 3785
2702 3571 99
3571 1972 4116
4236 3571 1398
3691 3571 3995
2845 3571 1996
3571 1741 843
3571 3914 4758
2082 3571 2414
3571 89 332
31 3571 4264
3571 4173 3319
3571 2074 1263
4162 3571 1870
3571 3393 1692
4577 3571 3575
3571 1893 3239
4719 3571 1491
3417 3571 188
3571 4689 775
3571 1568 1736
3571 4736 4201
3571 3039 4202
3571 2728 541
3571 909 3040
1560 3571 3846
3571 4230 2797
3571 1559 4777
3571 53 2868
3571 1211 1281
3571 1846 3596
3571 2215 276
3571 720 4321
3571 243 829
3571 2412 198
3571 2221 941
4132 3571 398
3571 2669 1951
1248 3571 2901
1930 3571 3620
3571 4639 1940
3571 2326 4133
3571 4535 4456
3571 2406 88
3571 1193 1218
3571 1420 2168
1828 3571 3849
199 3571 753
2949 3571 579
4160 3571 4407
542 3571 1203
3571 1842 1742
4073 3571 3579
957 3571 986
3571 3242 1838
3571 1360 2317
3571 929 3368
4260 3571 4860
1832 3571 968
3571 1601 328
3571 3828 4738
1202 3571 4844
3571 1592 648
3571 45 1018
3571 3152 3130
3571 4632 1675
3571 1584 3686
1333 3571 2056
3571 3854 4793
3571 3418 1166
1450 3571 3206
3886 3571 4217
916 3571 1812
3571 3380 4255
4326 3571 1531
1328 3571 4855
1136 3571 2361
3571 4489 4762
3571 3625 2221
4223 3571 1604
3571 1162 4355
3695 3571 2192
3571 562 4743
3571 4366 850
3085 3571 4476
1249 3571 3034
3571 1555 3517
1840 3571 2861
4753 3571 3734
3571 2489 2762
2873 3571 4746
3571 37 2247
3571 3721 4218
262 3571 2883
4951 3571 848
3571 4100 4828
3571 1356 116
3571 4572 2502
4634 3571 4586
3571 507 2382
870 3571 3842
3571 1794 3759
1383 3571 1899
3571 2039 4623
1732 3571 2182
3571 157 4965
1778 3571 1515
3571 1403 3218
1462 3571 1068
3571 4957 2110
1378 3571 3808
3571 1197 1898
3571 1518 2458
3571 4056 201
3571 400 100
3571 682 3443
1458 3571 2167
4439 3571 3550
2320 3571 2101
3571 1452 4162
3571 4287 773
3774 3571 628
3571 2005 1668
3571 46 310
3194 3571 3406
3603 3571 3779
2249 3571 2855
2182 3571 1140
2913 3571 4832
3571 809 527
4668 3571 929
3571 1727 4112
3571 1461 770
4550 3571 3273
4876 3571 3925
3571 1617 2574
299 3571 1893
849 3571 2719
3102 3571 2008
1589 3571 1030
4285 3571 1854
3364 3571 227
3571 2102 3418
3571 4015 2546
4662 3571 3163
1377 3571 942
3693 3571 2108
3571 3502 2156
3634 3571 2648
3571 148 2703
3571 2612 2963
3571 412 3979
3571 2835 2701
3571 667 2946
3571 4444 3816
1885 3571 309
3571 2836 1599
4950 3571 3045
3571 3334 4675
4539 3571 4608
4006 3571 2384
3571 1354 2605
967 3571 4339
3571 4455 2733
65 3571 391
3571 2224 3903
3571 1770 4180
3571 953 3733
3571 1104 3929
4017 3571 4091
3356 3571 1313
3571 3787 1304
3172 3571 1623
3571 1013 4183
3571 1941 4667
2240 3571 645
4996 3571 4040
3571 4429 271
3571 1515 555
2946 3571 2125
4138 3571 4275
3252 3571 1984
3571 3075 559
3571 4227 254
866 3571 3614
3571 4613 14
2298 3571 4519
1958 3571 192
3571 146 2288
1376 3571 1178
4603 3571 2968
3571 3436 4739
432 3571 3817
3941 3571 4567
2161 3571 2573
3571 4952 674
3571 4435 1925
4832 3571 3680
2636 3571 3421
3571 2683 4448
3259 3571 3782
1126 3571 2260
3571 2673 3818
3571 2004 4776
3571 673 2417
3571 2383 666
3571 504 1724
3571 4824 3747
4918 3571 4864
2357 3571 1012
3571 209 4290
3571 124 3595
2846 3571 220
3571 3314 4807
3571 3542 2450
3836 3571 3661
3571 18 2021
166 3571 4523
3571 3484 2933
1401 3571 2467
3435 3571 4461
3571 4313 2054
3571 3768 4108
2763 3571 3066
3571 139 4362
3571 3301 4992
3571 3144 86
702 3571 139
464 3571 1939
2543 3571 1701
3940 3571 924
192 3571 2588
3571 406 3051
3571 757 343
3700 3571 4800
4790 3571 2053
3004 3571 612
3571 1008 3282
3571 1129 2689
4 3571 4160
3571 2134 2584
3571 2993 799
3571 2858 700
3352 3571 3293
3571 4931 4835
3571 3478 2811
3571 1172 4274
3571 4549 4316
3683 3571 1047
3571 3183 2372
1312 3571 4585
3571 4384 906
134 3571 4380
3571 1286 1667
3571 933 1676
988 3571 3799
236 3571 4109
3571 1616 4991
292 3571 1704
3571 2343 4940
3571 945 3644
3571 3346 3352
3571 1606 3451
3571 3783 2081
3571 383 4345
237 3571 339
3762 3571 3226
3571 599 4462
1855 3571 2863
3571 1498 916
3093 3571 289
3571 2998 1266
4579 3571 4136
264 3571 4178
4420 3571 1447
4888 3571 1735
3571 4312 17
69 3571 2235
906 3571 2471
3571 4897 2019
3571 585 4674
3571 1799 3056
3571 3330 4870
3571 4965 3275
1615 3571 1556
1375 3571 1740
3571 1306 1134
3571 824 457
2024 3571 2809
3571 1980 3257
3571 3423 2055
4805 3571 704
3425 3571 789
4421 3571 1110
3571 2394 4360
3571 2087 3598
3571 4234 2065
3571 2021 185
1473 3571 3171
4669 3571 832
3571 2919 953
2459 3571 1142
4170 3571 2478
2142 3571 3586
3880 3571 3225
3571 2238 2679
3571 4509 2227
3390 3571 2833
3571 605 92
3571 1011 2059
3571 3995 884
1323 3571 1658
3636 3571 4741
3571 1397 2768
1475 3571 2226
3550 3571 3736
4350 3571 3689
1648 3571 4699
3571 1771 1002
3571 4434 4443
4063 3571 4854
3571 4423 3349
3571 3952 4679
3571 2621 3753
4432 3571 3724
2093 3571 2139
206 3571 2425
3571 4454 3507
3571 1430 3587
692 3571 421
574 3571 1092
3571 4156 1
2920 3571 526
3521 3571 460
616 3571 4440
3571 1546 698
3571 939 1269
4870 3571 3674
3571 4278 3569
615 3571 2046
4189 3571 757
2882 3571 1493
4070 3571 961
1902 3571 29
2043 3571 969
3571 4713 668
2718 3571 4080
3474 3571 1726
3571 2031 2159
3571 1359 1606
4389 3571 4245
1025 3571 3727
3571 532 702
4048 3571 2973
3571 4042 3111
3571 2635 4092
3571 1199 2351
3759 3571 4227
3571 4872 3612
3571 3279 2306
3571 2420 4869
1947 3571 4858
4672 3571 4701
3571 573 3723
3571 4582 2862
707 3571 3353
3650 3571 3244
3571 269 2660
1001 3571 2423
3571 4341 3843
3571 2498 225
3099 3571 107
3571 4262 3491
3571 3487 3631
3571 35 4812
3931 3571 4999
1638 3571 558
3571 550 2314
790 3571 1766
4791 3571 4700
3571 4452 4712
4244 3571 3064
3571 3830 2364
2120 3571 138
4799 3571 4291
3571 411 2328
3571 3698 1421
3605 3571 4403
3571 1864 3419
4463 3571 846
2103 3571 4318
3571 309 4247
4976 3571 2742
3679 3571 3381
3571 1694 1404
3871 3571 3442
3378 3571 233
3571 826 1373
3440 3571 1868
340 3571 4338
3571 538 4661
987 3571 2665
3571 13 870
4954 3571 3178
4150 3571 3198
3297 3571 1179
995 3571 4013
1382 3571 4303
4220 3571 2076
3522 3571 382
4653 3571 3214
4677 3571 3844
1849 3571 1385
3571 3224 2299
1384 3571 752
3571 1213 781
4670 3571 1366
3571 32 224
2494 3571 3076
3571 2352 3128
1222 3571 3405
3571 4717 4302
212 3571 745
3571 4331 57
983 3571 2480
3571 4949 338
3571 4532 1592
3571 3965 2741
3159 3571 3400
3571 3054 4401
3571 591 1014
3571 1901 4326
3571 4797 1926
3241 3571 319
2710 3571 452
961 3571 2649
4478 3571 3856
3571 1549 4826
3571 2046 3866
3571 1726 405
3571 404 3621
186 3571 1971
726 3571 945
4936 3571 1433
3571 2458 4697
3571 4752 1961
3088 3571 3430
3571 245 2240
3571 4889 3538
3571 4513 4755
3757 3571 638
3754 3571 361
73 3571 3950
2504 3571 1084
63 3571 238
87 3571 4474
1816 3571 1165
3571 3541 3763
1495 3571 623
3571 2452 766
1050 3571 3072
2682 3571 2821
1773 3571 1649
4493 3571 76
3571 716 436
1308 3571 4032
989 3571 3103
4453 3571 3084
1180 3571 2885
3571 2876 3046
3571 3988 791
3571 3909 2533
3571 414 3309
1189 3571 3326
2414 3571 1222
3571 710 602
4399 3571 4420
3571 3007 4104
3571 171 3662
3571 2652 2391
3571 2183 1938
3821 3571 3036
2118 3571 1602
1933 3571 2977
3571 4591 1066
3571 4709 3691
3571 4485 2112
3571 145 4921
3228 3571 2191
3571 3822 3485
1284 3571 2312
3571 2687 4204
4979 3571 4750
2149 3571 1316
3571 1135 1876
49 3571 4535
1670 3571 4522
3571 1268 3316
2367 3571 2673
3571 222 1982
2263 3571 2322
3571 3516 268
3571 2353 4396
3443 3571 2899
3900 3571 3322
3571 1406 2339
3571 4917 3219
3571 1929 3241
370 3571 2934
3571 3329 955
3571 3697 2265
3571 848 2682
3571 4351 4950
4508 3571 1673
3571 976 3690
3188 3571 4357
3571 4505 4172
3571 2784 3299
4529 3571 2302
4214 3571 2807
3571 2053 910
833 3571 489
3571 3815 817
3571 3451 939
3571 1122 3187
3571 1973 1294
3571 3063 3510
3571 2950 442
2378 3571 2456
1410 3571 4498
462 3571 3937
3571 3321 2706
3571 2604 4926
2704 3571 4849
169 3571 3192
1414 3571 515
2156 3571 3468
3571 2138 1849
588 3571 1249
3571 2117 1511
285 3571 401
4764 3571 1745
3617 3571 1609
3571 4052 3683
3571 3383 3479
3525 3571 1664
3060 3571 2740
1063 3571 4114
99 3571 738
1487 3571 3860
3571 3883 4359
2365 3571 4905
4664 3571 4167
545 3571 3905
3571 764 2816
2173 3571 2381
1639 3571 562
1028 3571 1371
84 3571 2623
1625 3571 4543
3571 670 2961
3571 1119 83
3758 3571 4293
3571 4769 642
4194 3571 4814
3571 1653 2459
1734 3571 4083
3571 3072 4781
3571 1891 2150
3571 86 678
2532 3571 3245
3571 3047 4593
3571 3092 4459
3571 3058 1107
4019 3571 4248
1198 3571 1087
3571 549 3437
3571 2696 1415
3571 2047 3694
1693 3571 284
778 3571 1496
3571 1990 3899
4962 3571 2294
3571 3408 58
3571 3678 3641
3571 600 3121
2177 3571 977
3571 2516 2253
311 3571 3839
4275 3571 724
886 3571 1886
3571 664 4779
3571 4359 4038
3717 3571 694
3580 3571 4111
4686 3571 4780
3571 2186 3676
3571 4494 300
288 3571 1544
3571 4860 1942
2972 3571 3798
3571 2109 3011
2297 3571 3105
3571 1590 3339
3571 2130 1987
4534 3571 4473
3571 559 2942
3571 4203 1614
3571 3432 62
1868 3571 4374
2658 3571 255
3571 3711 1974
3571 4354 2531
3358 3571 3881
3571 1728 890
4349 3571 3284
806 3571 3169
4026 3571 853
3892 3571 3302
257 3571 682
27 3571 1554
3571 3509 2894
3615 3571 904
3571 3198 1003
3571 4397 3456
3051 3571 1048
3571 1015 1879
4525 3571 1720
4785 3571 4206
1476 3571 13
3571 2314 1914
4809 3571 1270
2514 3571 1733
3571 3055 2419
3571 2350 3082
4393 3571 2258
3571 2997 1924
3670 3571 4485
4479 3571 1324
943 3571 647
750 3571 3930
1673 3571 3065
3571 779 3590
3571 3889 1469
3571 283 2338
3571 4922 4408
3571 1048 20
2662 3571 2255
3571 3869 903
3479 3571 4555
3571 2362 834
3571 92 930
3571 2205 1878
3571 2218 4467
2580 3571 3073
3571 3560 754
3571 4281 2454
2131 3571 956
3571 3106 4379
3571 1371 108
4212 3571 4723
3681 3571 2633
3571 3424 2842
3571 3835 211
703 3571 4184
2724 3571 3050
4213 3571 1379
2911 3571 2760
3571 2187 4669
2112 3571 4757
3571 3816 3677
4675 3571 2931
1380 3571 2784
1159 3571 4131
3571 817 3755
852 3571 2280
3571 3513 1176
3385 3571 826
1225 3571 195
3571 2315 3427
3571 1142 1594
3571 195 3438
4984 3571 3800
350 3571 1619
3399 3571 1737
3571 3027 4438
3571 1079 1353
3048 3571 4392
3571 2355 746
4277 3571 3021
3571 2643 4600
2757 3571 4052
3571 4111 2251
1348 3571 1795
3571 2491 3984
3602 3571 4863
3571 3984 2955
620 3571 2277
4499 3571 4023
3571 4635 4744
3571 2019 4427
3571 324 3824
40 3571 4773
3571 607 2009
3571 2720 2097
3571 2700 1797
67 3571 4558
3571 3953 646
4309 3571 4532
3571 4005 3672
1353 3571 4237
3571 765 242
3571 503 2817
3571 4655 2744
3632 3571 2763
2657 3571 2818
3571 247 4949
3571 3389 4932
3571 4969 3967
2052 3571 1710
3571 969 368
2099 3571 4840
3571 384 158
1120 3571 693
3571 4445 3402
3571 932 4027
820 3571 1070
3571 3221 3829
748 3571 2877
3571 1576 4169
3571 1204 1694
315 3571 2233
3316 3571 898
3571 521 423
1524 3571 2888
982 3571 4061
3571 2338 1358
639 3571 3571
3571 231 4126
3571 4842 1690
1155 3571 2343
3571 132 1912
3938 3571 2786
3571 2870 1335
3571 4875 1182
3571 2822 3872
3571 319 3524
3571 3789 2183
4412 3571 3310
44 3571 1799
3571 657 2748
3571 4258 468
4161 3571 2211
1937 3571 519
1944 3571 46
3571 1798 634
3571 1233 3741
3571 1507 3563
3571 336 1680
327 3571 4976
2247 3571 4511
4688 3571 134
4031 3571 4447
3571 3614 1032
3571 98 3971
4946 3571 131
3916 3571 1967
518 3571 4280
3571 3920 3935
3571 458 3768
3571 2267 2688
930 3571 4070
3571 460 429
1685 3571 1228
2408 3571 3891
357 3571 2293
4763 3571 182
3571 935 2327
958 3571 1716
3 3571 348
1527 3571 2815
3571 1854 2475
3571 268 3783
3571 784 780
864 3571 4418
4697 3571 3562
3164 3571 2131
3802 3571 563
3571 4784 2902
3571 2744 2843
232 3571 711
3571 3846 882
3571 3518 3119
3571 3705 3912
3571 126 3861
1543 3571 3887
3571 1788 4924
2942 3571 1595
3849 3571 3168
3884 3571 3462
3571 2607 1023
3409 3571 3221
3571 770 4724
4206 3571 3726
3571 730 3848
1101 3571 2188
3571 910 1065
3645 3571 4072
1027 3571 3666
239 3571 2524
3571 911 112
3943 3571 543
3571 1521 141
3571 2159 4810
1514 3571 1803
3571 4694 4500
3571 9 4899
3571 1995 4019
459 3571 1097
3571 3110 3494
3571 1444 3237
3571 3844 2889
3571 3915 3650
3006 3571 3940
3571 343 478
4814 3571 1192
3571 1470 3025
1125 3571 1897
3571 4723 4125
260 3571 1626
4545 3571 3054
2284 3571 2579
3078 3571 4067
3935 3571 4439
3571 4630 4363
4322 3571 3141
1270 3571 2939
3210 3571 1132
3571 4644 2152
3010 3571 3476
3571 4703 3895
3571 3891 2601
719 3571 1429
3114 3571 570
3571 2614 305
3571 2385 1303
1657 3571 4406
3475 3571 4191
3571 705 197
3066 3571 1865
2405 3571 1287
3571 3002 4492
649 3571 1665
3571 576 3637
3571 3089 2095
4658 3571 1288
1599 3571 91
3571 3132 2082
1039 3571 2203
1318 3571 1495
3571 2329 2086
984 3571 4596
1834 3571 1681
1250 3571 4709
3917 3571 3708
3571 1171 1889
3571 2574 4258
3571 4358 4497
3571 2529 3553
3571 485 4962
2382 3571 3791
1024 3571 2034
3921 3571 2986
4646 3571 2608
3571 1579 4892
2033 3571 3477
1056 3571 3165
3745 3571 1567
1566 3571 4224
3571 112 2962
571 3571 1113
3571 4554 3124
3571 4721 4295
3571 3202 3904
131 3571 3448
3571 4914 3259
4238 3571 683
3571 4762 1091
1751 3571 847
924 3571 2873
3571 1609 1452
3571 874 3973
3571 3230 2187
3571 1128 3570
1385 3571 3332
3571 4308 3197
3571 4837 1458
3035 3571 3908
745 3571 4871
4449 3571 1581
4069 3571 4259
3571 4355 371
3571 2970 4059
3571 2273 4309
17 3571 1656
2995 3571 3365
3571 1247 490
3571 1665 1137
3571 3613 311
4369 3571 4437
2557 3571 4636
3571 1067 3096
3571 2742 407
3571 3095 2134
1046 3571 4507
3571 4424 900
135 3571 3235
3934 3571 3436
471 3571 2169
4318 3571 3512
3571 4710 492
4184 3571 2176
1707 3571 3304
3571 2826 4987
487 3571 39
3571 1658 3944
295 3571 1896
3571 3960 3663
3571 3160 395
3571 478 1255
2903 3571 3704
3571 1419 3789
3543 3571 2234
321 3571 1499
3571 2686 3090
3571 603 133
3571 3532 2810
3685 3571 2705
3571 4224 3412
2633 3571 669
4408 3571 3784
3026 3571 1618
4801 3571 768
3571 4395 605
3571 3737 4614
3571 1304 4175
3571 3582 3354
3571 1800 1185
3571 651 4047
3571 4744 3472
3571 1760 4936
3675 3571 3252
3571 1372 3220
3571 4581 136
3571 4975 1044
3571 3422 1498
769 3571 4409
3571 4117 169
3571 3470 3255
3571 3864 2453
3571 3910 64
3571 2971 1855
3571 4343 1334
4027 3571 2442
3571 2839 1631
3571 3671 4120
1571 3571 536
4862 3571 2512
2780 3571 1775
502 3571 2723
1517 3571 1125
2828 3571 594
3571 1523 1639
3571 3596 4287
1755 3571 307
1633 3571 719
2827 3571 2400
684 3571 322
2228 3571 3008
4674 3571 4185
3571 2417 3080
3571 3832 1448
3571 1114 3435
2567 3571 3685
3571 3142 1346
1963 3571 4130
3571 4757 1783
1364 3571 4694
3571 3171 1268
3571 1408 3475
2301 3571 469
3571 1845 2551
3571 3269 2686
2231 3571 3019
3571 3873 689
3571 5 4589
3317 3571 4794
3165 3571 1350
3571 2816 495
2896 3571 899
3571 652 3217
3571 2091 3458
3024 3571 3465
3571 3476 568
3571 3243 1590
3087 3571 1017
3571 3648 124
3571 2570 301
2470 3571 505
3571 122 3464
3571 997 1345
3571 4094 477
3571 2841 1661
3571 2547 2193
3571 863 186
1032 3571 3466
3571 418 4564
214 3571 1651
3128 3571 3788
3571 4645 3705
4825 3571 2174
4211 3571 3242
3571 20 2106
818 3571 364
4196 3571 103
2483 3571 3146
4106 3571 675
1466 3571 1489
349 3571 1545
1789 3571 701
3571 4852 2
4702 3571 2161
1205 3571 2336
3571 3690 1685
2066 3571 620
3571 4606 1045
3571 4633 1308
204 3571 2626
4691 3571 3867
4612 3571 2320
3571 575 4323
979 3571 2005
3571 3244 4137
840 3571 2500
3734 3571 2074
3571 2805 4148
578 3571 1037
1131 3571 580
888 3571 3041
3571 850 3200
3571 3983 3123
1285 3571 3324
4328 3571 1596
4775 3571 3191
3571 1393 897
3294 3571 4505
3571 3782 1739
3571 4552 2215
3571 2426 3038
3571 4692 836
3571 4831 972
3747 3571 2216
3571 3398 4766
3571 2370 4328
1720 3571 2447
2583 3571 416
3571 1883 1207
3571 4619 4244
1240 3571 2264
2316 3571 1529
3571 753 23
767 3571 4635
3571 3455 317
3571 3076 619
1 3571 2446
3571 3104 4850
3571 4415 740
2068 3571 2374
3174 3571 726
4232 3571 3425
3571 4712 456
3571 4515 2590
374 3571 3981
3571 4039 2769
3539 3571 4269
3571 2017 1659
3291 3571 462
3571 3796 3667
3571 3991 966
3571 3800 513
4920 3571 411
1565 3571 3210
1548 3571 2472
3571 2232 4198
3571 845 2281
2150 3571 1337
3571 2915 3955
3571 700 2220
3571 3756 3625
1206 3571 278
4085 3571 3234
1942 3571 4472
3184 3571 544
3744 3571 4018
3571 3652 582
802 3571 2735
2444 3571 4931
3571 2637 1504
3571 114 3016
3571 2328 1747
3571 3702 253
3611 3571 1650
4409 3571 3061
3571 4298 74
1091 3571 1286
3571 4101 1323
680 3571 2927
3515 3571 3697
3792 3571 4460
3571 3968 1435
597 3571 2568
3571 517 3196
3571 759 643
445 3571 4231
2676 3571 4622
3944 3571 4775
1718 3571 245
4446 3571 1007
3458 3571 4910
781 3571 1989
3274 3571 3063
1224 3571 1935
1045 3571 2078
3571 3577 3772
3571 3271 1837
3639 3571 2427
1764 3571 4959
595 3571 3921
2418 3571 3272
3448 3571 2845
3571 4871 1395
1076 3571 2268
2235 3571 4330
1150 3571 2341
3519 3571 1513
3571 746 3617
3571 580 3993
3571 856 4896
3848 3571 1103
2442 3571 3594
3684 3571 4718
3571 3661 3822
2534 3571 1457
2145 3571 2242
4737 3571 510
294 3571 1238
1562 3571 486
1186 3571 3545
4808 3571 205
3571 1547 2906
3571 444 893
3820 3571 2530
3571 4487 1613
1926 3571 3845
3579 3571 126
3571 3772 3110
878 3571 3183
3571 3286 2440
3571 3156 359
246 3571 2536
278 3571 72
2888 3571 2208
3571 274 3851
4158 3571 1297
3571 4035 2279
1457 3571 2057
3571 1831 3502
728 3571 649
3571 2375 3312
3571 787 3647
3571 3037 1011
2348 3571 2132
1152 3571 2444
1425 3571 3749
4707 3571 1811
3571 951 1976
3865 3571 2484
3571 1971 4818
3571 3764 3358
3571 4610 1080
2105 3571 2765
3571 1528 4604
3571 3355 1760
4188 3571 2892
1313 3571 2099
3571 1635 1320
3571 365 1907
3571 4705 4862
3571 3265 4808
2679 3571 248
4642 3571 4825
3571 666 4830
3672 3571 1911
4543 3571 4795
3571 4114 2067
3571 4519 3516
1442 3571 1300
3571 2546 3962
3576 3571 2982
3571 1909 28
3571 3320 4894
3571 2464 81
3218 3571 3535
4795 3571 885
3571 4199 1969
3571 2663 2213
3571 675 190
3571 4629 857
4456 3571 4696
3571 2897 722
3571 1033 1508
3571 4846 3394
3571 3162 1217
3571 3496 2301
3571 1656 2073
3571 956 4479
3571 1422 2954
3571 3272 2393
3571 415 1842
4113 3571 4088
4602 3571 1917
2347 3571 4322
378 3571 2492
3571 4516 1782
3571 4908 2776
1077 3571 400
3571 420 4706
4102 3571 958
3571 1895 2219
2809 3571 2722
3571 3655 1844
3571 3120 3975
3524 3571 3152
2960 3571 3238
402 3571 2767
3571 367 1381
123 3571 2785
3571 686 4909
3571 4416 2880
172 3571 25
4541 3571 340
3571 3558 4412
4748 3571 4181
3571 1793 231
3571 1923 3916
3571 2723 4782
3571 3345 767
3571 3353 3927
3571 4074 4267
3571 1191 18
2535 3571 1597
369 3571 1463
3571 3876 3804
1391 3571 3228
1474 3571 4332
1905 3571 3132
5000 3571 2580
3969 3571 3593
4798 3571 4939
3571 2856 514
717 3571 3761
3571 1332 3079
4237 3571 1818
3571 1053 1416
3571 2008 4012
3571 3647 4101
3571 1520 933
3571 3109 2465
248 3571 2024
3571 4283 172
714 3571 1765
3571 3434 3409
761 3571 1259
3571 4028 3473
3571 847 1891
3571 2391 1934
4787 3571 730
3388 3571 4928
3571 4772 1102
3571 904 1600
3571 2912 2461
1709 3571 2451
3571 2797 2212
2407 3571 2303
494 3571 2510
1696 3571 2518
3571 2077 4042
3571 495 542
3571 4025 599
3571 4304 2438
3571 4282 4031
3571 2550 1154
3571 2056 2092
3571 3204 734
665 3571 3026
3571 4045 2651
3571 602 1814
3571 2770 4841
3571 1426 964
3571 457 4246
3946 3571 4085
501 3571 4221
663 3571 794
3571 2790 3855
3970 3571 1492
1051 3571 191
3571 583 4241
3571 3421 944
3571 2520 3227
2166 3571 306
3571 2286 1580
1745 3571 479
3276 3571 4390
3571 3258 1127
1882 3571 1171
1740 3571 2725
4269 3571 2606
2943 3571 3190
3571 1113 4733
3571 4786 3043
2127 3571 3604
61 3571 1315
3571 1841 863
2462 3571 1020
3571 3118 3883
3571 881 1453
4627 3571 4916
3571 1438 4232
4868 3571 2755
1368 3571 420
3571 3112 4837
3349 3571 3871
4768 3571 2738
1603 3571 2049
3571 3030 4735
4300 3571 4441
3571 2269 180
4392 3571 1954
3571 2748 4029
1824 3571 2460
2088 3571 2130
3571 3755 2411
3571 3284 1810
3571 54 417
3571 4733 3894
3571 4303 1483
323 3571 451
743 3571 2716
3571 2885 3216
2967 3571 786
3571 721 4624
2620 3571 3340
3571 143 2088
2223 3571 1393
217 3571 1497
3571 555 4953
3571 3643 3911
213 3571 2315
3571 2900 2422
4533 3571 1956
188 3571 404
3571 2863 1467
3571 3547 2063
3571 1435 3776
739 3571 4680
3571 4986 1822
4648 3571 950
3369 3571 2085
2762 3571 497
2716 3571 387
2825 3571 4431
1959 3571 386
4079 3571 4292
2108 3571 1817
2930 3571 624
3530 3571 1054
1588 3571 443
2777 3571 813
3571 1880 2487
1163 3571 2966
4438 3571 2036
3571 3825 708
3571 4961 3205
2642 3571 51
3571 672 1622
403 3571 3679
3571 4849 1464
3571 1872 1880
3571 110 981
1848 3571 4791
3571 3958 2840
1100 3571 3351
3571 1690 4481
1762 3571 4353
2749 3571 901
1851 3571 4538
3571 1768 1560
3571 1218 1338
3813 3571 632
3493 3571 1419
1922 3571 4141
3571 1733 2886
3701 3571 4792
3571 2404 4929
3571 4050 1355
3571 3986 4335
1165 3571 204
4127 3571 992
2707 3571 4705
3571 3270 2896
1516 3571 769
1221 3571 915
4891 3571 4207
4685 3571 4640
3571 4468 337
3571 103 2561
3571 4661 3271
3426 3571 3483
2287 3571 4927
3086 3571 4446
3571 4909 3859
1608 3571 1731
3773 3571 90
3571 2036 1478
3571 642 2333
3571 1570 949
3571 1084 2181
3571 3833 3960
4036 3571 4753
3571 2595 3703
3140 3571 1654
3571 4473 70
3571 4140 842
3571 75 923
1781 3571 3988
3571 6 2011
3978 3571 4571
3571 2456 4010
3571 805 3898
3571 3619 973
4413 3571 2027
3571 4076 3359
3571 1836 2566
3571 3167 4786
3571 302 4382
4462 3571 3580
3571 1692 2029
1542 3571 1523
290 3571 4620
3571 4650 3392
3571 2028 285
2541 3571 117
2666 3571 22
3571 2436 1031
3974 3571 61
3933 3571 1378
2902 3571 2520
2721 3571 2695
4108 3571 3385
1737 3571 4944
3571 2849 3509
3431 3571 2528
3571 22 4582
2253 3571 221
3571 1931 1480
3571 4551 1669
3571 2761 4852
3571 3851 4702
4982 3571 806
3571 2241 811
3571 1149 1847
3571 3585 4307
3571 1433 4839
3571 4881 3455
3571 179 1530
4556 3571 1063
3571 2927 4341
3571 2303 3529
2012 3571 4168
3571 4729 2917
4012 3571 4377
1345 3571 3356
3571 41 388
1899 3571 3081
3688 3571 200
2981 3571 313
3571 2779 3015
4134 3571 593
3571 3863 2822
788 3571 2348
3877 3571 3832
3571 1216 1759
1398 3571 230
2590 3571 2515
3571 4985 2820
3571 423 554
3780 3571 4098
4921 3571 2508
813 3571 2714
3571 1228 2331
3571 4913 3137
796 3571 1774
3571 2061 3202
3571 4766 1732
3571 409 1708
2628 3571 4149
3571 724 3422
3571 1674 2991
3571 4436 2857
3571 1203 1411
3571 514 4561
3595 3571 2852
3571 2422 800
3571 2332 2278
3571 1251 1777
3571 4599 529
3571 117 4110
3062 3571 444
4858 3571 427
2656 3571 373
2857 3571 3897
4854 3571 87
3571 2758 1509
3571 2523 2838
3571 2038 237
1596 3571 1937
4066 3571 4918
3571 1274 2929
3571 3146 954
2788 3571 4914
898 3571 3144
3245 3571 3717
183 3571 1712
894 3571 4613
3571 2527 2975
3571 3707 731
2983 3571 3199
1761 3571 1204
2773 3571 3057
3571 2831 105
3571 4077 458
3571 2011 3047
4089 3571 4634
4796 3571 4603
4945 3571 36
3571 1394 2285
3571 4481 3493
3571 475 2799
509 3571 3039
1795 3571 2222
3376 3571 3399
2327 3571 2365
3571 4647 4086
3571 4011 717
3571 1038 3543
3571 4337 818
2411 3571 3914
3570 3571 650
4352 3571 27
2010 3571 4310
3905 3571 1193
3105 3571 4827
3261 3571 355
3598 3571 1620
3571 1790 4016
3571 1349 159
564 3571 1572
2792 3571 3556
3571 883 2237
1207 3571 1376
4700 3571 864
372 3571 4961
626 3571 4580
4333 3571 530
2001 3571 927
4018 3571 2990
3604 3571 327
3571 4179 1850
3571 4295 4548
3571 4007 4975
78 3571 2967
3571 3743 1146
3571 1759 4225
3571 1418 3989
3571 2245 2195
695 3571 2016
3571 1322 2143
2624 3571 345
3571 4235 4399
4598 3571 2544
771 3571 4097
2026 3571 828
3888 3571 3702
3571 3262 2830
187 3571 4798
3571 241 1771
2048 3571 2957
3571 4840 3501
3571 1004 2111
3571 1271 3083
104 3571 2575
4820 3571 1582
3571 4822 2867
2965 3571 4025
2266 3571 85
3571 1668 384
3590 3571 3010
3571 4239 3253
4253 3571 3825
3571 4877 2310
3571 2864 1981
3571 3020 4790
2180 3571 2692
3571 2398 859
3571 2650 3820
3571 2794 743
546 3571 374
3791 3571 4384
3153 3571 1431
996 3571 3531
3571 375 763
3571 12 390
3571 4990 2206
970 3571 1041
3571 2331 118
3571 841 2149
3571 3658 3560
3571 1118 2594
2496 3571 2398
3331 3571 1884
3571 486 3450
643 3571 1540
3571 1110 2696
3571 727 2983
1731 3571 1275
823 3571 3616
3571 2818 4848
3785 3571 4925
3571 1044 1100
3571 1373 998
3571 1343 12
3571 4884 4693
3571 4628 2015
3571 1111 2907
3571 491 2370
3445 3571 4304
3571 2562 4064
128 3571 1741
4678 3571 1267
3667 3571 506
3571 3091 4817
3571 2067 3267
1862 3571 3398
3571 2358 576
3571 2613 926
1561 3571 2881
3571 905 631
2487 3571 3534
4363 3571 4528
4793 3571 3094
3571 4781 1028
4497 3571 1418
2059 3571 4956
3571 907 4595
2771 3571 4756
3628 3571 3170
3571 4765 3099
3571 107 3589
4756 3571 1501
3732 3571 4815
3571 3709 1405
3571 3874 210
3571 674 4611
3571 611 4491
3571 1336 2415
3571 2234 3827
3571 109 3664
1055 3571 4930
3461 3571 658
3415 3571 3812
3571 3607 2289
1212 3571 4356
3571 963 2837
2423 3571 1502
3571 679 2620
2461 3571 4764
3137 3571 2671
3571 3674 1579
3571 352 3607
3571 4226 3793
4491 3571 2189
1736 3571 809
3571 3197 1380
1581 3571 3186
3571 1860 3408
2951 3571 3520
3571 1000 4997
2157 3571 1512
3571 4284 2025
1792 3571 783
3044 3571 984
855 3571 1397
3571 991 3017
289 3571 4053
4009 3571 2558
3571 2244 2246
2387 3571 3369
3571 2914 725
3571 619 3948
3571 218 925
3397 3571 149
3571 3651 1213
4084 3571 79
3571 4558 2582
304 3571 2093
1765 3571 1762
1679 3571 2792
3571 2938 2514
3616 3571 1144
298 3571 2540
2416 3571 4127
3571 3716 1426
2185 3571 4465
4722 3571 4376
4155 3571 2511
3963 3571 3868
807 3571 1552
3571 3045 2329
4569 3571 656
1253 3571 3363
2976 3571 3875
3929 3571 1422
3571 1664 4078
3571 1052 2676
3571 130 4419
4501 3571 2416
3450 3571 4591
3571 4187 4096
3571 2000 4778
3571 539 1399
1192 3571 203
3571 435 1202
4375 3571 95
3571 3248 41
3571 2688 2035
3571 1777 1420
3571 2622 1941
3571 4176 1099
3571 709 2129
3571 2947 1767
3720 3571 4435
3571 3954 3525
96 3571 4235
3571 2401 308
4966 3571 3248
3571 4576 2663
3947 3571 3416
3571 497 3879
3571 1952 4154
3571 3624 3659
4555 3571 1446
1583 3571 11
4347 3571 1348
3866 3571 2775
3571 1166 4811
3571 407 4847
3571 4088 1711
3571 3750 491
4728 3571 4337
388 3571 4391
2852 3571 1153
4727 3571 2091
3571 1314 3007
3571 3726 4415
3081 3571 146
3571 3660 4306
3571 2606 3559
3856 3571 3610
1022 3571 1033
4221 3571 2298
3571 1711 3181
3571 1209 4464
3571 4353 3281
3571 1083 4394
2868 3571 3634
498 3571 1655
3571 4934 4784
3571 1232 1684
3571 1903 684
3571 4263 157
2515 3571 590
2699 3571 3085
2576 3571 4373
3571 3872 4325
3368 3571 4713
876 3571 4513
181 3571 3599
2392 3571 4560
3571 105 572
3571 351 3247
4346 3571 4368
3571 3982 4948
4537 3571 1360
3571 1482 3893
4845 3571 1624
3571 2313 1705
3571 3079 4734
3571 2526 2794
3571 149 581
3571 4078 3262
3911 3571 4829
3571 1178 4082
3581 3571 2126
3723 3571 3754
4458 3571 1361
4204 3571 2913
3571 1074 363
3571 2197 4450
3571 3477 716
2672 3571 4215
3571 693 485
3571 2937 4106
4943 3571 4641
3571 450 4156
3571 2492 3656
3806 3571 3506
3571 4356 4970
3571 1978 349
3571 4484 3584
3571 3841 1189
2731 3571 1843
3571 490 3411
3571 2641 3389
744 3571 1112
2631 3571 2691
161 3571 1686
3571 2634 4159
3571 3760 2941
1278 3571 1689
3403 3571 4508
1175 3571 1749
4038 3571 4569
3571 2985 106
3903 3571 3870
4198 3571 1306
1080 3571 4544
1062 3571 1748
3571 3206 3154
3571 531 750
3571 422 1643
2450 3571 1215
1139 3571 1406
3571 637 4629
3571 1064 2707
3384 3571 2720
2752 3571 1769
3571 2116 179
3571 3531 2630
2384 3571 3795
1637 3571 2932
4405 3571 316
3868 3571 4037
1255 3571 3976
3571 3827 2770
3571 782 147
3571 4092 1482
3571 1143 2758
3571 4971 2911
1714 3571 393
4738 3571 3499
7 3571 1354
1455 3571 67
3571 2078 4283
3571 4135 996
3571 1355 1471
3571 4749 2267
3571 827 2051
3571 263 3706
3571 2148 4546
3571 1701 664
3571 2233 3232
4611 3571 2704
4679 3571 3378
3571 4382 2103
3608 3571 1145
3571 2941 2209
3882 3571 2469
2440 3571 2259
4125 3571 3965
3571 314 251
3680 3571 987
3571 2877 4209
3571 4083 714
3571 3517 3131
3571 908 4393
3571 4225 1806
3571 2213 3173
3571 1710 4806
3571 3413 2038
2887 3571 15
629 3571 756
2522 3571 1928
3571 3365 4054
3571 1551 3951
3571 4427 880
3161 3571 4327
972 3571 3796
2380 3571 4346
593 3571 3370
4071 3571 3943
3724 3571 3164
3571 4992 641
3571 3468 762
1467 3571 164
3571 48 4684
3571 4771 871
1413 3571 3377
3571 4589 3918
3926 3571 971
4107 3571 1149
917 3571 1043
3571 100 1780
3571 361 2567
3622 3571 1013
3571 24 3037
3571 4051 2335
2136 3571 2286
2009 3571 4813
3571 4201 1078
2711 3571 1363
3571 2062 1225
1168 3571 480
3571 2432 1438
1257 3571 2683
1636 3571 1227
3571 1856 912
4467 3571 3675
3571 2196 264
3571 4218 3397
3878 3571 3802
3571 1320 1402
421 3571 4977
2668 3571 4352
3571 52 4333
3571 1262 3526
306 3571 2848
3571 3610 1952
3571 2987 1693
3571 4348 1436
944 3571 1536
3571 1066 2981
2319 3571 3885
3571 2591 4236
3571 4058 2895
3834 3571 4687
3571 2502 4005
1097 3571 2462
3571 4754 4510
3571 2129 1757
3299 3571 2685
3571 1912 2980
453 3571 4134
3571 3312 3523
3571 1675 3428
3005 3571 592
3571 1817 2812
3571 15 849
121 3571 2958
4531 3571 877
3571 2715 4726
525 3571 2394
3571 1016 324
4708 3571 3328
3663 3571 2777
1148 3571 1864
3571 1964 346
3571 3113 2141
3571 2667 3374
2973 3571 2109
272 3571 2284
3571 1681 1932
2065 3571 729
2531 3571 792
718 3571 3213
3571 3753 4951
2299 3571 797
1387 3571 4768
3571 899 414
1339 3571 3362
30 3571 3032
3571 4016 3101
2859 3571 2666
3573 3571 3156
2335 3571 4001
2363 3571 2186
1040 3571 1408
4573 3571 4897
3571 1137 1451
1804 3571 4285
3571 2080 2804
1107 3571 2140
3571 1722 4488
3571 766 4720
3571 2304 615
3571 1754 1641
3571 2898 1082
3571 1018 1006
3571 4020 2350
3571 2975 1427
3571 185 1009
1409 3571 1159
3571 373 280
4671 3571 1036
2410 3571 2728
3571 4638 2359
3571 699 2410
3492 3571 736
3571 851 4856
3571 872 3496
3571 3641 3158
3571 3143 30
3571 2438 3107
1563 3571 3933
3571 198 2745
506 3571 1472
3571 2243 383
4257 3571 3577
2032 3571 1808
3571 3050 1440
3571 2361 851
3571 1184 3373
3214 3571 1296
612 3571 1791
3578 3571 341
3571 1483 815
119 3571 629
3571 1453 1821
76 3571 1120
3571 839 288
3571 774 2042
2875 3571 3486
4604 3571 4243
3571 2755 2876
3571 4126 1953
4112 3571 1551
3571 4471 1916
2632 3571 3375
1235 3571 3518
2533 3571 779
3420 3571 4597
3571 3239 1258
3571 3847 454
3571 4994 2491
2948 3571 3263
480 3571 600
3571 4065 3947
3571 3544 960
3571 3738 1750
4893 3571 983
3571 2674 2835
3571 4652 1990
2872 3571 4174
3729 3571 4678
3571 1557 1674
3571 3551 1105
3571 3740 3042
3571 1996 4039
3571 71 4260
3571 3741 3116
3571 2670 2972
2270 3571 3301
2521 3571 1629
21 3571 1527
3571 3008 735
3571 1210 3777
762 3571 4730
1035 3571 4050
3571 2016 1309
3571 4172 272
3571 2765 4969
3452 3571 2527
3545 3571 3497
1865 3571 4769
3885 3571 1671
3571 1861 3539
3084 3571 323
3571 1651 3533
127 3571 1289
3571 2225 639
3571 4843 4978
990 3571 4919
2106 3571 2556
3571 2513 1443
2989 3571 1248
3571 266 764
3571 3453 720
632 3571 2659
1395 3571 913
3572 3571 635
3571 4743 2737
3571 3281 2496
4776 3571 357
3571 3179 591
1014 3571 3325
2963 3571 412
3571 4607 4482
3571 2460 3461
708 3571 1226
4229 3571 3410
2473 3571 765
3571 4442 2795
1870 3571 626
1913 3571 3055
3571 2581 4445
4637 3571 4489
4623 3571 3920
3571 1489 1625
3571 16 1683
3571 1183 4717
3571 2275 1983
3571 2833 665
4597 3571 873
3571 1610 1707
2264 3571 4118
3571 1811 381
439 3571 1085
1920 3571 2542
3571 3715 3415
3571 1146 2275
3571 3192 3134
3571 949 865
3571 2910 4242
3571 284 2774
1089 3571 2919
3036 3571 2610
3571 974 2466
3571 1820 686
3571 3283 3573
3325 3571 2882
4902 3571 4809
2655 3571 1265
3571 4590 3018
4301 3571 2922
3571 3730 2859
3019 3571 1608
885 3571 1994
3571 4530 1216
3571 1618 3864
3571 2867 2136
1342 3571 2710
3571 2678 3576
347 3571 2023
1269 3571 3460
2226 3571 3279
1977 3571 963
3571 821 3878
3571 3831 4381
3571 4290 2750
3571 2252 2127
3571 291 2956
3967 3571 3514
1147 3571 438
1889 3571 4685
3546 3571 2040
3571 4373 1264
3571 3357 4520
3571 1987 4294
3571 3177 3519
3571 4503 1913
500 3571 1840
3571 2931 3504
3571 307 571
1957 3571 3678
2018 3571 389
3571 3731 4573
1988 3571 3906
4029 3571 673
3571 3642 3290
4492 3571 4533
3571 4057 2068
2372 3571 3068
622 3571 4222
3571 4154 4908
4047 3571 4364
3571 4141 209
3571 4191 2287
3335 3571 2443
3571 2476 160
4542 3571 1174
3571 1888 1836
3412 3571 1571
725 3571 3414
1488 3571 2173
4324 3571 1390
1663 3571 4469
4504 3571 1728
3571 19 2375
3571 2536 937
3523 3571 4035
118 3571 4102
4546 3571 2069
4410 3571 4365
3462 3571 4024
93 3571 1196
4859 3571 2526
3571 2172 2367
3727 3571 2668
1650 3571 4630
3571 4327 2912
3951 3571 4463
2800 3571 3003
1545 3571 1025
3031 3571 2290
4667 3571 3770
3571 2013 1466
3157 3571 1644
3571 1612 3623
3571 4977 2080
3571 80 379
4068 3571 761
4983 3571 1093
3571 2291 2503
3571 4466 4877
3571 1787 35
3571 240 2789
2510 3571 3746
3571 2966 193
4998 3571 3155
3584 3571 2000
3571 2094 3541
1140 3571 2602
3571 3173 518
3571 775 2452
2214 3571 2389
424 3571 962
3571 1783 4254
2925 3571 2274
3571 4205 4048
267 3571 4587
2490 3571 4470
3571 4163 410
3571 1766 1074
2441 3571 2638
3571 4093 4552
401 3571 710
3571 1041 4660
3571 3407 4361
3571 1087 1867
3571 2936 874
3837 3571 2731
3327 3571 3978
3571 791 747
3571 1829 250
2119 3571 2631
3571 3322 721
3298 3571 587
3908 3571 3294
111 3571 3028
3571 950 1930
3571 2802 2652
3571 2388 3640
4905 3571 1679
965 3571 3029
3571 2227 855
2689 3571 4648
3571 1464 4045
3794 3571 4606
3571 3746 3401
3994 3571 2330
3571 1254 1253
3127 3571 1698
3971 3571 445
2049 3571 625
3438 3571 228
3571 1887 140
3571 4997 3390
1156 3571 2030
2181 3571 831
677 3571 3300
3571 4386 3172
3571 2349 4958
3069 3571 4073
1620 3571 1151
242 3571 4638
822 3571 2128
2278 3571 4665
2424 3571 3264
3305 3571 4695
3571 530 4313
3571 4584 175
3139 3571 2421
3571 758 4708
668 3571 4566
4940 3571 3838
3571 1904 4846
2057 3571 3833
3571 522 4994
4676 3571 1948
524 3571 938
2193 3571 4003
1808 3571 1998
3571 1884 4058
2853 3571 4853
678 3571 2403
3571 1595 2483
3571 1605 59
3289 3571 578
3571 3689 4312
