1
4999 4998
1903 2979 3639
2979 2165 4974
1545 2719 1814
4771 4948 3916
538 1068 4228
4387 1050 852
662 3748 2208
3264 4346 2286
2979 4902 3987
2710 1346 3030
3354 721 3494
2497 2979 4634
4142 2178 4354
150 369 1787
3565 2979 673
2979 4501 340
3859 3347 1772
3513 2785 3213
2752 2979 4046
760 3006 3854
4661 4226 2085
1643 3203 2983
2556 2979 2090
2733 2979 1096
3273 565 3997
2979 318 2782
2979 3499 862
4136 629 4481
372 2979 2706
3813 2979 1266
2979 2725 3729
2278 2034 4364
2979 4347 4286
88 3876 1880
1265 2979 2575
3161 2979 404
2979 1196 990
3128 2276 3009
4374 4442 2854
2905 2979 3042
4721 2583 66
2082 2979 1827
3127 4318 4215
4294 2979 2159
2979 2081 4759
1895 3085 2714
2979 2783 2673
200 4256 2351
4044 568 4329
2979 4496 62
2495 2094 1061
3278 1384 3227
2874 1796 4673
1516 2979 385
2666 2788 909
3676 3332 668
698 2979 4494
1105 2979 4748
2130 4973 4952
4073 2979 656
2052 2979 3330
2979 3732 1190
3962 2979 4858
2979 1774 723
2979 2859 45
2979 1563 4166
4657 4129 4585
2979 2442 3218
4678 1538 3711
1420 3280 4923
3046 1197 2996
4010 2676 2503
2979 3427 1129
197 4811 4272
2979 1847 95
4437 2979 454
2200 1419 735
2120 2979 4696
1856 1683 1056
814 2434 1004
1787 2979 1098
771 2979 4667
2979 327 2624
3447 2772 4089
885 3215 1744
3854 2979 4604
1556 299 4125
3431 2586 3343
1120 1528 4113
245 4049 843
3937 806 642
1898 2979 4196
3179 3226 827
146 1105 85
2979 4252 1212
1235 1743 3949
2979 1239 2955
2979 2841 2365
1511 4279 1659
2979 937 2130
2751 1241 2456
1422 2150 972
2979 2695 3883
2979 967 1414
2341 1642 422
3992 959 662
2682 3733 383
2979 424 1422
1706 4241 1460
3215 2979 1229
2951 2979 4163
1233 1123 1818
4726 1754 4968
504 2979 4000
1521 2979 3950
1977 2753 659
2802 4617 2967
2979 1900 806
985 82 2584
2979 2462 1162
2979 3947 1134
3110 2014 1733
1284 2979 4220
2979 4704 516
4162 4369 86
910 3398 2037
4821 1416 1626
1002 2979 843
2723 2979 4424
3556 2979 2163
3975 447 2835
217 2979 2107
3078 3877 4251
4971 4352 2340
1841 4370 3777
2744 2314 1716
4083 884 2235
3745 1397 3915
561 2979 1273
3550 3090 1186
2979 3359 1269
2979 1726 4702
2979 1194 4336
4053 2979 2128
2979 4184 1155
4074 2979 4946
2530 2481 2688
1200 155 816
3672 2581 3425
2078 4330 1160
2979 3550 3484
3371 2979 2441
3380 2374 3102
2792 1175 2971
2138 1611 1436
4414 4936 406
1193 4719 137
623 2979 740
995 1523 2647
714 2158 2184
3199 651 3214
2979 207 1664
3673 1479 933
1979 2979 3888
1331 2025 1926
1820 596 347
2979 2658 2257
2979 1918 655
1541 3716 969
2386 948 3340
2132 723 344
361 3325 1542
2979 468 1219
1406 4165 1914
2979 2612 787
935 3240 3172
2540 2979 3198
2979 3079 1826
1442 3167 431
4217 2979 2503
4002 2979 1853
3580 2979 447
947 3685 2075
3040 3615 2506
2979 1567 3683
2979 3319 4926
2979 826 1630
598 4725 4152
2979 667 4674
126 2979 3212
2979 3825 1862
3420 2979 3334
1811 2979 2131
4250 2764 4840
2043 2979 1976
2979 1937 56
4552 2979 2576
1999 2979 943
3253 387 447
2830 2979 3452
2979 2616 3011
918 2979 2008
302 1152 4888
3104 1404 3951
3268 938 1927
1211 3276 4637
4465 2895 3803
2979 2806 3523
2979 977 4246
1752 356 788
2979 4408 2605
780 872 358
2979 841 1546
889 2979 4837
2979 4759 3814
3770 2979 3582
2979 3596 3074
4484 2979 1262
3524 1012 3880
2979 1106 1106
2979 2716 4942
2979 2236 1529
2979 4285 3022
1573 2587 3319
3728 916 4147
1751 764 1530
2979 3910 591
2938 4112 186
2509 540 4573
2596 2720 1057
2979 2982 4411
1495 2979 294
3275 3706 2524
3613 4320 258
2692 2979 4905
3869 453 3566
2337 2979 242
410 2979 4017
2979 1893 933
2979 3904 166
3242 3200 161
3669 4806 2911
3927 4400 2600
2979 2289 3761
137 1213 128
3566 2979 2694
938 2979 4778
3019 285 680
331 2979 2941
2636 4006 3377
2979 3069 4228
1282 2979 3102
2979 4422 188
3425 2979 2000
4756 2979 3291
2568 4761 1912
2431 2979 1236
2979 132 276
967 1834 1103
4942 2979 4967
2979 672 2836
2116 3643 2791
2979 4712 3913
2979 2992 2105
4155 2790 3290
4953 2979 1457
3481 4498 754
4429 2979 1330
1092 1516 564
3683 2008 1455
3130 2979 3714
1783 1315 837
493 2979 484
2907 423 4476
3567 452 2662
3467 2979 3064
168 1592 1830
1975 1221 1776
2852 2169 3457
3065 2050 3674
4338 625 3562
2979 2552 2167
1660 2979 214
2979 4286 1008
4141 820 3161
417 2979 1015
2809 4335 4454
990 4263 4437
3917 4735 177
1827 3411 3148
2979 3914 3248
2979 3874 1562
2725 2083 468
1664 2979 4363
1125 2979 4072
3001 3584 3998
2979 917 1797
3015 2979 3063
4525 2527 4619
522 4479 3400
1819 4605 1213
3122 3393 1929
52 2979 4187
4415 4569 1295
1616 3195 4647
4659 4281 3465
111 2771 279
3759 2041 174
3919 1949 1908
1604 1356 1017
2979 2689 2647
39 2979 4318
2979 198 3823
3142 2979 237
3249 1513 62
1172 2979 2671
4757 3628 3072
2979 83 211
3386 2979 3929
303 4200 2423
2979 1916 547
3803 263 4929
3721 2979 4255
2979 2672 1037
4609 3850 425
2979 3618 3413
4024 2979 859
2979 1586 59
711 3819 2215
211 4085 4599
1501 1173 377
2630 1370 1258
3564 116 2425
1934 2254 773
2030 2979 657
1288 71 2696
4851 59 1389
1428 1353 1301
3438 3279 828
2979 2557 3875
73 2979 2971
1263 3433 4004
347 2979 4765
3724 3758 8
3344 1954 4764
2693 4612 1557
4226 2979 377
3546 293 473
3558 2979 3881
3140 470 1564
2837 1030 3580
4886 4682 3778
3487 2979 2739
4781 772 1660
2763 4571 2198
3552 1681 4365
2755 2979 137
1994 2754 4781
416 1664 58
2979 2100 2872
1451 2433 3254
2979 4658 4669
2089 2979 2054
2979 4388 2259
1935 2979 1624
3409 943 2891
2973 2450 3248
1814 3686 2529
2501 3775 805
2979 3418 3133
594 4070 1283
772 2979 2835
2979 4275 3363
2979 4610 2720
3360 1303 2063
2709 2752 1539
501 1626 655
4793 1328 3074
3699 4117 2189
1388 2979 3429
2979 514 1430
4348 4638 4278
1084 2979 4893
2979 2047 698
2979 2151 2562
2979 1958 573
1939 883 2936
268 2740 780
2979 3859 1192
2593 2688 1205
686 2146 4226
1955 4956 1026
2979 3093 4091
4870 1131 3228
232 4503 3658
2902 784 4656
4676 2979 3966
2207 1380 3352
2979 981 4687
2524 2979 3832
1339 3647 3808
2354 762 1799
3583 2979 293
710 2979 1516
1375 259 3332
2979 4397 4472
2718 4789 2094
3844 2979 3765
4278 4294 4832
2258 1199 3909
3114 2979 2889
2508 3455 4107
4052 4774 2139
2979 2383 1041
523 2979 1931
2979 3513 2947
3157 4466 2051
592 2979 1914
792 297 4699
4306 4506 3450
2306 2979 4693
4946 2979 4324
2979 3341 4334
927 3831 1867
2979 478 3943
2979 979 1363
3561 3106 393
2979 2132 4159
858 2979 1633
2979 4354 1660
1886 1112 4199
2979 3650 2992
549 2979 3172
1499 2979 3071
412 3061 243
1596 2408 2074
4674 1568 4043
60 670 1687
4321 3102 4524
4650 2979 1559
2922 3142 1089
2979 430 90
839 3587 4006
557 2615 4412
164 2979 449
269 1415 768
2492 2979 3760
1392 2929 2884
3211 2979 2483
4621 4871 3481
3198 428 1037
4628 267 3847
1221 2979 506
4933 3797 2701
2979 1813 2398
2979 995 217
290 2979 921
2979 3400 1951
4438 1411 286
2979 4579 3988
3017 3116 2422
2979 3659 2317
2979 774 4620
638 3751 1476
2520 2979 2208
613 4087 3186
2979 1063 2626
2729 1646 185
2743 4107 1364
2979 2428 2480
3010 4280 74
2038 4023 2084
2979 1399 2126
1109 4251 2466
4116 2979 1399
4760 3792 4737
4701 288 3236
4462 1021 3966
2980 2979 3493
2979 2425 2838
3507 1989 524
4988 4180 1052
3074 2979 1884
1059 2979 2695
4688 4791 4091
165 4359 4357
4012 275 3932
3375 2979 2367
3623 4398 1704
4312 2580 904
2979 903 2414
2979 3956 3513
84 4351 2846
2979 4892 1289
2979 2038 3438
2979 3259 3572
370 4974 3271
1020 2979 2092
2979 1610 2336
2606 2984 261
3579 2979 3270
1621 895 4391
2712 1799 1514
3670 196 1271
2979 3979 1034
1171 1338 1969
3115 2543 1817
3392 2979 4413
2853 3629 1529
1503 2979 2636
1147 2979 381
2204 2979 3901
2979 1654 4874
1464 2755 4461
4029 4787 1419
2979 498 4832
256 2979 2307
635 2979 2996
3518 2979 275
2096 2979 2450
2979 2069 1824
3837 2648 813
2997 2979 2491
4987 545 696
2979 442 2258
352 2979 4601
629 2979 2594
2979 2633 4995
3160 2979 3346
3729 3183 16
4904 2540 1826
1532 4513 1055
3355 2979 3386
2979 1661 1659
1407 2979 2702
1864 4737 3835
1948 1993 424
407 372 2821
2979 1943 1481
4829 2456 4986
2979 4304 1708
110 2239 2048
2979 1517 120
376 1588 1709
2979 3564 2689
455 2979 1804
1214 669 4494
4189 3730 2532
366 3710 1383
2979 529 967
766 4196 840
4515 3936 3024
3732 1061 114
4567 2979 1233
996 2979 2548
2979 1069 3808
1601 1252 812
3169 2979 2178
2628 2521 3083
2979 360 521
2257 2979 4731
2633 2028 2628
1780 2979 4743
2979 4452 1586
2979 2228 1921
2064 1312 3572
2979 2744 3226
2979 364 3355
663 2979 1783
1446 2840 345
1588 2979 4896
378 2979 1668
2979 300 544
3341 907 1946
3032 2529 3985
2979 840 2567
3135 2979 4979
1089 2979 2489
3978 1407 2434
3904 1039 3825
2018 3386 225
2622 1878 4026
2754 2979 3161
1711 2215 4165
61 2979 2007
2672 4859 68
1143 2979 1638
4586 2979 327
4823 2979 1055
3448 2979 2904
1603 2927 3427
2979 3581 2341
2979 3292 2406
2979 1066 4542
3016 2979 176
2490 2979 851
2979 3333 2670
2979 618 4993
170 2804 523
1386 2217 4366
2979 956 2139
1985 1361 4095
2145 1015 957
3610 4483 1675
309 2822 1229
4578 3260 535
1538 2979 2080
2979 1102 882
4111 4755 806
2979 2258 1540
943 2979 1443
578 3083 1281
3282 2059 749
2271 4262 3855
1964 1418 3687
3838 3244 2224
1316 2979 2584
4164 1162 2695
2979 4931 1215
3717 2252 2441
4527 2979 3444
2979 4440 393
2979 563 4843
4753 2979 3777
2380 3953 2895
3129 2979 1455
648 1543 2729
2979 1174 668
2979 4155 1779
1853 305 2814
1813 1231 4817
446 3895 3863
3255 2979 4546
2849 2979 4968
4289 569 698
4448 775 2829
167 4038 4949
2979 3746 3817
1213 2979 2230
3421 2979 3698
2689 2443 1304
2816 3084 3395
4853 151 2920
9 2979 1054
2979 796 1916
2013 1499 4609
3028 2510 2080
2113 2219 1853
1887 2979 119
4032 4923 1624
2979 3755 2460
3930 2979 4953
2643 2979 4931
2979 4947 2851
1747 1990 3468
2979 4247 945
2979 4592 811
1178 226 4965
4247 2843 1336
3617 2979 2198
4008 2524 4455
923 4053 1080
229 3008 4726
3428 4296 1725
3003 988 2424
2979 1582 3254
2292 3782 297
937 2154 2228
2979 268 2447
2979 4863 1542
4443 1256 2969
2979 4894 2149
2979 2824 407
2037 1458 3883
508 2653 531
1307 2181 1352
2979 1129 2839
2569 3599 1483
125 632 1892
862 2366 1158
4447 2979 320
3405 2979 2074
2979 441 3098
3951 3423 1562
2496 3355 4638
4145 2317 3688
737 436 350
2979 2130 1883
2979 4874 292
3799 1148 3607
3204 2571 2462
2363 2980 2101
1662 236 4220
2979 3264 892
454 2979 4935
2979 4308 4454
3523 1600 2307
1942 2979 2444
2094 2979 1076
779 2979 3477
2979 1738 4789
1121 4366 2870
3102 2979 4218
2979 3089 1863
181 4975 4032
3494 1936 90
4730 4577 3828
2979 1277 3088
1364 2979 2531
2966 3509 1309
2979 2882 3889
2979 3997 2866
1564 2979 1985
2979 1909 329
41 1723 1106
253 2461 3110
4121 3182 3127
174 2979 3034
570 2979 4949
2979 3523 4460
2979 2458 2598
1040 283 665
2408 2979 1738
763 1276 299
2979 3170 1308
2979 4204 4686
1944 931 211
2979 3438 3606
3175 2979 3930
4300 4235 2527
1622 2979 1763
2979 4265 206
2979 522 4616
3390 3378 4933
1757 3476 4027
2979 875 2600
691 2133 2760
4813 2979 1459
2979 4623 4497
2979 1375 171
2979 3009 2547
5 4193 1041
3730 2979 3997
2979 868 1189
2979 261 4481
2502 4232 445
2979 100 2622
799 3277 4881
2522 782 1399
287 2979 178
3373 685 1949
2330 878 2965
1938 3852 2066
1435 523 4335
951 2979 2970
3850 2979 4764
1792 204 2317
2317 2979 2323
2070 2979 1282
1537 2827 772
2742 2979 1539
2955 2979 1068
2679 4632 370
924 119 4897
2979 2457 791
709 4156 4413
2979 17 3442
2979 7 1811
4317 2979 251
3060 3735 4010
2071 2979 3949
4453 1492 3881
4245 3072 1839
3257 2979 1609
2899 266 2379
3652 1945 4754
3070 561 2292
2708 4775 2195
2420 4928 1766
2594 2979 1544
4030 3905 4938
2778 1462 3919
3883 2979 901
2979 708 4589
3766 2283 2535
3121 1125 4765
4352 2979 141
2559 3247 3149
4375 2979 3724
3941 3099 1152
1157 768 3691
2339 1000 4423
2979 3199 1588
32 1779 2905
4080 2445 2348
2371 2979 611
2979 2867 3978
2979 2292 3375
704 2979 2453
2309 2979 2002
3036 3595 2589
2979 1856 2232
3436 2573 4997
395 2979 3947
2566 195 4711
3456 2357 3787
2979 993 3087
4201 939 3622
4941 1465 4155
4708 3901 1608
2702 2371 4815
2979 3704 3664
2979 1314 2286
4927 4508 2909
1393 3168 426
1198 2979 4192
608 2979 4229
1506 3955 2786
2262 2979 514
1266 1048 1032
2810 1995 4048
587 1281 1246
4303 427 2593
2979 864 4744
2979 28 71
3177 2979 1103
404 2362 1159
2979 232 177
2979 2516 2051
2979 3461 1578
475 2979 2986
4944 3407 2974
3618 445 4296
1308 2979 2195
1326 4895 3345
3383 3705 388
4413 1548 3058
4328 4395 1079
3925 2979 2228
3516 2350 1140
2979 2263 29
2979 3597 625
2979 4645 4438
1122 2979 3199
4134 2979 4084
4174 326 1729
2979 3224 180
3244 2979 2418
2293 338 2518
2979 3464 1465
4580 2979 22
2979 1800 4833
2979 322 4279
4959 2979 4695
2979 4419 2824
4920 2979 1639
326 2979 3396
3956 4270 3595
4135 2600 1916
3916 2979 1653
2182 3899 2364
2979 486 1744
2493 175 1700
2979 4063 3214
4727 3935 4833
2167 1143 1786
2609 4120 3541
1323 2979 2848
2979 1783 1787
1808 2979 2713
179 4875 575
2979 2185 3244
212 2814 4931
1675 3870 4601
3071 2979 3241
2537 859 3898
2457 2649 1130
4040 3197 1398
3689 1890 4956
1581 1485 1883
1580 403 986
365 2979 4114
3632 2979 2948
1918 4520 1941
2979 3608 712
3890 4778 1552
183 4603 4179
747 1559 3769
1857 2438 2840
1691 1670 3454
2979 4244 731
3227 3946 3203
953 394 3326
2979 4314 893
4529 2979 1569
4007 2979 467
3478 2979 3428
1180 2979 3785
2979 637 1446
4924 2979 4585
396 850 1534
1 2979 3648
1314 2373 1801
1207 2979 3052
2992 4903 1378
4176 2212 4778
4480 2910 766
4187 3934 980
4194 3439 944
2210 2979 2529
912 3769 4167
2979 2904 4139
2634 1521 731
2979 3282 2680
3578 2312 2702
230 2979 2527
3229 218 4324
4362 902 4683
3491 4043 3301
2202 2979 1644
2979 3109 3807
2979 4150 3837
949 2082 4497
119 2979 4182
1766 2979 3384
2979 3406 3473
2969 944 2465
2979 737 827
1146 2979 2755
722 2143 3219
2845 1488 4176
2979 2512 4767
2979 200 3851
2979 4271 4739
751 3779 4707
276 4379 1134
2979 494 2354
2979 2732 589
1583 2979 4376
3894 2163 2325
4320 2979 3035
2979 3529 92
894 4832 4762
974 3258 2293
4140 3885 2531
3485 1468 165
2979 4194 4836
3162 2979 392
2979 790 4175
2629 1789 4123
2979 1569 58
4360 608 4460
3145 2979 1241
4230 2979 2607
3388 2979 2173
950 2979 1336
2356 2791 4834
3089 2644 207
1260 516 1575
2353 4689 3724
1285 281 2130
2048 2979 797
2677 2592 15
442 4528 2253
2979 1598 1279
3569 2979 3884
2499 2979 3721
2979 3747 2920
3500 1372 4607
2076 2979 2245
3303 3665 4771
3476 2979 3433
2979 3327 4909
2979 1071 3152
2979 973 4356
1249 2798 2941
3066 4866 4621
640 256 1093
2750 1656 4112
495 1490 1520
2979 2482 1675
2979 1309 156
1152 2979 616
1744 746 3575
3192 2979 3021
1768 1010 2499
3980 661 4392
4846 761 2230
2979 1554 1083
2979 4671 2094
2979 3822 3149
3404 2979 950
3329 4663 2853
2979 699 3016
2979 3697 4071
520 2120 3436
605 2979 1149
3000 2979 709
2979 1781 2870
1160 2979 2521
2979 541 2693
4490 2979 4559
223 2979 3865
1461 2964 4775
2979 1906 2526
2979 3283 345
4288 2545 3185
374 3129 727
4541 2979 3489
2979 4615 2233
855 572 2595
1950 310 4224
4614 2979 2117
2979 1545 16
2979 3054 2119
4492 56 1581
3454 2979 3838
1684 3023 4842
2987 2979 4782
2865 2487 3324
1821 2979 1939
1921 3933 1976
2134 2979 3247
2858 1602 1788
2979 2116 57
2453 2690 2599
2979 1383 2405
917 2959 1845
1865 1623 3240
752 2979 635
825 4213 1971
4246 2979 1922
2175 1357 4380
2979 4215 4423
4090 1053 4260
2979 491 3043
2979 2324 429
4184 3966 1754
2979 3481 331
3913 487 1432
597 3324 3490
4416 4540 4744
1216 735 2386
2979 919 932
335 3602 2436
4311 2979 1688
3189 2979 1940
926 2402 3704
2050 2979 2809
2979 584 2380
3125 1965 1458
2979 4570 248
2085 4239 4436
2325 3311 2362
2979 4884 4402
2979 370 2895
1806 2979 1349
4894 1469 3660
4539 3416 2050
2979 3824 3547
2979 1805 3916
2824 1042 3108
2290 3248 166
1578 2731 640
4534 2979 2381
2979 1454 1805
4060 2979 2462
2878 2979 825
1209 2253 3063
1229 697 3159
2979 3609 3964
551 2979 840
2979 3032 2662
2979 2090 2229
1374 1648 2086
1297 3251 649
1650 1 2168
2979 3655 3828
2979 3689 858
2098 2979 187
1390 1413 4739
2979 2308 2439
3641 511 721
4275 3119 1819
2320 3449 3239
115 2403 269
4115 2979 73
363 2119 3384
895 2979 4543
2979 1760 434
4769 2979 1112
2979 3788 2632
2960 1770 244
2820 2422 1643
2946 341 4506
1725 4850 3421
2066 3375 1049
920 4882 1178
186 3080 1449
2388 2979 1687
3324 2979 2552
3233 481 870
3203 2979 4544
3288 3487 1735
2979 4880 1483
1610 573 4891
1831 3845 3093
2211 2979 2765
2979 2743 4390
3697 4062 217
2979 1727 1510
2979 335 813
2979 1392 1352
2979 2554 1655
2979 4843 2124
2272 2835 2818
2932 3982 4649
2686 1694 3638
2979 4515 1404
2979 3753 3010
1441 2793 4903
2979 4910 4850
3342 2264 1999
1197 2979 3303
388 2152 645
193 2979 3687
2979 1973 4199
2979 1461 4509
3216 812 2043
1742 2979 229
2604 2979 2056
2979 1164 1408
2266 4619 4307
3291 2979 832
3911 252 865
3964 2979 3562
2155 422 893
2979 1506 622
2541 2905 1684
2979 1186 1207
2979 4428 2773
476 238 271
537 3369 144
64 1293 3882
4916 2979 2586
3605 3368 3814
2099 2979 954
2669 2736 2958
1672 2979 4776
2979 4056 944
4262 2979 2808
2979 1409 1441
2179 4815 2651
491 4454 4222
4034 49 2575
2979 1515 4499
2979 4368 646
2979 3761 4081
92 4147 4401
4979 53 1769
2190 2979 2814
281 2979 4011
1227 2979 2752
3972 3770 3244
2979 4668 4226
2919 2000 616
2979 1371 3609
2979 1825 1750
1129 2235 2126
3541 2979 1104
2548 130 1270
3306 3965 7
2979 1984 3731
4191 2979 3383
978 105 3087
2979 4731 3650
1418 2979 1957
4929 2979 2570
1324 1206 781
2979 477 2952
2301 2979 1243
2979 1016 3439
3725 3952 95
2979 406 2660
4505 1674 3801
2829 2979 4167
2979 3036 1754
3848 504 984
553 1707 3306
2979 2517 4116
1333 2979 2392
2057 1972 1977
4984 4676 2439
3029 3995 2133
999 2979 2579
1652 2979 762
2979 3474 1180
2979 1025 527
4523 4924 238
485 3598 4926
1602 2979 4221
3755 4869 2836
2979 4893 815
2370 3830 3950
2631 2979 3968
4229 4257 998
1082 2979 857
2979 167 2496
4355 2735 2860
2979 462 2079
1070 2268 1405
3020 2979 3389
3543 51 4408
488 828 588
251 736 1551
2979 1451 3203
1671 2979 4082
2484 1220 491
1546 2979 1401
2979 1101 4115
3702 2940 1831
3688 2979 1439
2979 1713 2138
3200 2979 2314
1845 2979 4770
2033 4598 2947
1925 2979 4671
439 4710 2993
4286 4160 1863
2979 851 4342
1688 4920 858
3305 2084 3968
3664 4146 787
550 1089 4448
890 87 2848
1771 3987 4521
690 2979 588
2687 2979 2199
2854 2875 542
2721 1758 1670
2177 703 2724
4533 4079 378
44 2979 3072
2979 2666 3560
2760 2957 4274
3496 2979 2969
4173 2979 2790
2896 2979 1450
2979 1744 2255
1700 3270 740
4931 3512 1621
2979 1324 1606
4825 1014 3439
2979 4401 4333
2979 47 1941
2979 3014 524
2979 2985 2465
1369 2979 304
2979 2218 1900
2106 2979 4608
1553 2979 2976
1880 507 1330
2766 2979 4123
3103 2697 4526
2979 34 1345
3458 2979 3013
4882 2979 4973
3488 726 4108
2454 1735 1798
1185 3033 4777
2840 2979 648
2656 3916 2757
2979 2962 1567
1166 1520 545
8 1230 483
2887 1940 1697
3137 2260 1199
2397 2488 2104
1047 2726 188
2635 4604 2831
4249 2979 1456
1102 4993 2378
544 4693 1944
2979 3703 1570
2979 4982 53
2979 4240 3090
3335 804 3530
2784 2979 4289
2979 2370 366
3422 2979 3740
2828 4562 4241
1262 3981 254
4745 2979 1448
977 946 2744
1817 2979 4841
3167 2979 2422
2304 4695 2659
2979 363 3426
1484 2979 869
2979 2296 4524
3085 2979 686
1923 2979 4939
2979 292 3803
3545 2979 2606
2979 4455 388
3918 2979 785
1645 2979 1159
2579 2191 1794
2979 3262 239
4705 2979 4817
413 2979 4408
1911 2979 3362
4212 2556 4693
4847 1808 3493
2208 2979 4707
3723 4305 559
1303 2979 4357
2979 4799 1647
2881 4567 3538
327 1228 127
1153 2979 3100
3810 2979 2696
3839 2979 3815
3158 365 1939
2170 2979 3151
2979 769 4252
1518 781 2222
2979 2346 4708
4744 2979 2275
4517 3542 1266
3079 2971 3672
4611 2659 1348
78 3345 1278
2979 4289 4987
2979 4416 443
318 2460 1758
3639 4960 4813
3791 2979 642
2979 2156 312
3534 4734 4450
1828 3139 1910
1181 2202 2943
1756 2979 269
4054 3314 4560
1257 1365 414
3194 2979 3131
822 3021 1190
4600 4209 1782
2558 3999 3861
3414 2979 2655
3156 2979 3350
2979 4559 2293
1586 3005 658
734 2392 2159
4309 1942 212
2979 1603 121
2979 346 3919
2979 4432 3456
1237 1387 859
2979 3307 914
4707 1594 913
149 2860 57
1891 2106 3756
2979 4357 481
2979 463 1171
2139 2979 1828
1029 2979 3458
1912 2945 4935
3141 1002 3960
1246 493 3095
677 4064 3609
2768 1772 277
1773 2979 4602
696 4233 1438
940 969 1757
2253 2979 2742
590 2979 243
4863 4833 3429
656 2979 775
400 2979 557
4258 4191 2562
2979 209 2803
4842 2979 690
2979 2293 3895
2552 3451 3561
4332 2979 2044
1863 3510 1602
3326 4816 4915
3434 2979 2506
2739 2979 3252
3761 4470 3334
4284 2173 947
2979 2207 4152
1636 54 3646
3207 3056 2970
2164 3068 22
2979 2852 4996
435 2979 3313
2979 754 2974
2979 2969 2084
2979 2147 3108
296 3793 1628
2979 2691 2853
2776 4407 4909
4647 607 2380
2206 1667 2507
3519 1167 1343
2979 2153 2378
2979 2792 4877
650 2614 2494
3377 2979 2343
2329 4684 3776
3654 138 3003
4824 2979 722
3287 389 1884
3346 4535 1936
2979 3921 710
3437 2979 3185
4731 958 4591
4365 2812 1580
1885 3101 1540
2498 1176 2199
2979 1088 2874
3398 2979 2334
3223 2979 2757
1432 2979 4043
2979 1455 2760
1954 2979 617
3150 2444 4140
1354 1855 1155
2979 3110 741
634 2161 1495
3893 2504 3547
3080 2979 1378
2979 440 4868
4236 2979 112
4752 829 239
3241 2878 4402
2979 2300 4532
83 4163 4610
2053 3437 1427
2979 971 2532
3836 1788 1588
3973 1316 2349
2979 42 703
2842 220 1459
405 2979 3162
2265 1970 2916
2979 316 4786
2979 932 2786
3829 4994 3112
4276 605 3851
3864 4618 19
371 497 1614
2979 2954 4274
2735 2979 3564
2979 1405 3181
1582 1219 716
295 2979 3827
750 1982 1655
2979 1291 4981
2920 4343 4071
2267 2979 2383
2979 2423 4677
1189 2468 1471
1269 3132 4295
817 905 2539
3557 656 2888
3667 2979 1199
4584 2724 550
2979 4092 4681
4269 2619 124
1786 58 4116
1264 2295 1960
3309 2979 2589
1083 2979 2466
861 2979 4862
2525 2979 4108
3599 2979 491
4167 2979 4962
4432 319 943
4934 3250 4811
3482 1049 1738
1252 2979 2776
4100 1059 3362
4668 4389 2874
2387 2979 1444
882 1448 275
1776 4223 2603
4895 2979 133
2446 2298 4480
2979 172 3274
2979 4140 2686
1778 1084 3978
2979 2645 1743
3002 742 2776
3809 2287 2393
3684 2613 2128
3293 3709 2838
1980 4007 2117
4113 30 3303
1470 2979 1310
2979 205 4129
1048 2979 2703
4092 4185 3871
3826 4231 2395
4680 2979 155
741 4329 4114
4784 4331 4996
4077 2979 691
2703 2055 2056
2979 224 135
249 2979 2609
2979 3853 4573
2081 3814 1887
4703 3366 1349
3923 4115 1544
2979 2622 1452
2979 2667 1227
4149 836 1034
1798 103 2640
2979 2036 3253
2979 814 298
2979 2037 1271
1091 2979 2749
385 2448 4011
3840 2979 4704
4663 2979 2451
3232 239 1396
2979 234 1580
3571 1718 3694
2979 2367 4631
1920 85 713
2979 4148 3336
4690 3816 3056
2979 4011 3278
2217 2979 3242
2979 4164 2156
636 2979 3694
2934 329 4706
3072 2979 257
4188 1539 2032
1927 1057 715
3800 3422 2565
3549 189 2468
3283 2505 3761
4843 4333 2205
3646 2979 2201
3636 1787 709
2979 4284 4429
2979 751 465
1633 367 2806
4872 325 4892
3008 2979 974
3196 3616 3126
1879 1440 2309
494 3027 3511
2732 4531 2699
279 1452 4046
2979 4722 2494
143 3016 1129
2585 400 511
4357 139 683
4551 1056 673
1784 2979 4385
4613 1424 323
2979 2206 1904
76 4474 4725
2485 2979 4476
96 4495 4345
2565 2979 261
2979 4980 3326
2512 2087 3832
2979 4578 3779
2979 4453 4382
2318 1020 340
2979 1961 639
823 2979 343
1004 4644 2258
3762 295 4640
824 2979 1908
4713 951 4472
2979 3808 1917
1931 2978 2306
2979 2227 4417
2580 2979 2628
2979 2879 4483
2598 4900 4853
2406 3444 630
611 2052 2322
2298 2979 3637
2439 4677 4509
3356 2979 4425
1367 789 949
2979 4243 3926
2006 1295 1066
4114 2979 4485
2224 2979 1928
2979 1581 1413
337 2746 280
2979 3554 2512
2979 586 2426
2979 125 3364
2979 2432 2966
2368 2979 1936
1916 3574 3131
1359 1653 4253
3047 802 264
82 2979 4599
3395 3773 2452
42 2148 1091
1022 1447 2252
649 2534 3601
2979 2494 4331
3294 3582 4515
2970 1251 3732
3581 1905 2667
1685 2979 4977
1301 2224 4425
2979 3290 852
3743 4518 797
925 1546 2986
2979 4399 1518
2452 4807 2245
426 2979 518
4093 2979 814
213 2979 235
2979 1154 165
4603 2979 1411
3920 3740 1861
2979 4493 4521
787 112 314
1258 2979 820
835 4050 3210
2589 1928 3539
2979 1968 2311
224 4356 4686
2107 2979 4358
2862 2979 4386
2607 2979 3033
2979 3477 4566
957 4601 2399
4259 2129 2115
543 2979 2276
2979 615 1361
2979 2655 83
2979 2526 3762
2979 3380 1745
2284 4042 4383
4508 2979 3989
3055 162 2694
2979 4694 1178
457 2711 2719
2979 2597 1391
2680 3967 1907
2777 4590 3645
2036 3153 4743
2857 1298 4409
2979 2750 212
2979 3729 1870
2948 4932 4079
2979 1659 3958
2994 4842 1862
1947 4627 2850
3011 4983 1216
2979 2933 3044
4459 2979 291
4881 2979 2942
4794 2334 3094
2979 3950 400
2979 4723 587
4559 4758 4873
3054 2900 2283
4489 2979 4104
1398 3807 2866
4373 558 4508
1566 1583 4942
4573 2979 2262
3892 2098 3920
4550 2979 2152
1222 4060 4803
2979 835 3541
3628 2979 402
292 2815 2893
682 2979 1626
4595 3572 276
2979 3676 299
1986 233 2968
1203 2440 1358
7 1759 1586
1674 2979 41
2137 771 950
2979 4348 2593
4777 2979 715
3461 2326 1748
1797 2513 2267
2979 1920 2349
3442 2931 1685
3846 1085 2508
2979 4081 4366
853 3385 4746
1057 2979 4143
1322 3678 2301
1096 952 3731
2979 677 1258
1661 3527 242
3296 3774 4532
713 2979 1748
2979 3190 1794
2979 1425 1454
2075 1704 4593
2095 2533 3650
2717 2979 781
4583 2979 179
3214 725 2547
2675 2979 4185
2442 1699 3232
1071 4733 4175
317 4069 1647
2979 537 3418
645 4210 4385
1342 2979 2692
1065 2413 178
2979 627 3371
2979 90 3454
2741 4573 2381
2562 2979 2075
2046 3711 2564
2979 1019 4383
2979 1211 4453
2979 3138 3763
2979 3728 3600
4393 2979 1674
2979 4979 124
2979 1837 2196
2347 3471 4246
2979 254 1213
4997 2979 1995
2979 978 2880
1123 2979 4839
565 2979 4405
2979 2693 2235
2979 4214 4316
2979 825 4422
2979 1722 4840
4271 1763 229
2979 150 2490
2586 2979 2962
2332 216 4533
4592 122 4783
4430 1812 3315
300 525 3721
4597 1279 2167
470 2979 3769
2979 4711 3508
2979 1294 139
1963 3776 1930
971 3263 4589
4198 1094 4852
2979 1096 2929
2979 10 2335
4219 2979 571
2091 2989 1240
2979 4517 3692
1289 4770 3820
2979 1248 378
2023 3750 4812
4673 2372 4972
1949 2979 3106
2979 3864 2865
4382 1933 2483
2601 2979 1247
620 2409 3274
2928 2159 4426
908 1426 2054
2979 3996 1387
443 2979 1602
4358 2979 1996
1889 490 4563
4222 3930 4332
1657 2979 417
4945 2979 1618
2979 2064 2436
4310 2979 314
4831 1692 2481
2979 553 3324
4556 1503 4185
2979 2715 2309
2979 123 2166
4992 4753 4467
4441 1553 3876
1382 4377 109
2188 609 3818
1431 2979 3759
3152 2327 917
1474 4818 361
4634 2400 4871
2133 2979 1788
906 4769 4064
4391 681 3520
428 2979 468
1073 2979 4384
3505 3184 573
4376 2979 3110
2979 2074 1795
3222 3096 3676
2979 544 2885
2979 830 636
4215 2918 4333
1381 3297 4606
4298 4581 2359
2979 1702 3182
2310 1438 3499
2979 1133 4605
473 2979 2535
3176 3173 492
2974 2216 1171
4452 4546 2765
2979 2738 389
2279 2979 3854
2979 3335 3209
3224 2125 3554
2364 331 3714
3677 2213 3896
657 4985 4082
2979 1676 162
2979 922 2850
4154 2048 83
4936 2979 4972
4324 2979 2668
2979 2278 3368
2979 1189 4315
2062 1883 298
3165 2652 4543
2300 1135 4877
2979 3095 3956
4272 1608 411
4631 152 1928
2979 2857 1971
2979 4726 1912
2979 732 4712
2478 1267 3584
2979 3866 1091
2979 371 2104
2979 4264 4478
1247 845 2568
3009 4426 4308
579 4937 2069
2245 2979 1056
4504 2979 403
4792 3074 811
4839 2979 4567
1877 328 2
2746 2979 567
2979 2035 3584
2324 2414 3641
2534 2979 2220
3637 2979 1623
3611 2979 3377
3560 2979 2847
1041 2896 1404
528 4736 4843
1858 4561 3555
4241 2979 450
2979 524 1032
727 3063 3403
216 2979 448
2674 4845 3624
637 2890 3163
2979 1005 3728
3703 4425 1634
2979 3765 4662
1239 1080 3600
225 2833 3642
418 2979 4988
2979 4593 66
2979 120 2927
1117 3663 1070
4404 405 1985
3592 513 466
4810 1668 3531
3280 2979 3830
2979 165 3421
4574 3954 4878
1481 808 52
2979 4853 439
3430 2979 865
153 1784 26
4261 3052 3509
852 3880 3599
619 1790 4539
3680 1640 206
3231 2979 1088
2447 2979 1534
130 2979 1335
4402 426 1122
3164 834 3387
4978 2759 3092
3787 4916 3629
2979 3053 816
4964 2979 2226
3113 2979 916
2281 1669 4874
3990 933 1991
3339 4186 3582
2979 4701 2967
4700 340 2397
1933 2979 4881
1144 2979 2464
1996 2979 2071
1444 1265 857
1063 3943 2728
2617 264 1773
2482 3484 582
3655 1690 3365
3446 682 2782
1928 2979 4400
2823 2620 4352
2979 3837 3784
1385 2979 2787
644 3741 2009
1526 1180 504
2979 2789 488
325 2979 2639
4491 570 2676
3077 2979 522
1005 4802 3015
1943 4596 3628
2979 1477 2184
1888 2404 1310
2213 2979 463
2425 1007 3028
380 3404 3453
3081 2979 2744
1760 982 3085
3235 2979 426
408 2979 4560
1952 1780 2538
117 1701 4967
2979 1565 1850
1421 4889 1446
1079 4138 3891
2472 3255 119
2979 3724 2980
3824 2054 1691
604 2979 3505
2979 3382 1432
3337 2979 4079
706 1898 2809
4683 2975 1841
4419 2767 3027
1847 355 404
3707 262 198
3902 1268 417
976 2979 4227
3357 617 324
4381 1242 851
3262 2315 3958
2618 1821 88
2979 983 414
2979 2347 1383
2516 2379 498
2979 2509 1651
1295 2979 1684
1067 4935 3323
2979 2155 876
2979 666 1566
4397 879 2262
1680 2979 3354
2418 141 2418
2979 3546 746
2704 4732 3137
2979 2478 353
3349 4022 1578
1031 2979 4552
4928 2979 2783
2979 965 1442
979 250 3683
3457 2979 1956
2979 3640 1278
1635 1223 4109
4314 4943 4808
4709 2886 4376
2979 4700 1277
2781 4563 1035
2979 4373 2617
3742 3940 4841
2979 741 4409
4181 2307 3637
2979 852 1818
2979 2356 2253
1809 4772 268
2055 2979 85
4782 2979 2831
255 2979 2708
166 2979 4340
2243 1429 4083
1844 61 1256
3172 2665 3118
1750 4410 1646
833 2805 2962
4178 4587 4350
1668 2979 210
4899 2799 73
896 2979 4515
310 2979 241
2979 4835 3258
29 2979 1785
2012 443 2166
2459 3392 2510
2979 817 2340
4292 1512 3133
1319 999 1015
2979 4995 3490
100 2539 2266
2979 4551 1394
2305 3541 4143
2303 3559 3670
3426 1577 2999
2979 1065 2032
1417 1395 2107
866 2979 4401
2979 4481 2115
2979 271 4500
695 393 1515
2979 1947 2433
2979 3514 2893
1698 2979 672
1477 1717 3947
3325 2979 2643
2882 3107 482
1201 1369 2590
2979 3720 1486
3061 2979 546
121 813 639
2979 2085 4531
1046 2979 3573
2876 2136 3257
2848 4268 1187
2979 3491 1831
2979 3588 972
1044 4310 4478
984 2979 19
2962 3159 260
1579 4393 463
2979 1422 367
692 1122 506
3295 1124 4955
2557 20 4958
1629 1606 854
2979 1202 2266
3052 2979 297
2667 1482 4860
1170 4809 3438
4133 2956 4567
675 2979 3236
3182 2979 4010
474 1651 1778
4042 2979 3367
3665 2979 3874
2979 4374 4446
2979 1827 3601
2979 1382 1896
3621 2947 3383
467 1765 2201
859 2979 3868
2673 4384 3106
2979 3100 2524
2894 3842 850
928 2979 1703
2699 3698 1838
2979 3726 1427
1598 4048 3298
266 2979 4365
1245 1746 3877
2256 1333 2586
3259 182 105
1015 2979 1135
2504 2979 2468
1350 3155 1858
2979 927 3932
1186 14 2247
4848 1038 3664
381 1923 3052
2989 2979 3896
2979 57 4983
1618 4446 608
1555 4394 4964
2595 2643 1338
2299 1144 3766
1194 1714 1401
2519 471 3215
4211 2979 4803
2979 4303 3169
1097 3228 1844
4493 1846 1764
4009 480 3690
1137 4302 3708
1832 2660 3498
2979 926 3483
2979 2209 1295
4877 1337 2490
2979 3988 594
2507 4159 2683
4566 1622 3211
2979 384 748
2144 3625 4498
12 2723 1083
2663 3421 646
3640 2706 2795
4175 2979 2656
2979 4328 250
2979 1932 2337
2979 1117 2452
868 240 1741
2979 2579 3221
2979 4135 3863
2979 1141 3891
2979 2781 3239
3887 4830 4315
3981 2979 1060
1552 2979 444
3624 2979 3112
2979 76 2690
3768 1536 456
4526 2818 2141
2020 4358 3033
3410 2437 2271
4124 4317 4038
479 2319 971
3406 1630 4553
2979 1636 3667
1873 2979 1572
808 2979 602
2391 1766 3370
4339 2979 909
2979 1292 2508
4055 2979 1725
2979 3465 368
2979 3028 833
2979 3294 970
2335 3791 2033
1874 2979 3343
2979 3680 2342
2931 2979 1528
3136 1679 4022
901 2864 454
1781 2464 1062
4687 1540 2713
627 599 1651
498 3734 1180
270 3645 708
2338 3738 923
2979 439 3232
4307 4197 4229
2724 2979 3135
272 1236 1308
2979 2970 984
707 2124 3522
2156 3118 1942
2765 4297 59
2979 4838 3510
2639 2979 4049
1466 4795 3964
2979 2046 4391
4615 1078 3740
2979 4199 494
4685 4375 3308
2979 4111 1334
526 934 4901
2979 2281 4812
2979 4096 4426
1871 1672 1220
2979 382 2346
2979 3357 2006
1957 3018 2548
2977 260 3200
4388 1720 3698
2979 36 3126
3245 4003 71
2943 1652 1013
2979 2544 173
1974 4217 2609
2979 4873 1867
655 3844 2687
1644 2979 144
2979 499 4508
2001 2979 1283
4170 1507 3260
3271 1149 3510
2979 2912 4022
1915 4024 1811
3991 2979 31
875 3752 108
2903 3579 1891
2979 4934 4860
2241 4754 3460
3073 3092 2752
2979 3103 4570
515 1782 439
3096 2979 3116
591 574 1763
3076 4447 2939
3722 4499 1351
3903 1483 4049
2449 1881 3322
4139 1695 890
2192 3126 2090
694 2979 2923
2476 3151 3389
1177 2419 1653
1360 4463 2417
2605 4953 3158
4147 2979 1004
1795 287 2720
2914 3619 4244
4743 3784 3380
2979 1938 191
4624 4291 4959
1415 2979 3271
3469 1806 2773
2972 3219 4993
2979 2019 1070
4849 4427 2919
2979 4480 4755
1854 1657 329
362 1433 1334
4660 2176 2622
1455 728 2910
3949 1671 3070
966 2668 1370
633 2601 3982
2073 3939 354
3031 1153 4000
3317 2979 1666
661 2979 2667
2847 739 1566
2979 747 721
563 2355 1098
810 2223 4916
2979 679 15
1299 2925 3320
2949 4813 3089
316 4750 4887
2979 1922 2289
15 972 2265
2979 2486 1224
2979 1045 4095
3808 4747 4275
4524 2979 1220
1571 3161 353
1471 2092 566
4005 2979 1304
2429 2244 2296
1620 330 3090
4888 2203 4759
458 368 2433
3246 2316 190
4291 2979 3635
3548 3566 4978
3817 1535 75
3963 1811 2952
2979 1719 2205
3191 2979 384
717 893 2730
2979 765 4463
4643 4039 657
2979 542 4594
2297 255 4797
4475 1114 3407
4754 2979 1351
1378 2979 3682
2998 1839 2655
2786 2337 436
2979 2694 2714
271 4654 4129
333 3013 4712
3967 2979 2160
4231 2979 665
4251 2979 1700
4626 4449 1317
2979 4345 2479
2979 3783 3468
3201 3413 2057
2979 2596 1634
1383 4651 467
1987 1887 3173
3022 2027 831
3333 3026 2894
4902 4004 3970
4741 3976 224
4969 148 4530
2405 4035 4363
2323 4002 4981
2979 3002 2026
4642 2979 662
2979 4344 1292
3695 2979 4670
1959 549 672
3238 3187 3827
2979 1329 3818
3351 3077 4060
2979 1832 7
2111 2745 4868
4857 4828 4265
1726 3671 1138
2979 461 4964
2979 3133 2283
1883 2979 3340
2445 2979 961
1190 3144 1501
3315 4881 1294
4725 2979 3195
673 3082 402
2491 2979 4578
753 3064 3956
3143 891 678
2979 2108 2456
3910 731 2357
265 955 1592
3788 86 1850
4110 454 2227
3506 942 51
2042 1436 4786
4223 2979 4492
3912 2205 1112
3528 2979 2478
3230 2979 4510
3612 2979 968
2979 1501 1954
51 2979 487
2236 1051 3404
4594 2830 3367
888 2979 4412
4076 4089 2588
1396 1896 133
4681 665 4973
2979 4915 4146
2979 1835 168
2979 4272 3186
2979 4153 3530
2979 1751 2351
2979 1320 2155
2088 1168 3000
2979 160 2540
440 3520 914
2979 1434 4125
1733 2979 2224
1335 871 3779
2979 650 2182
1567 4078 693
4958 2733 4301
3757 2198 2567
3004 3239 65
2979 4128 716
4930 2979 4345
4898 2099 2570
2979 2188 2640
2979 2884 1436
3985 3135 343
580 1708 1076
3195 2979 4829
2979 556 3595
712 2782 235
2979 4886 3892
900 1011 2405
2979 2266 8
2358 4246 4098
4521 3528 1545
89 2979 4978
322 1139 2319
4095 601 3011
4892 2389 2879
2979 3551 780
3659 1983 2025
406 1493 44
2658 1024 1387
4017 2979 492
755 2979 3538
1290 2979 2858
2462 4177 3823
2979 1818 4165
2621 3320 2526
1613 3230 1361
2979 757 3540
2979 4046 3605
4723 1615 2573
2246 1270 3722
2979 3060 4615
2979 2630 4312
2395 2979 3425
765 2911 4559
849 3535 4804
2883 962 3954
1107 4175 706
2979 4012 2933
4099 2739 4212
3367 2979 1943
1332 4745 1957
2021 321 3206
4742 230 3182
2979 526 3427
267 2979 4587
2979 2338 4808
2979 4600 3787
4697 3778 660
2979 1459 1412
1870 214 409
3874 2981 112
2979 4274 620
4075 379 723
3763 2344 1433
4225 2560 4850
2979 1166 3790
4166 4324 4443
1515 1693 1951
932 4607 2415
2979 1302 2898
461 3942 1512
4915 4926 1411
2979 1171 81
2979 4865 4203
2019 4686 3044
1901 2194 3467
2979 2273 1969
3508 1988 4554
2979 1635 1514
1088 3714 296
25 2979 3924
3739 4158 1528
2979 1300 2239
258 4378 2871
465 3754 3413
4079 2979 1471
2979 3216 1733
987 3301 4135
1283 2829 882
31 3365 4505
1294 1486 4115
3307 854 113
948 2979 4407
658 800 325
4719 2979 3024
2274 4134 4546
1068 2979 2982
2393 4025 4073
2979 388 3820
2817 3162 1682
2979 4662 772
2834 4748 3375
867 2979 2438
2916 3630 2992
2979 2704 1476
1058 3147 3596
2979 2144 1472
2655 963 1290
4252 4098 2961
472 3012 4216
3210 690 4340
1704 2979 2921
4844 1724 3550
1868 3526 3418
4477 418 3346
2199 3964 544
2979 4890 483
462 144 443
687 3286 4485
3596 3389 1633
4565 2979 2659
3934 2979 3739
2851 2993 202
828 2979 3335
2979 1487 3909
2168 2979 1814
4244 2105 1045
2396 3440 961
1872 2979 3766
4041 4116 1123
2979 1819 1972
2423 3924 691
3053 744 1092
2979 1070 1619
1805 1103 139
2979 2111 1274
2979 448 1057
2979 3338 4448
2979 4657 1327
4423 2979 4263
3468 2979 4938
2979 1828 707
730 3818 4446
3872 2979 4519
3490 4767 2392
672 383 974
700 4642 1279
820 2979 583
3868 2770 1082
2877 2979 2916
2979 4909 4032
1340 519 4836
1597 3156 4570
360 3873 4518
4652 2201 1114
2979 1859 3322
2328 2873 3181
2979 3742 4941
4179 832 783
2979 3809 773
483 4961 3682
2979 1074 1116
3166 2979 48
3474 185 4501
239 2979 4636
3219 2979 2935
2532 390 3729
4199 4486 3807
4326 4144 967
1366 1762 2447
4653 3000 3671
420 3081 2246
4015 3020 1282
2979 3766 660
2979 4978 3404
4380 4542 3461
922 1755 3695
2979 1841 4729
1304 2578 2496
1384 2979 4610
2979 2570 4173
2979 1879 788
4120 2979 471
1373 482 1456
1775 1733 1657
2979 457 1101
2670 3473 3022
606 1449 4848
2979 1474 4131
36 4543 3981
1988 2979 3290
2979 2484 3437
2572 2675 686
1577 2979 3118
2979 1851 4819
628 2979 4763
3833 1552 4137
4699 815 1448
2979 674 2252
1347 3334 4893
1348 2979 18
2143 2979 1881
1774 4999 331
2004 2979 1533
1238 3448 2233
2982 55 3135
2979 489 3123
4636 2262 2820
2979 2674 3660
2979 1188 3915
2979 4779 4083
1018 1484 862
4704 3048 3790
3685 2979 4359
4512 1981 536
2979 760 1449
312 243 1189
1547 1029 2342
3626 877 3287
238 2979 3776
500 2979 4734
881 194 2401
2122 106 122
2800 798 1149
3928 3030 553
2979 4595 186
2979 1235 2834
2526 4364 1265
2365 4017 3277
2979 485 1089
2979 3757 2888
2979 4681 4310
652 3932 1086
1866 2979 1343
837 3860 1344
65 3786 1531
2185 1077 1823
2979 3172 4370
2979 4849 3862
4280 2979 3349
3597 414 676
2436 915 4499
2909 1083 4704
1313 2979 4649
401 2979 4064
2979 2747 680
2979 4707 352
4436 4823 1774
2162 2979 3380
2979 2435 4607
2700 1054 3519
4097 4390 4782
797 3193 355
1309 1907 191
1632 3518 430
1286 801 2334
2112 3794 1767
4285 1169 4858
2361 2257 4281
2979 1317 3287
2979 643 122
4656 642 1640
3996 4776 2739
2979 495 1611
2979 3644 1163
4101 3377 2540
3986 3798 465
2979 81 3655
3041 3414 1373
2554 4790 4218
4509 2208 4201
1697 2979 4154
1434 4912 429
3440 2979 4665
1452 2979 4717
2979 170 1723
70 3883 3800
2979 4724 4257
1719 4887 1269
2737 413 2026
2979 4430 2565
2470 4423 931
4864 19 2980
177 675 3428
2895 2979 2645
334 2979 110
1133 3875 4729
1993 2979 2
58 2979 3171
2979 4091 3211
2939 2979 2362
2979 3480 4911
2979 686 837
4335 2979 1371
4588 2979 3018
2979 776 2050
1906 4026 1516
3834 4045 4667
3691 888 3114
2127 2979 3457
806 2979 812
3417 1467 3371
4401 564 3745
968 3189 4604
98 2979 1356
510 2387 3064
2979 4298 4067
2979 1151 3361
874 450 2332
4172 2979 4100
1357 2979 1952
437 2979 355
3876 2979 4725
99 4315 4163
2803 4946 641
2288 4248 1022
702 3235 4896
3789 2311 3209
2979 4976 2091
2979 2853 1834
2450 2979 1187
3820 818 3348
2979 1901 4915
2069 2103 4979
1450 2979 4395
207 1510 2276
3589 2662 3007
3012 2979 401
1824 1660 2559
3190 4854 1414
499 898 3798
3131 755 4100
4305 2979 2699
1721 1500 53
1394 2979 39
1900 3361 3136
2174 2951 1834
2979 3227 2818
1205 3317 1060
3600 1028 4727
2979 3519 2319
973 3731 237
2979 3489 4726
375 1212 4157
3708 2983 2923
4548 2917 884
1917 2611 3426
4455 133 3116
2979 1957 3580
909 2979 2183
2195 3569 1638
1637 1678 1775
827 2701 328
2983 2979 3233
2334 2979 3267
4081 2547 444
1098 1761 1020
2979 2088 1975
123 4921 1371
382 1351 3846
2641 1866 3739
811 2412 273
2435 4918 3368
4242 4001 173
1557 1595 1604
1156 4997 4417
872 2979 659
2979 4647 3672
2979 1027 2793
3706 2979 2730
2979 3284 718
2979 2963 82
4667 4230 3699
1344 2336 2029
2688 2979 44
2979 2142 3641
4917 1119 2955
1517 1585 1096
3690 3405 3874
1665 2955 3853
2260 2979 4461
572 2979 3756
2979 1373 3713
989 2979 2829
4501 4763 687
4569 2979 1290
1800 2302 4077
1037 2681 2837
4537 1082 1219
877 2979 4956
2979 3841 3511
4535 2979 4813
263 2979 315
358 2979 2791
4468 2979 1138
2979 3035 3357
4800 257 4976
2979 3408 4180
323 3130 4770
2979 583 1721
466 2979 4329
48 2979 1679
4542 2979 2219
2979 1177 1910
2979 3326 3174
3460 2979 2723
2979 3134 4140
1443 984 4081
4411 531 881
4500 2979 4270
3045 4372 4685
2979 67 1944
2483 2536 2755
4366 2979 1786
2979 1200 1431
307 2979 2661
4646 2538 4386
3531 4051 2259
2494 3570 4395
1825 1641 4513
1587 2979 4533
936 402 791
3953 2979 550
4287 3211 2350
2979 391 4268
560 2979 2069
3843 1589 4987
3499 1463 3241
4797 1979 1827
3035 4746 2511
2979 2698 3570
3603 2447 4801
221 2017 3716
1090 576 2645
2979 975 4513
2944 2979 4410
1505 4457 1964
4106 623 656
3429 2979 3000
280 3560 29
3719 4547 4507
2979 2286 1776
3529 2889 1162
2289 2647 1922
529 1897 2517
3134 4322 3199
4478 2407 751
68 3918 3727
887 610 4639
490 2979 640
3254 25 970
2979 3253 678
1606 2979 1158
2624 2722 291
2979 4640 2493
2979 4020 4816
3573 3221 2671
2979 964 1840
2979 4864 2415
2979 1502 2573
2861 3206 745
424 169 4396
803 3272 4430
1867 455 2847
2344 2979 60
2979 1344 3029
643 1111 952
4805 3234 758
1408 3627 2489
1838 1663 517
1936 2979 564
4689 2979 190
4496 3412 3166
398 4908 1870
3105 3300 4298
2979 3683 4112
1253 352 31
2979 2713 766
3907 4929 2896
3899 2979 4073
2979 1457 3002
2979 3164 3736
2979 1237 225
2102 2979 3690
2726 2979 2028
2090 109 4183
2884 2757 3013
2738 191 3302
4801 635 4219
2979 2246 3920
278 1495 1694
1448 2979 3861
3493 2157 1365
198 3163 2493
2979 3829 1945
3112 1680 1945
2979 3436 2649
3796 2610 1163
4832 2979 2222
2979 3246 1774
2239 2979 919
4692 2623 4669
1926 4822 3335
3285 4560 4268
3133 1605 2384
2979 1098 2350
2979 619 1935
368 2979 1085
2979 311 1735
2731 2979 2993
2979 3929 2320
3901 2979 1819
1749 2979 4332
3100 4420 3709
3359 3202 304
997 4622 4424
2979 1269 868
4625 48 1525
2979 567 3320
209 3117 1708
1893 4094 110
81 3352 3390
342 824 3164
2428 354 527
4749 142 1840
864 4488 4312
2979 639 582
4840 118 4132
678 4925 4983
1489 758 3291
2979 2515 52
2979 1739 4701
3525 2102 1595
2979 3207 4450
1405 2749 1008
2979 503 3529
2979 2974 489
246 3181 1002
773 2762 1536
4456 2979 3067
2979 3823 3498
3064 2979 3801
805 1394 1511
856 2979 1598
2888 4173 3355
1551 1496 248
3248 2979 3630
2979 2095 536
3208 3583 1101
4788 1227 179
2979 2122 2429
2979 645 1398
3651 4484 2605
4434 4421 991
2979 3692 2569
2979 1304 980
4544 2944 3216
2978 2979 949
438 126 2652
2 950 4279
2979 897 4002
3960 3479 2450
2979 1406 4826
2979 3534 3132
4105 6 1724
2979 2329 1769
2979 2892 1086
3767 4468 3096
3716 2979 3235
3284 1715 1832
2979 1518 1632
2979 3001 4420
4410 2979 937
2979 2996 4794
492 2979 3576
3376 2979 4530
1454 2005 2156
2979 1912 2591
2979 4250 2712
1563 998 1212
1023 2249 622
2247 4325 4336
2979 2934 554
1960 4152 4084
1558 2071 1394
336 2089 1900
2936 3611 589
2898 3372 3330
2979 890 2211
3465 4955 1510
1859 2345 2017
2979 777 1160
2067 2979 1887
2203 2979 850
4694 4316 341
2979 727 2919
2979 770 258
478 3607 356
4283 3177 3162
1346 2979 2511
2979 3673 1716
1244 4363 2803
433 1728 4359
1336 4429 3913
2979 3573 2048
2979 3213 274
3644 3993 921
2553 435 954
1976 1873 2257
4337 2306 4767
2979 4877 3711
2979 3067 4990
2149 2485 4862
1411 2979 4027
2979 1489 3689
2891 4313 3868
2979 4576 4537
409 1843 4615
4022 2979 798
3656 3458 2865
178 1146 4826
4711 2248 1797
2979 3233 409
2979 1807 4147
2979 2397 279
339 1001 4146
2979 3165 1801
3905 2979 3704
2979 1823 3846
2979 2765 383
2979 2022 1709
2979 4646 67
1855 2979 3722
2979 1331 3092
2254 2979 4281
1826 2979 1643
4243 3057 3160
2032 3462 1527
2029 2190 825
2979 621 641
3109 3298 2921
2805 2979 2983
2979 4443 854
2461 2979 1495
2979 4554 1820
480 2979 88
2979 4019 645
205 1401 4475
2979 657 584
2002 2979 884
1561 2490 488
4948 2979 75
2979 4548 569
2880 307 3043
813 2979 3668
2979 4829 4031
2694 2714 4429
2979 2588 1575
4874 1716 1231
3338 4485 1252
2080 3094 2956
703 2979 4109
162 2979 4713
1850 2979 4777
1745 2045 2668
2979 4965 3982
2555 206 570
2979 1263 2936
2979 994 1396
541 1710 1785
3536 289 1623
4237 2979 3298
2979 3122 1780
2237 4088 2211
3123 1118 833
1686 3420 3451
3921 980 4941
931 2979 1838
1852 2549 312
3050 2979 2846
2158 2979 3056
308 2979 3520
2979 2221 931
2979 1798 3058
3790 2979 566
4765 2043 1486
2950 2979 3095
4385 2979 2687
530 2251 2670
2979 512 758
2979 634 3461
2421 1911 4541
1997 2796 2398
1151 2196 4566
3857 4074 2444
2979 1090 2038
2662 2979 1552
2517 4856 4099
2979 2776 1830
1248 244 4466
749 562 34
1027 3399 1272
975 4696 3477
2979 4729 1667
2979 1307 354
745 2967 3198
1280 1099 829
2979 4054 3726
2100 4867 3021
1355 3810 3195
2826 2398 896
4392 4967 2680
1496 2979 2806
3630 2979 4076
4264 2270 2533
1230 2979 2819
62 889 2464
2979 2958 4314
4019 1163 3295
2979 4652 2862
4299 2979 4534
3415 2979 4539
4405 3562 3875
2979 3759 4626
486 1946 2742
2626 2979 2086
2979 265 4437
214 2979 3831
3982 2979 1246
2979 4306 1930
903 1978 381
2979 3059 4122
3832 3180 92
738 4211 4626
1038 2979 4215
1740 2197 2367
3862 4093 2163
2859 3501 945
1595 2979 3332
3382 4911 594
2867 2906 1048
584 4954 2486
4706 2979 878
4257 2979 2457
1062 3124 3247
2979 1360 2321
1255 2979 4253
4602 4253 3452
1032 231 2183
1310 98 2474
2979 1729 4244
4428 960 690
3884 4957 591
423 2979 1926
2979 127 2062
386 3424 3473
158 2979 4746
2979 4434 3467
67 3888 2138
2242 2220 4166
2068 2168 1881
884 2979 1798
1026 2979 4477
102 228 2708
832 2979 1927
460 1432 2335
3969 2631 2703
2979 957 4711
3737 3624 290
3715 2979 1017
1095 2979 2785
3727 2979 4871
1087 2979 1978
2979 4512 3611
1727 2352 567
141 2979 2688
846 2979 829
2218 1930 3717
3302 3872 1289
639 718 1321
2979 4825 575
821 3772 41
2979 3078 4848
2787 4534 4400
3710 2979 559
4762 2979 4619
2979 3490 3173
364 1542 3350
2979 3306 3400
2979 2530 4158
2979 3707 4176
4282 2979 4834
4003 2979 4265
3387 582 1743
138 2979 1614
277 2734 4182
2979 99 870
1835 2923 3437
1159 551 4236
373 628 3196
3068 2979 2057
2822 2979 456
3608 1991 1204
4923 2979 1501
3811 2683 293
600 4290 3961
1069 4216 3396
2979 2729 3744
3213 4834 652
3452 4972 241
4599 3556 111
1106 1924 3314
3898 2687 4187
547 4855 3655
1769 308 2623
1625 2979 2325
1254 4057 3667
2979 2850 1646
2968 2849 3318
2979 4675 2676
2979 2140 2227
3841 786 281
774 2424 2451
208 3896 2693
4020 3540 2219
1634 2775 2723
3472 3376 3041
4336 2979 802
2979 2393 4396
1735 2979 3853
1003 199 4776
3181 2979 2265
574 2979 3314
2979 613 1593
3994 4323 3523
2979 1097 277
4138 2979 1435
2979 22 4060
2979 1161 727
3614 437 3443
4570 3879 4016
4883 213 707
1377 1794 3986
2979 1562 296
2506 4650 620
1100 2990 621
2979 277 4222
4408 411 1441
2671 867 1000
348 4114 368
4938 3430 1541
2984 2979 2637
4582 3467 4451
2979 2330 2538
1876 2979 3070
1658 2979 4706
4171 1431 2478
161 4489 3713
4234 1031 4017
1274 2070 1572
2979 4301 1209
4400 2979 2601
1810 2469 2636
2979 451 4685
2515 4616 4537
80 4336 3830
743 3497 484
2821 4027 4289
3435 866 3107
919 4962 4233
1562 2531 168
516 2979 986
3705 2979 2059
2963 35 1597
4207 3586 1262
2979 2599 1595
2979 3951 2999
120 3495 3788
1705 1035 3448
2979 2902 108
4799 3043 3759
2979 3605 4006
1093 3367 557
4295 39 2637
2979 1662 4997
4016 3889 3337
175 2979 260
3187 2979 123
350 2520 2516
1329 2060 569
2979 168 4262
1430 2626 400
3261 69 481
2430 4756 2275
1722 552 4549
2072 2979 923
47 2632 2656
4232 2979 1858
2979 730 1545
1837 3443 3192
2979 1441 743
3492 2979 3876
1086 4504 4500
2979 3087 424
1530 1311 4159
2979 3176 3062
2713 1962 251
448 2603 2632
945 4237 107
3780 2979 904
2901 543 1071
2979 2908 1685
2991 1764 3513
469 2979 1489
2979 837 2701
2979 179 4929
3084 2979 1949
1318 3538 1805
2979 2138 3166
1576 2134 901
1273 1385 1481
3400 3086 654
2416 3492 3931
4228 2979 1657
4996 249 2904
2975 2979 1321
2979 3717 4924
172 4804 2790
28 2058 3309
2574 2979 4301
2240 2866 2938
724 347 81
2979 4478 3180
2979 2272 1760
2979 4206 4304
2979 3635 1026
674 3267 1241
2979 4178 2009
4640 1612 220
1642 2979 4553
588 4777 2155
43 1874 1995
3256 2411 2152
2979 4242 1071
2979 2233 3089
2979 41 4536
2979 1244 2322
602 592 4995
2979 4687 3370
4669 2638 586
1291 2575 2787
4817 3194 4713
1739 3148 1618
2979 1530 699
1414 856 1428
2979 1556 917
2979 149 1778
785 1352 1559
716 2979 4251
3795 1115 1760
2979 3261 2724
2979 2057 2507
1718 2979 1861
1536 2979 3257
2979 4097 3137
2979 3289 2357
2979 1985 1048
2165 970 699
3775 2979 3995
3797 2979 3163
4403 3192 3636
176 1095 1820
2979 785 1366
2979 587 359
503 3379 1181
3741 2979 425
2979 2382 819
1053 2979 1458
2979 515 2958
2343 4527 4535
4461 3291 3218
2979 1060 2939
2979 465 3999
507 2979 4294
4195 4464 1688
1554 3568 4468
3827 1850 3743
2280 668 1901
2979 2930 2063
3217 89 4438
273 2979 1701
3954 2979 4193
2979 3506 3301
147 4552 1357
1413 2979 3216
3098 1519 3862
2620 2979 3671
2979 3362 1429
1770 2979 1080
3014 75 1749
1568 2979 3566
4047 3432 2453
2979 2288 1994
3948 1412 3258
4585 3590 4136
2979 4342 2997
1456 3777 3252
4649 3962 2460
536 3839 4875
1655 2979 2860
4422 1498 2608
1529 2979 3825
4344 809 3018
3095 2375 2563
4850 2979 268
2477 2110 4489
2979 2778 4779
1789 2979 4388
2979 1289 4138
2979 4831 3096
3362 4766 2903
1729 188 1363
2611 2979 3436
2979 1858 1348
2748 2388 1864
3760 2979 2743
2979 1297 1929
157 1378 1085
4117 2979 3255
1202 1081 2673
2551 4575 2663
4132 4082 2429
66 4964 3815
1804 2431 1598
2866 2979 2013
4519 4255 4180
2599 2582 2617
3310 1791 2660
4125 492 4138
1487 18 4531
2979 3986 3277
2811 4803 522
1250 2139 3483
4808 284 4325
2985 4922 3369
3539 4530 3507
647 2979 3716
4739 2979 1272
321 2979 1749
3013 2979 4284
684 2979 4737
1399 3178 3730
3977 3356 4578
748 2979 1370
1208 2979 1758
2979 4224 3622
1527 2348 3123
4045 2979 947
2979 4846 1231
983 4123 3138
2979 3828 2595
2979 1580 1942
1300 4349 3770
1937 4786 2954
1447 2979 2247
2979 3150 2590
2779 2941 2097
3038 3713 3463
2979 3549 2248
2129 2979 2278
2979 479 1110
2979 2528 2910
2404 2979 1402
2833 2979 992
671 2979 6
729 4228 2982
735 2979 466
2612 4143 4677
2979 3410 2037
2979 4784 708
2979 3610 720
1287 694 385
45 1872 4829
4940 2979 4295
234 4104 3029
3635 1822 1745
3272 2979 2348
2979 2598 4179
1459 2590 922
2979 652 1108
4440 4783 4534
2136 2979 3145
3867 425 1494
575 3425 4054
1730 3632 1762
4396 2491 2722
1402 4529 2858
1236 2979 3315
2979 3011 1100
2668 2979 4
4471 158 597
2141 1845 2927
2979 2801 2762
3666 2988 916
261 4367 3235
4304 705 3728
4472 1732 351
3209 3617 1619
1161 517 653
3146 2979 922
2979 3339 3117
2979 276 920
127 4350 3212
2979 908 482
3258 2979 3003
314 3812 4262
3756 823 263
218 2979 3069
2545 2979 4126
3218 2009 1795
2514 4406 427
2979 766 4430
4791 2979 3527
4830 2979 2137
2979 3631 2505
4467 4798 4583
2979 2563 2085
201 1884 4304
351 3075 500
956 2773 2457
1424 2979 626
2979 2259 1063
3515 4785 4492
2979 4131 3617
2409 2979 2516
2376 4502 3253
1341 3511 1450
3116 2979 1531
2979 1511 2625
1191 4738 141
4720 4311 2013
3929 4460 1335
4507 1140 4710
2979 2303 4888
2979 1185 128
2518 4 514
4675 2727 4252
4879 2170 762
4182 1882 4023
1815 3113 3098
1673 4353 1247
2979 4679 1216
2275 4541 2929
384 2463 868
1984 101 2643
1296 4565 1443
237 1876 3117
2979 3098 2519
3926 3790 2731
3321 1996 730
2979 1032 1670
2979 3390 65
777 622 1376
2979 819 4352
2979 953 1560
2979 77 1536
1403 2979 4278
3563 2637 180
2979 734 2425
2550 3223 471
4220 2979 4135
1956 1892 869
2979 211 768
2979 3157 3727
3252 4437 1606
2979 3843 4458
720 752 3532
1275 2979 2481
2166 2245 143
4378 2979 431
192 3585 2236
2979 3127 4291
4203 315 4154
34 4266 2438
2844 2979 1302
2979 4821 1447
3909 2340 2601
2221 2331 4041
2979 111 109
3265 2562 932
2979 3373 358
4205 4376 1783
719 2742 3576
1429 2979 3302
1861 2979 667
2979 4411 4989
1654 4435 142
4990 3071 4902
4780 2979 2043
2637 2979 1494
1584 2979 4132
2979 1886 4491
3631 2010 4671
3686 2979 3390
3370 3760 1430
1514 3460 2819
1305 3269 4318
3783 4066 574
4522 2349 1104
3547 1091 959
451 1829 4794
3277 2979 2474
4768 2051 2591
2979 1278 263
2832 2441 1780
2979 3488 1492
2616 2769 3679
1802 2602 3145
1279 2979 4526
913 4299 4463
1836 2979 264
2225 4930 4616
1013 3330 4819
4494 1696 4078
4342 1687 1636
4482 2979 2332
3394 2979 4350
1512 2979 570
3441 4073 1109
4670 2104 3837
2730 3694 2360
4679 1731 3516
2979 3066 2965
4417 3991 4519
2979 1505 4506
899 2979 848
4406 2979 4958
2979 4126 3259
512 2836 2690
2953 1172 389
667 4067 3889
2841 3154 919
2187 2979 68
2924 2987 3819
3497 2979 4275
4568 4580 2320
2561 174 1664
3988 1689 3039
969 2979 131
2642 44 2321
2346 831 1442
3286 2979 1817
589 166 4756
2979 4621 430
4089 2979 3610
2979 2325 2963
4890 2758 4370
17 2097 420
2979 1509 4612
2979 4741 3048
21 4385 4687
1823 2427 121
740 2979 658
2440 2979 4854
3396 4739 1392
2979 192 446
2238 2115 2607
3093 3620 4805
2979 1849 4844
3776 2979 3749
3322 4564 1485
2979 792 1109
2979 4917 2510
3694 2979 3159
441 1104 2743
2979 508 4171
3171 2979 3219
2979 3849 4190
2546 2979 3522
683 97 775
4989 4219 529
2979 678 4563
2979 2237 1594
770 3049 48
2979 4269 696
2623 2979 3961
2467 3166 4572
3823 3402 4838
2979 1705 3311
344 647 3174
1807 11 1384
4995 1410 2079
2979 3811 86
3459 2979 478
63 2564 2354
3312 2979 3552
2157 2979 4307
2979 2476 1317
3701 2979 3352
1226 2127 2898
2979 163 2968
1391 2979 3903
1796 2979 1682
2979 4137 432
1184 304 1779
4579 3718 794
2979 2861 2215
429 2979 4308
1145 861 743
1549 4249 1952
3069 4641 3357
4803 2979 3691
1653 2979 1823
3997 3397 4962
4861 3727 4294
453 2979 828
2979 3960 174
59 2979 3914
1293 2979 93
2625 3281 2314
621 2577 1808
4658 3806 3444
1590 1348 432
3538 2979 1511
4057 2979 4507
2979 1003 4878
583 2684 2341
826 3601 4844
23 3915 2280
415 1587 4407
2979 4634 3561
3952 2979 3558
2979 2518 1301
2995 2761 1465
2979 1195 1892
2979 3989 197
2183 4412 2512
2979 2453 1252
1409 3974 4990
2979 102 4914
902 2979 1357
393 2979 4236
2952 1136 4542
1965 2979 4038
2979 4876 2518
679 154 2975
2378 1207 487
2979 4526 2608
819 880 4816
4876 2926 45
1016 2255 403
2979 2359 202
2979 606 4468
3908 24 4602
3633 1192 4670
3979 3483 3151
2979 3789 1044
1320 502 60
1648 2979 2745
2101 2546 4702
3503 779 3959
2979 3917 3871
2659 2979 805
3058 1584 1174
2979 4698 1767
2979 1868 10
2979 4451 4501
3464 1902 1996
2527 2979 3951
3126 2979 3645
2979 2280 3998
4153 459 2976
566 2604 4779
2979 1322 1844
2979 4969 3594
3794 2979 1525
2979 4225 3880
4852 1903 4316
3237 4826 4193
4593 4102 2240
2979 4655 1662
4204 1992 3508
152 2979 1124
4966 3062 2337
2979 4494 4003
1179 2979 244
860 2015 1412
4629 3231 4405
2789 4072 2232
2801 4555 4158
1108 858 784
1317 3815 1931
4277 1862 4257
2608 3925 602
554 1644 1356
2979 1802 1181
2979 763 1482
3554 2384 2471
390 2979 361
1076 3475 1611
2979 181 4535
3784 2979 3365
2850 1113 1233
1218 2999 3016
3634 4456 648
2500 506 992
3301 2979 143
332 4459 4854
4398 2979 1597
2979 4462 1020
4131 2651 4641
2979 2449 2055
3509 2979 2905
2979 1120 578
4906 2986 785
4351 2979 3985
2979 2952 864
1816 3813 819
2753 2979 4048
2979 117 537
2979 1734 1468
2979 1058 1527
2979 2928 1641
3316 2979 3898
2979 3354 2424
2142 2576 4303
3777 2979 650
118 2979 1773
1818 527 3442
1328 2979 3224
2979 2828 325
2308 4341 1435
2979 3350 4771
4268 2979 4591
2979 124 3138
542 2465 3349
2979 750 1230
3773 2979 2675
2979 3532 3260
1074 2935 4717
2178 2979 1052
2979 555 4098
1075 590 6
1709 2126 4587
2892 1617 3821
4368 3037 4235
4027 2979 3568
1913 2979 2854
264 2979 1376
4168 2979 991
3748 2979 436
2979 2669 683
2979 93 2280
2455 4744 2561
4738 2979 3215
2937 3316 4966
3144 2979 586
4648 2979 1608
3372 2979 207
2016 3496 3270
2979 4195 2359
3502 1614 892
1278 2381 1731
2979 648 3403
2979 3387 3819
3816 2979 2932
4775 2979 2296
3645 2979 2651
3083 2979 3970
2399 2979 2985
3197 2979 4902
3363 1033 547
3450 40 4953
2979 1939 127
2979 2721 2599
807 701 551
3906 2001 1477
2979 4857 1066
1785 3051 489
4293 4949 2311
2979 1801 4842
449 2395 3088
1502 659 4763
2979 936 4325
2979 2768 4801
4728 1817 4484
2979 4691 4210
4885 2979 4916
2979 1865 1130
2979 3799 3651
1953 1110 864
4691 1609 1374
4858 431 61
2979 1797 2514
2039 4005 710
1833 1306 2862
1746 2979 752
2979 446 2561
291 1234 4390
220 2979 1880
4672 1473 4721
4610 778 2370
3553 1869 1243
1215 636 571
1114 2979 2820
2979 3447 461
1803 3171 521
2220 2979 1694
2110 2979 1960
2979 2519 1092
2701 2979 1428
2979 3500 2729
4260 748 3995
2940 2979 1832
3753 2535 720
4325 2979 753
397 2862 364
4347 4118 494
915 2979 1977
2979 797 4549
2979 2113 184
3938 3606 156
2796 2979 4892
2958 4013 1679
1659 1155 667
421 2002 1806
844 3749 1305
2979 4190 4296
3939 2979 2815
3591 3847 434
2511 4614 352
595 377 3458
2979 1860 517
1419 2979 1049
1045 2231 1108
4399 1619 3062
2385 1749 2521
2979 4986 2189
2979 1747 3160
391 733 3829
2286 930 3930
4965 4702 3606
2979 810 4505
4981 2574 3610
2979 1857 4661
2979 3104 1205
2979 291 1806
2026 3715 2692
2979 759 281
2563 156 4696
1663 2979 2938
4655 1908 3884
2979 3123 1305
2947 2979 1541
2979 1184 3986
2544 518 3529
2868 896 3617
1973 559 4342
1356 2979 3460
4218 2979 3387
2979 2558 1891
2390 2979 4796
456 4959 2406
3062 2979 4641
4063 3504 714
2716 1767 2160
2979 2883 3959
2979 409 1140
2979 3152 995
708 1217 1824
2979 4381 1186
4576 1544 2071
4905 2979 2539
618 2180 2749
4433 857 3784
3590 2979 4637
2979 2077 4264
2979 1966 3030
2979 2991 3009
431 2979 3164
2979 1532 4955
2855 2211 1548
769 1572 955
1371 680 1230
4238 4077 3888
616 334 2706
50 2939 1302
4530 2979 3800
1741 710 2004
3871 1894 2519
2333 1560 1113
1892 2979 1592
4431 653 1560
2979 528 1621
2979 3555 341
3514 2065 2416
22 4606 2038
2838 2123 1804
2979 4203 99
4021 2717 4594
1929 2872 3042
2915 716 4171
2233 2426 3988
2979 1398 3778
759 4031 4210
2893 1087 4067
294 4620 3288
3427 986 4104
1196 2401 2661
571 3220 3736
132 693 2997
1904 1533 2711
2340 2979 3554
2875 2979 1389
4037 2979 1374
1670 2979 2033
3470 4208 1044
2979 1341 493
4039 2979 531
4200 2979 2042
2979 4800 2975
4919 3309 2480
863 1534 2793
1574 4885 4789
2570 3120 4264
2979 4669 1119
4086 1232 3831
506 2979 2101
2979 3502 1035
3455 2979 3658
3449 2979 553
2979 2452 3670
2979 1421 4518
496 4236 4701
2979 3038 3539
484 3577 636
2979 1885 1764
3740 2979 4647
1433 2979 2240
489 3661 2830
2979 1006 3206
3365 2979 4016
4112 2979 2391
1627 534 4989
3138 1349 1429
4369 2979 4797
2979 901 2417
341 2979 4775
2979 210 2263
1478 2979 1079
2691 2294 4872
3328 2979 2469
2234 3537 3817
3845 2979 3402
534 2979 3288
2979 1339 1425
3704 2627 2834
3649 2979 3319
2109 4514 752
2259 2451 4076
4137 3463 3534
2979 2032 682
4308 3785 4741
3825 1445 2689
4779 548 1935
2074 1272 99
3726 2869 4330
3391 1478 1674
699 2640 2579
3961 2499 748
3622 290 1452
2979 4472 1364
2979 3994 3642
2979 108 2066
3186 4151 3914
1647 532 1366
2521 2979 2168
514 2664 4122
3343 3145 995
2965 3371 3456
2172 4583 3229
829 2979 3709
776 1508 2091
2349 2979 3636
4450 4970 937
2979 4086 286
444 3478 4003
1961 4820 4388
1531 2979 485
865 684 1439
324 1389 315
2979 4132 906
545 2979 1757
2979 4626 2954
2979 404 2930
1734 187 214
3042 4220 4837
2979 15 4802
2979 3417 3887
4011 2193 171
3950 3091 2625
2979 3670 3638
4330 2979 4443
2979 3739 2471
2979 3322 3309
555 4444 3887
3544 2979 1281
1025 3188 3057
2979 3507 3057
3674 2309 3048
2979 3820 1704
72 2979 1022
1922 2646 1503
3445 2979 2097
794 1470 3926
2979 3004 4783
242 395 1750
2979 1877 4480
2543 2979 61
2503 2979 4684
2979 2760 2499
697 2979 2891
539 2979 535
4617 2979 2911
4418 1255 3150
4091 4630 3489
2979 1150 2998
4986 2007 2872
3319 1951 1170
2979 2086 4875
2979 115 2395
4265 3486 1408
2979 2498 2722
567 1368 3259
1712 2979 4392
114 4839 3989
2979 4988 2401
2979 38 2017
227 704 4708
2756 1773 67
2108 2049 2289
2979 3941 2563
4150 614 1313
4795 2979 238
3835 2979 1772
2359 3576 815
994 4538 2092
1124 2979 290
2954 904 2552
93 2780 2783
2979 3466 2884
311 1132 2239
2979 547 4374
2979 5 551
3225 3688 2028
3185 1522 906
131 1008 1135
3772 2979 2564
3804 2979 2386
3030 2979 965
4715 91 1673
1560 2979 4023
1762 2979 2830
732 793 1859
1060 3111 2007
1321 2997 39
2979 2234 4346
2591 1777 1100
4532 1971 1027
222 4905 4291
4183 2107 4510
3313 560 3132
2797 2766 3002
2117 4773 1723
2979 1471 3877
4759 1842 2491
4880 3 4631
2979 1350 1204
4122 4952 1790
4334 190 371
2093 1073 2042
4907 2979 2896
2979 4721 4364
1028 2979 3596
3289 1497 682
74 3175 532
2979 4656 4455
2979 2919 3798
3555 2135 1956
3180 2979 2943
3510 2979 3676
4553 1836 3929
4972 2979 2909
2799 2979 1000
2979 2920 324
4838 3088 2226
2979 3664 3882
2979 1921 890
2979 2887 1628
3662 3459 4839
2979 4448 406
3532 345 4681
2979 1178 2416
254 3958 4190
511 2979 3695
2996 4516 2044
1565 4860 1224
3802 663 3100
546 2979 4136
3750 2979 4259
4622 2979 4738
2979 530 4475
3642 3457 802
3657 2979 4099
2979 4660 2141
4939 2979 3534
2448 2979 1040
4977 4550 558
135 1160 1975
2979 1575 3899
2410 193 392
2831 500 4491
1860 2214 4221
2979 3185 3261
2979 707 3730
4065 1364 3865
3627 2979 3624
33 4648 2346
2979 557 220
1116 1275 3692
1702 2321 210
4695 2979 4451
2886 2979 1170
3419 3039 2018
1358 4664 3386
2411 2979 4572
1591 2728 3556
843 1737 4755
2979 1555 769
4748 2979 532
2979 673 3448
3403 2856 1273
4785 2979 4656
2261 2503 2469
2976 1258 3765
1875 3646 1345
4481 282 848
2979 3204 2837
2870 2204 2324
4497 3453 2472
2979 2718 4212
1569 1475 1124
2979 749 3443
1788 2979 3962
159 3805 485
1465 2979 2588
2988 2979 370
2486 4836 596
2979 3174 1869
4281 2979 1859
2415 1742 435
2979 4044 1384
4662 1628 965
4575 2979 2151
2979 2474 1640
1353 2979 1964
3749 2979 1991
16 3780 1496
2979 914 2423
1473 2979 2663
1362 2267 1667
2979 4277 952
1099 2979 735
1140 2979 3148
1150 3687 2220
2232 3114 4924
4499 2979 3770
1012 2979 2292
3374 918 197
2471 1342 3313
2587 2979 1907
1412 2979 3127
2846 4586 3410
452 2979 74
3292 3712 2762
4028 3854 4488
2979 484 3196
3044 3970 3585
434 408 2268
4809 2979 2186
1910 1439 4422
4126 4202 1904
2979 1953 958
4796 1685 3484
4235 2979 4721
3021 2979 4639
2377 847 3573
2979 717 1122
2282 52 1644
3866 4998 1444
2079 4705 1917
2979 2559 3306
4169 1290 1632
2979 3903 4772
3863 2979 4354
756 4221 626
2979 2894 1731
660 3679 10
1713 1225 3071
1681 2979 1433
2979 2751 4880
2979 2800 3348
1958 3348 3999
2263 783 3242
1509 2269 4410
689 4557 2712
2979 2121 2268
1009 4940 1254
3330 2979 2271
2912 3533 2626
2979 1264 3027
796 2466 2303
4290 2979 2301
815 2979 831
3983 1941 3010
3025 223 718
2979 2624 1691
2979 3201 3674
2782 2979 4436
2979 4944 4699
3968 2979 1438
2979 4602 3041
2990 2979 2711
4148 2360 4911
2979 296 3499
2921 1026 4331
3828 3274 4946
468 1055 3226
2027 2979 1259
2160 3971 3639
2979 4157 596
97 2979 4004
2367 1919 3895
4868 1282 554
2979 849 2568
1149 2979 4078
2979 314 2950
2979 1634 4026
2979 4113 4330
3998 2979 1114
2979 4010 2652
2685 2067 4945
1894 2979 185
1703 1046 1896
1011 2979 1512
2979 3358 1373
1539 2979 2399
3170 2885 753
842 2979 3746
1869 2979 161
4862 3337 2186
3771 164 123
4192 2342 478
2979 23 2840
4891 2692 4661
1753 3498 3892
654 4824 2343
4884 870 4227
2979 4365 3093
2979 1768 3931
1192 2979 896
3408 353 746
2264 2979 730
4128 3364 2966
2979 1709 2384
1533 2979 4467
3477 929 958
1491 2774 3924
477 791 3668
4296 2979 3318
2979 4536 4804
581 1147 2119
1210 996 990
4371 2226 3171
3847 2979 597
2645 4637 250
430 3851 1063
2979 351 3240
38 1840 1641
3914 286 2149
4897 4490 4734
666 241 885
4909 320 4002
4722 631 1593
1736 4332 876
2979 756 3494
2184 989 2815
1259 3891 1422
3900 4762 814
2366 2979 754
535 2285 3651
921 3804 2889
3300 2979 1515
3059 3681 625
2979 696 26
4061 358 120
1791 2979 2135
2035 2011 4608
3381 3169 2624
4967 2979 794
2979 4405 1503
4913 1403 135
2979 3296 1864
556 4827 320
356 2979 105
2979 3890 1496
3616 2979 140
961 1450 2178
4677 2979 3150
3650 3266 2932
4273 846 3034
2186 3657 1594
1777 2979 1477
2979 4371 4219
463 2807 1701
1436 2979 4155
2979 912 3228
2979 501 4710
1457 4764 2263
1036 1564 3762
4865 3922 703
2979 4119 3628
586 1064 4477
2695 4130 4384
2979 4293 621
2979 1305 1724
601 2979 3234
612 4500 1639
3891 2979 2517
1651 2979 1999
2979 3592 4945
1292 788 2569
4058 1935 3233
2979 2679 3015
841 2897 2845
330 2979 4272
3299 2076 176
1050 2979 3847
2979 201 706
4319 2118 1068
2770 2979 4922
1550 1308 3763
2163 2979 79
2147 4812 4203
1395 2979 3451
3270 2979 1485
4873 219 4802
4096 274 1668
4976 2961 3336
3764 3700 1468
2979 3795 3263
2979 4047 687
2783 3593 4411
2979 3044 4838
233 2979 4700
180 4524 184
2979 2699 4380
2979 660 1729
2979 2117 529
108 3696 162
790 4383 3987
2747 1639 1192
2979 745 1313
2549 2979 1790
160 2808 3746
2979 3482 4966
203 2979 2871
2979 811 1410
2979 3846 3227
1548 2979 4694
3747 3353 187
701 2979 3607
3720 4639 1721
2979 398 3555
4409 475 4620
2979 4149 2472
210 215 4914
2979 3912 1841
1607 3701 4173
2979 3652 4815
1043 4510 2598
2979 3911 3981
3653 1437 3180
3023 2979 3835
2979 467 3453
4937 2979 693
2979 1214 1113
4514 2979 2303
3586 2979 2894
1599 401 446
886 3835 4880
1677 2187 3433
124 1998 257
2979 159 2236
2273 3660 3169
3575 2979 2397
1676 3984 3903
1500 2979 2956
1188 991 4694
2979 4122 420
2382 873 1472
2979 2376 1980
71 2979 1636
1969 2004 3611
2086 2863 3069
3551 134 3749
2979 3743 630
1593 2979 4606
4557 2979 1344
2222 3575 327
4069 2979 2961
1019 4476 4974
2357 2979 3550
2979 3648 271
235 217 3361
2979 2568 3954
2979 2826 445
1174 1330 3050
2979 221 3084
377 2979 542
3327 3931 3558
2422 2979 111
4893 624 1571
3587 2979 971
4878 2096 461
2979 863 4683
2312 2979 4965
2979 4715 4891
2140 4901 4662
1101 3821 1227
816 909 907
2979 2354 4216
3401 1756 2062
992 73 1630
850 2979 4609
2979 3867 3708
2979 3179 3743
2296 1183 493
4991 4706 1402
2394 3388 1116
2118 2979 1045
4712 1138 1467
2979 1299 608
3424 2979 3450
3853 1494 1391
173 429 1609
3124 2979 3136
2762 2979 1309
2979 3990 1027
1896 2979 427
941 4339 2880
2474 1504 2391
346 3744 4072
2979 2851 1061
285 2979 273
2819 4907 832
1525 410 4977
2979 3913 2025
3693 4109 1292
2979 571 280
2979 3516 713
2825 3160 1119
2040 976 2669
2979 3884 4041
2979 3693 107
283 2979 4959
1212 2979 2559
2979 251 1062
2979 2686 3599
2473 3612 1054
3067 1034 2248
630 1698 3234
432 4782 1277
2979 1218 545
4645 313 460
2979 3186 4498
349 129 292
1851 2024 3712
1970 2979 2623
676 3191 2948
521 3434 4358
965 248 2365
4787 2979 1013
2979 1745 3229
2197 2979 3507
3366 2979 1174
4980 2678 3570
2979 4727 2903
163 3323 3560
2979 4307 1839
2979 4730 2324
2979 2238 3519
2979 1491 783
869 1826 2885
1468 2979 3509
4664 2979 3345
2871 4282 3255
2979 3419 1082
1164 3882 798
3236 203 357
2979 535 357
3473 2979 351
2856 2979 1530
3358 184 3568
247 4945 2745
2536 2979 826
2979 2406 364
2908 95 3726
2979 3237 2434
3522 3959 3630
2979 4105 1520
2794 4172 2839
4345 3205 82
2979 2566 411
2979 2621 955
90 301 1570
2979 3470 3094
2077 838 587
260 2979 2040
4571 2979 1234
3648 664 860
2979 2682 3960
2879 2031 3402
3530 539 650
1423 3558 2851
2351 466 366
3609 3886 4905
1325 2030 1994
914 3781 294
1054 2979 653
2979 1591 1240
2979 2033 2603
2313 2525 1662
2022 1243 1943
1195 646 1489
3384 2594 4636
2979 2837 4107
3765 3736 4634
2979 1367 1741
2244 2979 4873
2979 3249 649
3034 1861 3540
892 4588 3067
2131 4942 2998
1187 3015 3221
964 1182 722
450 2979 4554
2153 2171 2686
2979 3505 4952
2979 711 3788
2322 2979 435
367 2979 1808
2979 2777 1548
27 604 2229
2979 935 4593
2979 3073 2267
2979 3531 4488
2979 3003 2731
1008 2979 4233
4384 2979 907
2479 464 3943
4591 3545 3035
3822 113 1410
2528 3801 4906
3971 2979 51
3108 740 155
2979 1853 3369
4424 3544 3962
46 3998 2963
4056 2230 18
4819 2301 3267
959 2979 1338
2979 2677 2486
1971 2979 913
1488 2979 3295
3668 3968 3838
2613 2979 2315
2564 2979 511
3521 3468 2942
4835 3861 4334
1849 2650 1546
2979 245 3629
1224 2639 1666
2979 709 3200
2979 4906 4781
3304 3257 1972
2979 4844 1799
2979 3450 1766
4737 2979 114
2979 1810 2246
2597 4458 2323
4469 4055 3901
2489 1400 3084
2979 658 4923
1801 4386 4284
851 4084 2414
2979 4697 2029
3350 2795 4544
4716 671 1978
10 1638 4310
4751 1198 2594
129 2979 2821
2979 4431 2004
4487 842 1209
681 2979 3039
2979 1340 254
2979 1647 3531
2979 3745 2768
2979 3363 1123
3947 1666 3635
4412 2979 3410
1268 2979 959
2979 1023 745
1343 2162 131
2979 4968 2845
171 1697 401
1799 2979 1460
4354 1476 2514
298 1391 2137
3792 2979 3829
4302 2979 4986
2584 2950 2006
4935 2979 1358
911 2322 584
4837 2399 1921
4772 2979 1405
4267 1284 4131
670 2979 2728
2051 2979 4094
2979 2914 3481
3466 2369 3363
795 2979 4157
77 2480 4192
2979 2810 4811
1708 2979 2879
2979 3136 4260
2933 4033 2935
3418 1967 3552
2209 3944 4031
4068 3667 3594
2872 2979 574
2458 3517 1518
2979 4519 3192
2979 2625 3308
2806 1830 367
4511 3580 2131
2979 2995 3050
3336 3050 4314
625 2979 1256
2707 3721 3505
2227 94 1234
2705 72 1236
4340 3649 1703
754 1142 4665
140 1593 2315
1072 13 3605
1094 2979 3575
2979 881 4906
2979 3047 4303
1277 4018 2124
2979 3029 714
1376 4680 1088
2979 2865 523
4960 2979 1673
3318 767 4772
4968 715 3760
2979 3817 4805
56 2979 2370
2661 1388 448
2904 848 3899
1425 4718 4420
610 2979 4638
4014 3415 79
3849 3149 4387
2432 145 1533
4035 2979 1564
4947 2044 384
3700 2979 3532
2417 2279 2426
2813 128 2576
2123 2979 3471
1052 3855 1215
4006 2979 3007
3087 1165 2933
3168 2979 654
2061 2072 1457
2979 1257 2393
3959 2979 1845
2588 4227 2785
4951 378 2008
4963 3312 2105
3290 1453 56
2979 4139 473
2979 4467 2360
2979 3305 1604
2979 2839 3158
2979 4445 3679
4361 1531 617
4608 1313 1431
2979 65 504
4589 1645 3364
2839 2114 769
1001 2979 344
1941 2979 4583
136 2210 3527
3498 2979 3114
2009 2979 3083
4560 2979 1294
626 3565 2930
4623 4059 4255
2979 208 4621
4495 2979 3712
79 4218 968
2979 4181 142
524 509 1482
4774 2979 4113
1154 2277 1940
4635 2607 1980
1793 795 4458
1127 3394 449
3007 1655 820
2979 1335 1093
4144 2979 3556
4896 2979 4852
596 2979 1270
3489 1570 1207
2979 1537 3210
4822 2979 3732
1882 2979 4673
1737 2979 4897
3297 2979 1419
2979 2555 113
1624 1712 4684
1261 4780 4552
2979 1618 1571
2979 2339 4387
3345 2979 1467
954 928 4126
3682 698 2639
1631 1999 4738
2979 4133 3646
4263 2979 751
1141 603 1492
2979 1785 2719
4982 2128 537
3174 3097 1751
1966 107 4612
2979 594 498
2979 294 1152
4445 3340 3564
2979 4539 2533
615 3658 516
419 3429 4139
1327 2979 3085
2698 1427 2985
4698 4161 1413
3856 469 4695
4000 1323 4700
1738 1899 583
2979 343 1946
1439 2979 1002
725 2979 3107
757 1480 3311
1306 2979 3337
3746 37 1040
2979 4433 4903
343 688 1274
2979 3719 422
891 2979 2669
1649 1913 2505
3858 2056 1569
847 2979 3688
4254 9 826
2979 1377 652
4724 533 2136
392 1925 3278
2979 1792 558
389 2979 1751
4206 2291 93
4814 3146 3224
2979 3536 4756
1909 1363 2000
4536 3024 920
3889 2979 1254
2979 1076 224
447 2979 3463
4274 593 2606
3855 2979 860
2979 4176 4235
2215 2979 2683
1968 3308 4988
1932 1158 4356
3606 2979 3395
4815 2979 2306
2372 2979 328
2979 2813 3323
2979 4749 1551
2151 1748 2182
2979 1004 4201
2979 4201 4137
4119 3243 4796
190 2979 3213
3692 2189 4748
2814 2979 371
2228 2250 4196
3453 2979 2379
830 202 3471
4932 2979 4466
2979 306 1365
1678 2979 1697
2979 4670 1782
2873 2979 4933
3604 1625 4605
4313 2979 4489
1017 3328 4117
1130 3454 1869
2229 2784 2824
3094 2979 4887
3870 2979 3717
505 546 2255
2979 3561 1265
306 4036 4094
4157 104 3152
1460 3840 3263
3675 4939 2055
1575 3638 4483
2542 1658 1259
2979 3858 3465
4910 3594 4374
897 4108 3689
2941 2979 500
3751 2979 4853
4671 3881 2151
13 2979 4077
4729 3878 1110
641 2979 4901
768 2979 2136
981 1334 2040
2523 4914 2383
2979 357 881
2979 3908 4754
2047 577 1567
4956 2979 4741
2979 787 323
2979 483 1901
1728 2979 1762
4214 26 4
4071 4740 1954
1779 2979 2795
2015 2979 4762
2979 2489 2018
2979 1247 4054
4327 3637 4382
2979 1771 356
876 4168 1454
2063 2368 3744
1839 2979 1775
3945 2877 2196
2979 1527 3855
4970 2979 4640
2979 3293 4872
1507 2979 676
1524 473 4536
2654 29 2002
4665 4482 3785
2979 3040 347
1126 1208 4731
2121 1134 2950
2979 324 607
4554 3897 546
359 641 2336
57 2913 3354
2979 1249 1581
4717 4167 1425
1240 1529 4922
3385 2979 3028
4240 1128 2768
2979 197 957
2979 4808 3516
4224 3331 2278
2979 3653 784
1438 2979 4117
2979 4071 4541
1204 3445 274
379 2979 3745
1006 399 607
585 3695 3261
2979 4192 4727
2979 2479 4089
2979 2847 3699
1066 2696 3648
49 2979 885
2979 3045 4484
1848 273 4674
357 4103 2059
4152 2979 3585
3234 2979 4976
2930 2475 407
2979 1673 198
993 2942 2675
2979 2832 998
1271 713 2649
2979 4870 4241
2979 3669 969
4127 1327 578
2979 3672 1392
2715 1914 4259
4451 3212 140
840 1345 1327
4714 1179 635
2657 2565 4270
4914 2979 2133
4549 4037 611
4046 4439 2135
4604 2979 3407
2276 2979 2364
1302 4545 450
2979 1037 4335
4190 4572 1828
4558 2844 712
4841 899 518
4666 2497 2479
3480 1682 4453
2979 3318 4224
3989 2567 1447
2003 2390 4263
2979 3796 350
4473 2492 878
4950 3863 4346
2979 2507 4298
3957 417 359
801 2979 4183
1472 4896 2173
3588 1379 741
2979 312 34
2979 1043 1557
2979 1347 460
4301 3865 4939
2979 2522 749
2383 4633 4286
