1
4999 4998
4356 3807 1223
3002 4650 625
3142 1943 3672
2150 2454 3600
4947 1587 3248
862 2821 587
657 4989 3308
573 3472 4691
879 3716 4402
989 2970 2151
3618 514 4070
4147 4486 3478
790 2103 3630
3495 4568 4394
3889 3937 3095
1008 2882 3512
563 1880 2372
1782 2536 3644
3752 2734 161
3211 3530 3628
341 4107 2242
787 1730 925
3991 4335 1543
4867 2070 3833
3896 2830 1927
1754 3494 14
1741 858 2312
249 2649 622
1738 536 683
186 617 4376
3473 3823 2164
69 4464 4546
3681 1918 3673
2621 4743 1300
1715 522 2006
4674 3548 2931
866 2013 4035
2141 2167 1510
590 4533 3984
1382 1407 169
1066 4087 4700
3999 3012 3485
380 1122 928
669 778 1267
549 1048 544
1325 2185 1803
2814 2622 1628
738 2686 2830
2785 4203 966
1059 1742 4617
1859 1690 1812
505 2195 2448
1192 4026 90
4274 4135 3071
4978 4976 2369
4011 337 2831
3723 731 316
1508 950 996
24 1854 2619
2300 3787 3586
4163 4514 3867
380 1442 2253
987 889 3499
2887 218 3659
4847 2051 2859
246 205 3913
34 505 417
639 3871 1729
2951 2546 607
3604 4466 3151
4681 4726 2352
1432 977 4606
3679 546 3816
4368 2251 2404
666 3637 881
3193 4887 3020
1728 3597 3718
1911 916 535
3958 979 2988
2119 1868 2658
2275 2942 3251
3573 128 3367
1004 1546 701
3173 4538 3802
3898 2472 2998
1373 2047 747
3156 2192 3313
2118 3665 1395
3875 2629 1506
2942 1234 364
1156 326 982
3972 46 2862
1645 4497 3541
2109 4786 4289
1837 98 645
4638 4683 4261
3793 3556 1985
4457 155 4492
4479 70 4951
4448 217 3987
2330 329 1167
3077 1831 3631
3478 2292 1206
1552 970 1253
4486 3101 4065
2987 3994 2916
2828 3010 4375
4576 313 4345
3047 2424 3908
3173 1939 710
3424 2704 2024
4501 1357 2387
591 990 2636
4156 1624 49
3990 4541 4713
888 2608 1980
568 4727 703
1759 1008 737
1492 3006 879
653 4913 4154
1600 2716 4257
643 3271 2005
2632 668 2142
4245 4739 1150
1676 4229 3002
530 2565 134
4602 3139 1967
1242 431 1317
4519 762 3131
4971 1531 2340
3946 2611 3735
4735 510 3122
2944 3182 4991
2813 345 1138
3177 4556 743
3550 773 4786
2180 3696 3907
3099 3364 368
1873 2833 2266
3500 2760 4520
1027 1597 552
829 3694 867
181 4536 4648
1222 2060 1879
3795 3908 874
1554 3450 2021
880 4713 2114
410 1363 3903
4557 3161 2891
4977 4948 4343
1997 399 1139
2612 2280 3993
435 3641 2444
4556 3385 3258
2112 3841 716
4446 2514 1759
3993 3499 329
81 4899 274
896 1987 1045
3923 41 4775
382 3059 4448
3946 1176 3582
547 3186 3166
3489 3390 3402
3686 4736 4997
886 1273 4928
297 2597 2076
1492 2340 2268
1295 4720 4429
2728 3515 2791
1274 1745 3464
1968 3414 4824
3885 4154 3697
840 3838 1299
95 4330 2347
1901 4244 109
874 1777 3287
1319 1625 2551
1073 1123 3137
535 184 2660
2123 2877 4874
4231 215 1657
1739 384 1054
3310 394 3128
3467 696 2875
616 1830 2923
674 692 3657
1737 2288 772
4976 2693 4374
3872 4292 3141
1595 1251 488
3343 50 4301
4365 147 1838
2002 1627 2400
462 2134 4896
1705 4755 773
4714 4152 4426
1156 632 2370
1386 1643 4764
4283 4296 383
1027 2412 2812
4200 1222 1958
4993 551 3747
1083 3868 1472
4262 813 205
1550 2271 4628
795 3083 1177
576 3886 564
1343 2348 3120
3883 1013 961
4265 4420 883
3975 2660 1645
332 1808 2646
4714 974 2019
3461 4660 2464
1644 1360 342
1672 2843 3578
2424 1310 2613
3948 162 1043
2787 1031 4306
272 952 4270
3856 3032 2786
2725 2354 1401
1883 4481 262
1856 801 4709
2177 3552 176
4425 400 3310
2561 954 857
4038 2189 4853
2547 2500 4159
2699 4085 3440
616 204 2159
4955 500 1664
4336 1435 4574
2369 3159 2869
3462 4022 1618
2027 3651 4089
1573 4230 2176
3881 3175 1961
4869 3068 4985
401 3693 1941
57 3575 4875
2270 2356 4729
216 1716 2825
478 1761 980
1999 4911 4666
3155 4394 2441
355 4512 1904
4941 3668 3169
2581 4368 4647
3234 4920 2147
3053 4747 3973
1780 3184 580
3125 3607 1830
1442 4677 2768
2456 1628 2188
1543 4137 2469
1572 3060 631
532 4455 2714
1858 1258 425
736 3322 4564
517 2858 416
3623 3644 2669
4885 4251 2857
1331 2531 3080
2193 3705 3839
4897 2360 2806
4920 137 2325
3690 3398 1902
4971 126 3982
2638 3882 2110
3770 2461 810
4965 3005 4179
1230 725 4355
4452 3954 638
1345 3382 3282
94 4221 2653
188 1883 2221
2084 1044 1190
4799 1245 3507
4673 1019 656
3611 3419 878
1448 420 1193
853 1298 970
619 4438 2250
327 530 2324
3162 4342 2298
3228 3555 4419
2247 1394 4884
1805 2569 405
3887 4539 4594
3271 3427 2815
385 3702 4161
2879 4933 1533
4923 4754 4114
4554 2728 1050
2085 1393 534
559 3640 4635
1882 4801 55
705 4831 2047
2742 3738 2937
3028 2358 1433
2336 4412 3660
4069 1254 3426
2515 1917 3436
2692 1541 1828
2587 3301 4537
957 942 131
2064 375 1368
269 2489 4578
1165 1526 932
3926 2076 353
4006 4958 2030
4258 2276 648
1332 777 2454
1890 2517 766
241 2059 2100
4136 3310 1112
4091 1991 4014
3010 3973 4965
126 1563 1123
2029 1644 3561
4194 3991 2309
1271 3897 447
3266 2252 2240
4797 2018 2549
3902 1445 1272
1189 3313 3484
2794 502 3202
2426 1876 301
1239 2258 1521
3837 412 2968
2969 63 3044
4171 677 858
494 222 4888
4410 896 1497
4102 2000 3603
3627 926 1219
4173 4963 3601
2798 3344 1004
2721 1106 1668
218 265 1991
4656 1406 4297
3132 3209 380
3311 2033 4222
171 4867 2077
175 2337 792
933 2913 731
3989 822 3191
3983 4856 4417
2378 328 415
1958 4076 4967
158 2605 251
387 100 2043
1115 4106 1332
2454 2815 1483
3657 3452 436
1169 4155 520
2698 2645 4957
2996 3484 4535
725 2477 4377
805 2371 1404
3610 2341 4822
3222 4006 4475
4139 3408 1484
464 2420 4757
164 4195 3412
3247 4024 33
3836 3615 3291
2901 2571 87
2840 776 994
4512 3214 827
2032 4833 3954
1838 1873 1118
2664 3067 2893
323 4326 3574
1674 2312 2016
4290 1112 4124
1489 17 4747
1896 1919 4536
2338 3726 47
3831 1753 1229
372 3772 1968
3332 3754 685
1164 3439 1293
2713 3723 2010
1351 2799 923
1217 1420 182
3905 3681 1597
939 1724 1166
4054 1169 1975
3919 3453 1992
1057 2244 3925
524 1308 1567
4046 458 360
616 4940 4623
1555 2193 3049
2334 4588 4963
1098 2918 4516
1844 274 823
235 1543 4296
3900 2955 2774
1913 1590 2295
1916 4320 3780
3942 3873 1881
2113 3816 2974
2146 436 1301
4860 2905 2517
194 2521 4240
3045 4015 2410
3815 2136 286
1081 2991 2223
3623 367 2153
1605 2388 67
2014 2966 3629
1896 3196 42
3662 4658 734
2659 1767 2364
2635 4814 4020
1922 4260 401
417 2702 227
1714 3911 4338
3093 2939 3198
3128 1659 2265
1012 202 4723
2303 4083 1551
4463 3612 2202
4551 3639 1085
3284 1956 3443
3111 3800 3520
3064 114 406
1822 1462 3296
1268 229 640
746 4734 722
4272 474 1283
1251 1700 1798
277 1072 1391
2111 255 4838
831 4564 3278
2306 76 1377
2982 3058 1081
4841 2662 4422
196 1141 2231
2830 3611 2045
3577 544 1441
3885 1193 4792
254 1486 2803
1835 2682 2938
1482 897 793
1248 2361 4502
676 3245 1393
3551 817 1102
3199 3635 524
891 3064 237
1964 414 3577
4549 3306 3108
56 3697 742
3008 3539 4869
4605 2483 3181
4313 3724 3943
1740 4678 1595
2673 1955 610
2733 2225 2996
3692 1748 1614
64 1721 4906
2601 4505 1581
208 2849 373
1034 2295 3016
3437 2332 759
652 2347 1700
2991 2574 2572
3611 959 955
2909 4116 2735
3168 1238 503
1144 3425 699
2746 4143 3208
4431 3136 188
2518 1524 3405
2612 4570 4540
4001 3536 170
656 1510 139
1069 534 1835
4787 4902 4916
2418 4552 3368
4375 4491 3331
1013 309 1266
1940 1785 3027
4229 15 2762
803 279 3488
2455 4217 3936
4086 4223 4334
1000 2762 3314
1303 160 1885
1892 3813 1476
724 2773 476
940 3667 813
199 2233 3259
348 515 1913
2633 364 4333
2092 1352 1610
1954 3118 266
4447 1201 3801
3234 449 249
4094 2255 4890
3454 1768 408
372 4383 4163
4954 4359 2955
2351 2457 2199
4203 4182 2247
280 3330 2157
3016 4071 4883
3615 2559 2193
206 584 781
2318 4593 2911
1049 2235 2553
1054 2690 811
4325 1198 3496
1447 53 4934
614 285 4562
3628 2494 3153
607 1905 58
1557 3689 4818
1864 3812 2683
4870 1076 3549
2926 1660 2518
1873 4028 512
1409 1162 2985
4697 4242 4263
3071 4823 3589
901 2826 2074
4925 845 4879
4056 3532 2073
3346 357 1635
2547 4637 4599
4491 1651 1051
1617 4665 4614
3852 1350 3256
2393 3578 3341
4454 585 2883
2291 3212 3656
3090 139 853
4472 4011 4134
1608 2345 1539
2183 1574 4496
2090 4354 1244
178 3678 2979
1322 3087 2583
2583 2364 3731
3709 2423 4821
3895 673 2496
1261 3138 504
3179 134 2437
4136 2416 712
71 960 4173
2934 4591 696
3097 4378 4278
237 3918 431
1320 3547 3467
381 2526 4095
4251 1898 1568
3349 2389 1847
558 4365 4602
4929 1776 2244
4576 2048 3294
1304 1947 4136
778 1359 2484
1834 325 4131
4526 4370 4986
570 4103 3575
4180 2365 410
1800 419 3620
1993 4094 1068
2479 4654 2190
2575 2231 3614
4023 4850 2319
3232 3448 3855
2701 4624 4622
4086 2123 4310
3535 2042 30
764 4419 1224
292 1304 852
2384 969 4663
2503 3200 1724
3439 785 1997
42 4086 135
19 674 2693
210 1580 2067
3790 4069 894
1071 3613 2776
4722 3202 694
2561 1094 2015
1287 3819 3359
1247 723 2363
4987 975 2102
1409 2037 557
1145 4639 3322
2486 2157 216
1071 4067 4776
1845 3434 2544
2292 3194 197
1757 2912 4944
202 4876 3003
3051 1667 2311
4534 2623 618
1876 4725 2639
513 639 2585
1782 1938 4282
3729 1090 4558
4935 1505 1945
4618 2450 1464
813 4623 1756
427 382 1767
3570 1082 1821
3957 3179 1666
2555 2309 1470
26 4245 1421
3574 4392 2556
2760 2764 721
1214 2491 1584
2139 3581 4358
1057 1351 1918
4726 4178 2375
2050 2439 1680
58 2085 3149
2212 3506 1114
3188 1886 4811
2269 338 2427
2453 1553 2008
3584 2543 3955
4219 3192 3599
3988 2989 4686
4616 327 3286
362 756 654
3219 895 4589
489 2379 3553
1422 2151 3132
3011 3042 2482
355 2825 1794
3255 3551 4464
2585 3124 104
270 4470 2119
138 2910 3937
478 1267 3460
4119 543 229
2887 2987 988
4643 2945 1624
667 1999 3779
1830 1236 4160
696 286 3957
703 643 3682
4185 920 1435
2147 750 4111
3425 3767 1397
1328 507 1762
996 4404 3637
2761 4316 1415
3021 2108 2854
2236 4050 280
2735 3687 299
544 1116 2769
99 1946 1873
3825 2953 780
3297 3353 1079
1769 4073 1031
1733 4799 2128
2322 1144 2943
1320 12 1757
2950 2506 4404
2331 465 1198
1900 2054 601
1881 1537 1358
3968 1421 585
2615 2133 1014
4500 2957 2604
193 4499 3559
3282 475 4868
3075 97 2054
2875 4341 1025
500 4532 3083
763 310 367
658 1338 2642
3916 1658 1516
858 4957 3319
4367 1441 951
4804 461 4137
3406 1565 3126
2743 576 3570
4311 3620 1336
153 3797 3800
2707 4362 1950
553 2537 4073
3583 3033 752
215 1927 4157
651 1683 4145
294 1729 1376
3069 3904 2189
4309 1703 569
2886 767 1411
989 4631 4749
2211 531 4433
4573 1134 1648
856 4859 2395
1820 3305 4276
1129 906 2216
4024 1539 370
1831 1281 2948
2671 396 4946
4401 4909 1682
4728 2978 2905
1974 797 909
4442 234 3597
4419 1754 4211
78 2024 4519
1319 4381 4596
1681 4910 3708
1551 2310 2361
3707 3560 1152
3026 1977 319
2076 223 4806
208 734 2169
79 2084 2449
1396 1336 1699
2233 1866 804
1855 2659 2025
1571 355 4778
4348 1846 1695
1047 1314 1390
3257 4270 4830
3402 712 2925
4831 2604 2174
3536 1379 4326
2276 2860 494
1449 2400 579
3862 3031 458
2535 1032 2900
3564 2759 4183
2001 1354 2133
718 3780 80
3503 4508 1316
2819 2790 4899
522 1434 2949
1756 2145 832
3454 4745 1342
634 1268 3671
1827 2474 4692
4634 169 3864
4706 1853 1070
1095 3116 4982
1719 64 3047
4008 1083 382
3577 2327 2847
782 612 4286
2306 320 1281
3737 4889 708
3439 3740 3980
3063 1163 392
4447 3942 3431
3050 361 1278
4352 2668 269
2044 933 4501
649 708 892
1146 3670 673
2667 2996 148
2656 911 1629
399 1718 870
421 1058 4820
541 2524 1586
3419 2515 4412
1630 4016 2433
2996 3850 1419
1574 415 1236
2115 1845 1234
1473 2993 3247
4633 2769 3856
4514 479 2598
416 1125 2887
1219 4882 1962
461 3394 2172
174 291 4819
4480 1427 2764
4030 2268 1630
544 3627 1596
4002 4442 2197
2408 559 3811
1856 3204 2329
3006 2021 4793
4778 3795 2064
3168 866 3417
4961 3970 4465
4632 143 1504
554 4600 439
3057 2440 217
99 2553 609
916 3228 729
1647 2789 4142
2957 3043 2538
1162 3832 3879
3594 3840 1559
4493 353 3088
3797 2462 1361
497 2992 34
4851 1349 1022
3555 3008 1035
4763 304 3265
1001 26 3965
4210 1570 2315
1814 4621 4571
1765 3311 3399
4463 4357 3304
4063 3685 3522
4388 2174 854
2147 2501 3824
693 1102 3220
2409 4531 987
4789 844 4248
4255 3017 4953
918 339 584
3265 3580 1558
3237 3433 2380
2108 138 1536
3144 1049 4256
1258 1119 522
2434 711 2533
2213 4858 3445
622 4290 1849
119 2602 3789
412 558 1988
3672 3157 2890
4841 3987 2872
2407 4965 3299
2073 3594 3389
2770 3707 3473
3348 4685 2486
1752 3768 2161
3964 2003 3970
2151 3672 1268
2242 3104 4586
4311 1009 4926
3061 4150 493
2943 4117 1633
1842 3890 2341
4194 4671 4132
4285 3713 152
3100 2428 4658
4935 3096 3698
1421 2813 1665
4434 3599 4262
3599 1655 1360
4447 1232 1422
1064 3277 908
2400 1391 3058
2240 3053 4542
4187 732 1780
49 3619 2158
3664 4161 225
3537 4622 3209
2162 1600 965
2539 4007 124
542 2887 614
320 4057 3148
1704 3443 1588
2103 2480 4933
1483 2742 4804
2876 2291 573
620 923 4323
2003 946 4665
1642 40 1569
3620 2518 1247
1267 3235 2687
3688 1302 3139
415 3211 2286
3349 1872 981
3010 1653 2577
3013 264 4198
2403 3134 449
2561 2595 2214
249 3493 3211
46 3573 2540
1886 847 3438
1388 1840 2868
351 2315 2751
1420 2930 4149
2668 2078 3548
3453 3106 4720
4222 2127 3250
2705 907 461
760 2701 1406
2212 1443 1775
554 1166 1644
699 3009 1454
2672 2740 4474
3069 3793 4459
3083 2794 3710
619 4400 119
1238 2699 4667
2273 1738 3288
2166 4146 4311
3098 857 1338
4163 3728 228
3669 4408 3471
2185 1223 312
391 2737 4919
3287 3314 3898
4279 4661 120
4312 432 1928
2564 1894 1049
3599 3036 1509
2679 3372 830
996 4298 1002
623 1396 3269
4474 672 924
160 490 817
3546 2068 4011
3418 2403 3323
2842 1313 4842
3089 3223 2308
2737 4692 1405
4390 2567 2081
2053 4416 2134
1212 1922 2143
824 3927 3190
2527 780 2261
3027 1383 3746
3732 2001 3858
4650 867 4317
446 3869 1737
2190 2692 2194
4166 2757 643
2248 1140 4654
3672 2618 574
4464 4025 2778
512 3501 3869
4670 1437 1731
3605 3691 4418
1735 4706 2494
1593 3986 555
1735 823 61
4015 4002 2723
544 2301 3186
1544 393 1979
550 102 2690
1450 4197 395
983 4331 2323
1024 149 2797
4094 4192 698
4389 1849 4456
3671 2822 4175
3343 3354 3106
1547 4165 1061
870 2049 1326
765 293 1836
4476 2077 3013
4855 4457 247
1535 2038 2650
4210 3133 3969
3163 1610 2654
67 2712 2702
1834 3661 1178
1189 3498 3318
3584 1589 3890
2317 968 351
4654 3011 525
2449 2066 2337
3066 1633 396
3639 2631 1174
608 459 397
4800 2290 1907
3767 2305 2012
2692 2297 1157
2110 2352 4576
3457 2182 4042
233 3090 3639
4948 3645 3609
4151 4599 3410
3394 4582 4437
3896 4369 4413
1290 791 907
1579 3939 20
3776 788 1867
1694 4473 4656
208 792 1921
448 1882 2536
6 4492 1848
4816 1213 3297
229 4762 991
819 650 1389
1295 3523 3899
3914 1893 4361
1450 280 3917
1358 4319 2149
4251 3113 1502
3893 4606 4405
3107 3014 3024
2110 4444 2816
3204 670 3633
347 3725 1378
710 3614 3150
3966 4590 206
1500 212 19
3366 359 3806
918 1240 3662
4691 2172 2346
1827 123 2836
778 550 953
111 2528 3240
2188 262 2185
4614 848 3687
1077 1286 1172
117 472 3105
590 2363 35
3753 1187 4677
2434 4388 4615
3298 4718 3130
791 1676 3626
3315 4396 986
2874 4847 2385
4676 4465 1144
2981 2968 4129
2324 2948 13
2892 2781 434
1137 3107 4043
4697 1680 3491
978 377 2515
4750 4991 2280
4277 2261 442
1283 2907 462
3318 1914 1341
2277 1755 1021
2857 1312 3592
1436 1247 3189
2814 410 3572
2867 4529 4736
4322 2259 3025
2618 935 1041
2743 539 2499
958 2384 2531
2077 4784 1846
2655 939 2737
4910 1066 3416
1415 4000 73
3673 2560 1785
724 1376 2552
612 4740 1145
3395 1005 4044
3342 2242 16
1193 2592 153
1081 4805 1655
4656 421 952
4284 4515 4367
4488 4013 1275
1494 814 454
3205 2039 1019
2756 4403 3751
4204 1558 4763
3572 2114 4703
1608 3811 4241
3265 3300 4101
1931 1874 530
2637 4032 4972
199 3284 1202
2536 2620 1221
75 25 3531
3349 4636 2675
4462 2961 4438
509 3293 4660
4842 4537 3634
3188 181 4726
2254 1108 2827
1179 3845 1939
1975 1812 1062
2360 819 1517
1127 1533 2990
323 1148 1878
546 3647 2514
4790 3980 677
1336 892 44
1698 4707 3534
4340 1181 2926
1211 2806 3863
3738 618 782
4674 1860 3136
1135 4169 3435
1908 4496 4204
1286 1536 1040
2215 3399 2392
4146 3999 3784
4047 4145 4733
2624 4923 904
1323 2855 2239
3687 4213 2895
473 2926 1705
823 3653 2069
3919 4527 2719
3314 2270 4238
1320 4848 4559
947 4843 1853
1107 4445 191
2634 2530 4517
386 3307 1475
3360 77 4834
991 1571 3618
883 631 4258
314 1928 542
3216 303 1929
497 3451 3315
1234 1508 1661
2177 4662 2113
856 3476 1793
1234 257 4981
177 2207 4488
3661 2381 4202
2205 1958 1030
3222 614 1919
1651 2156 3420
3060 3412 709
2223 999 651
1257 1392 2215
1958 2411 2519
4537 2694 1647
4737 4827 4772
4842 2278 2629
1554 1877 2112
1673 3115 2874
3920 4790 3613
2014 4904 78
3316 2466 1400
4848 4391 2042
1523 1500 2809
4138 771 4511
393 16 3862
2121 4576 4430
380 2154 697
610 3625 4773
3457 2214 201
3147 3335 2760
922 755 4268
2054 3445 3645
4483 1645 2983
4658 3251 3375
2184 3110 112
2604 4935 3414
1899 963 3684
2638 613 355
3114 1260 4304
3001 1586 1953
1402 1447 343
3731 1237 4918
4580 22 4788
1875 4609 2603
3351 1985 305
3981 1851 276
3917 4173 1418
4532 278 1738
817 2779 3515
1211 4494 687
979 3038 1160
2350 1034 718
1794 3979 2049
1677 1582 2226
4629 2722 250
3796 4945 767
1439 649 3177
1456 2137 2419
2107 2973 3552
4480 1158 4251
3699 4248 2645
2973 2124 2607
1357 2958 4031
1689 4119 222
1247 2741 1243
1181 3686 4711
3639 2109 2798
2284 4413 164
4071 1203 562
4064 1390 4651
2099 4058 4034
3367 3347 1442
4995 180 2332
3780 996 4683
587 830 3263
3475 75 2511
4530 4480 4954
2868 3984 3246
2038 1324 4058
3101 1702 2898
3852 4450 2843
3494 3389 1966
1745 3426 57
820 3778 1747
3251 1231 4737
2348 3332 2093
524 1970 4633
4669 2731 2436
3338 1104 4947
2029 4797 1482
3206 4761 570
4103 2202 4840
3056 4159 4239
215 344 4414
962 401 4336
4927 4360 3646
2344 4560 180
47 760 230
1074 2788 2089
324 3164 4560
3056 2839 1716
1461 2014 4409
2927 638 4290
2482 4730 842
2279 4265 1154
1221 1797 2236
4608 1284 3543
3918 890 1005
3175 3674 3654
1048 3423 2799
617 4167 1886
3579 3652 1870
4238 387 2709
4757 2342 4950
1127 2556 758
1878 540 1758
1719 4307 1298
1985 2941 4758
573 4767 590
1159 2827 1995
1322 3437 3006
374 1217 4625
4450 4048 1753
4614 891 795
2203 2161 501
109 1296 1712
263 2921 177
3604 3319 2211
3315 232 740
2329 2490 3721
1697 2191 3647
3545 3664 3568
4385 2990 2130
4036 4964 3300
4941 4516 4366
3913 2069 4979
4778 1073 1943
2157 457 4277
2224 2753 3316
3801 4350 2942
4603 4166 4780
357 171 3732
2779 1879 3262
3752 2135 3929
2966 3785 3091
1936 3567 158
3447 93 4932
2524 4944 2574
2222 4942 1093
1150 3135 263
1043 3947 4893
1805 368 4107
34 2655 3536
4030 4293 1619
2152 1696 4970
4722 3684 3749
1991 871 3363
2701 1497 2435
2604 770 3815
3790 2492 1255
2192 680 1323
766 1662 4741
1433 782 1370
4237 199 3355
4016 4049 596
4699 3477 4117
146 3562 2880
1283 2444 3115
3563 1542 4598
3407 2805 859
4476 841 1739
911 71 3526
1946 4131 528
3281 3233 1496
2131 997 2175
4539 4617 2913
2595 3155 2793
2483 1035 3707
1668 2118 1768
4526 2377 1457
517 2338 1337
168 2985 846
4048 3760 2615
547 2065 2035
3027 905 3741
176 163 1200
3000 3052 567
4709 2355 2541
3316 1036 352
1773 2755 1707
1007 2784 3119
1178 4160 4076
2258 2758 3188
4491 3735 1471
3982 2600 1256
554 3783 818
3307 2582 3461
4617 1878 2989
1604 4280 4678
20 3483 3738
3877 2032 3051
396 3240 633
1165 586 3228
4709 3478 4810
317 1011 3244
3863 4401 3092
825 1127 3034
2180 2720 4347
3859 3428 4945
3675 832 1241
219 2687 3173
4568 1364 511
2402 272 1530
3565 1950 2661
1643 3221 2823
3518 494 4865
1467 1264 282
2660 3016 404
1914 2234 4717
3807 4066 1728
2023 4668 4030
2861 4456 2129
2048 1124 2255
4444 73 2730
4205 3497 2213
3238 2273 4828
3020 1810 4528
742 1581 79
1113 3112 1574
2502 2125 2413
2303 3405 789
3800 3766 4056
2977 2471 1374
4296 1887 121
957 2186 1494
457 1291 2503
2553 1307 3203
596 4853 4141
565 4332 463
156 596 1827
4739 4992 821
2549 1227 1674
324 2241 4645
4867 3355 2366
4577 2075 3927
3638 2368 3820
488 1282 806
3435 2129 2766
3714 178 3338
1952 4023 4836
3806 3270 598
3680 1870 1313
3049 3167 1036
4164 3930 764
1741 2585 3759
4317 2367 2335
4808 702 3221
4270 4750 2168
335 2275 2944
1536 4794 233
1014 860 3805
4212 2772 958
3540 3056 2522
58 151 2278
4100 566 1249
174 2594 2412
2837 2795 2866
4013 3976 824
2393 1507 1642
4072 3486 2643
2387 3492 4708
481 833 4010
4033 1611 3535
876 1935 257
1972 3088 3397
1057 1584 611
2207 1129 3758
3044 3700 3109
3220 3249 3573
3058 4375 637
1819 2872 1976
1729 3292 1466
2903 135 15
4319 1815 2535
71 1428 4206
1955 4722 1994
1904 3259 3680
3139 4778 279
4138 476 2331
4320 2550 1519
491 3457 4093
2479 4545 3700
603 4825 3407
1291 3782 2555
175 4749 919
3994 301 2971
4953 275 2009
2461 4984 1231
4698 3622 4363
3289 3047 1858
3980 4407 4155
2822 2599 1990
4459 1499 2181
3984 3122 3580
51 1436 726
2787 3921 3546
4635 3971 3896
3858 3913 2958
1708 2850 1711
3547 1218 3114
1533 3747 1153
1713 1319 2700
4855 3929 1182
4447 592 3386
835 1638 221
4510 718 1430
4358 2408 92
2338 541 4503
1249 2807 1777
2382 3906 1003
3024 1023 993
1411 3636 1890
782 1279 4863
1214 1504 2411
4149 4806 1788
3624 2011 189
1200 157 311
827 695 3326
1433 2344 2249
714 3566 3886
2236 2086 4556
1108 4034 1698
228 4355 4331
4723 2512 3212
3458 1594 60
2252 1722 4740
4561 1476 2652
827 1858 273
4070 2453 1983
899 1925 757
1334 2017 446
1129 3917 3158
744 3396 2520
2754 2974 17
1040 491 1309
3853 3861 4989
1360 2857 3335
443 3982 4588
4075 1161 899
3059 3959 3040
2672 2697 300
3373 96 719
4271 2584 559
2520 2730 2300
4186 1425 983
4414 60 3233
4404 1692 4816
4439 3267 1439
4851 2150 162
4903 1811 3848
1888 4463 968
3741 4985 1871
3791 1575 2037
2357 189 954
1084 153 4988
1437 1904 1683
409 91 1478
317 1185 252
2728 1592 3037
379 3065 4581
106 4598 3755
2763 1007 1047
2209 3278 3754
1702 2916 2548
886 1809 3358
4215 4704 2694
1927 158 4293
1456 574 4568
4007 598 3124
2728 48 1083
394 1828 1851
1714 1225 4910
3310 2575 4018
3471 3926 4006
49 4517 74
4285 321 3724
3020 1241 4143
2456 763 4274
3737 3246 1250
3653 1069 4577
2075 244 3354
636 859 1225
486 3683 507
3724 4597 4110
1194 825 1125
3932 1668 2759
1463 4547 3756
918 4459 339
1700 366 1027
2970 4663 3022
2813 1269 457
4594 1766 4135
4638 1984 750
4695 1712 3872
269 4905 2198
2319 4681 3695
2164 2422 3532
4758 1920 2313
1426 237 157
2716 254 4885
2310 666 1730
2594 1305 2822
1164 1403 1184
1593 2951 3182
1531 678 2084
4398 3779 3021
1390 880 2525
1010 1961 3102
985 227 4681
2029 1211 424
1328 3503 2040
4714 165 3508
4081 4170 3321
1272 3279 100
4911 418 2365
2147 3910 4174
561 1980 4188
521 283 4244
4682 4056 2487
4240 112 652
3895 4983 3468
4254 1953 330
1710 1183 3454
4338 2499 147
1262 1616 2256
3412 3953 3117
559 3922 3142
2395 175 4435
1108 1661 4604
4494 4921 2101
3261 1342 3706
1636 3624 3302
3121 267 1754
4450 4421 2886
2394 333 4103
3646 3073 1331
4816 1559 2991
869 619 2460
1424 2986 1242
4161 4321 1713
413 440 3996
4076 4476 2177
3945 131 3699
4591 1453 3194
1185 1857 675
1314 1740 115
2952 2034 4324
4706 406 715
4824 4364 1545
3831 4409 2163
1454 1550 2277
3979 784 1905
1046 31 2590
1191 191 2681
789 2132 1605
1180 2793 2205
2062 1233 1113
1566 4237 3152
2647 1172 3447
4679 455 1186
497 4027 2568
1007 1440 2506
257 2598 4931
4722 19 253
2592 2300 4518
4431 3706 1726
3763 1431 3483
640 1202 3719
4577 1530 362
3613 2735 4425
3838 3745 363
732 2587 3238
1660 2705 4182
2455 4097 2033
1250 4918 3067
4293 270 3513
2305 1369 844
4674 4291 660
671 615 93
1721 3859 1444
2402 2545 4650
2150 898 4342
3692 3074 26
1707 4613 4151
3600 133 1978
2998 3669 4903
3434 1343 1124
3849 2035 1715
2008 2009 3611
1323 1143 1235
1455 3533 545
3633 3403 2493
51 4928 814
4327 838 976
3562 2881 3960
112 1650 25
4913 462 861
758 2906 1209
1942 4279 613
2970 2871 1064
1795 641 3998
699 1020 4694
437 3237 306
4323 2572 4911
4227 3026 2367
2193 2139 2747
2499 4952 2191
4185 231 2842
1845 1068 2594
2538 498 2140
2128 764 1213
3161 2498 1889
4022 82 426
4150 4266 2304
754 1192 4185
3358 583 4171
4610 454 2397
3505 2719 2727
952 1606 106
3850 2577 246
3934 3188 232
1527 1439 337
1909 4746 1312
2976 3967 2414
1804 3247 4672
4877 336 3066
3279 3137 1893
1846 2372 4670
3037 4281 2841
2207 2449 3140
3781 2786 724
3752 3585 4123
871 423 2967
491 3875 1671
922 2302 1119
3254 251 3270
2973 4286 1409
1917 67 1579
1701 552 3889
4313 1940 1137
4448 3076 532
4769 438 3419
2248 1085 1670
1853 4019 3053
3682 3656 839
1833 1189 4197
2239 3985 3019
2207 2339 3043
4327 4502 2608
4386 4846 3538
36 3571 872
4023 51 4003
3679 4936 3865
1225 1039 4959
3040 605 3261
3476 3272 2453
1087 4212 4314
4346 4728 505
589 3660 3509
2226 1132 3776
1076 92 2739
653 208 2252
4098 3242 2056
3968 219 2445
3323 2463 615
2033 3820 3983
4735 1778 2348
863 3877 4083
1946 485 628
3993 4912 486
4931 4250 3777
1835 2889 4219
1248 1400 4566
3124 3296 4287
1393 4358 3084
183 3114 63
2283 4177 1192
1506 3359 896
4105 1944 4203
2283 2209 1013
3131 3677 2418
1062 4304 2115
2680 441 3237
1825 3892 3852
493 1789 1826
4148 669 3877
3870 252 2881
4033 4124 1861
648 86 3112
4671 4042 4243
1373 3518 761
4817 4841 4478
2327 3109 3745
36 1430 2914
863 38 4254
1948 4855 1412
3989 4306 91
2935 27 2296
701 177 2371
1708 676 3093
4078 3440 506
1632 1897 2631
3609 2141 3174
4598 4804 1500
1064 376 2204
2532 132 7
4028 4548 4512
4123 4240 3733
2414 58 1423
1549 2188 1511
1246 1047 1258
1905 2468 2495
2093 2442 3748
3258 4012 2243
699 3798 3396
2702 261 3456
359 1006 3825
1647 1079 3649
3889 1855 3821
1787 1378 4284
3381 1055 2663
1913 4549 3223
2231 4210 1094
4027 1153 4898
3752 4174 2476
498 4053 2003
3962 1380 4015
4804 1323 3046
1806 3650 3292
3731 395 4469
4303 4851 2203
3857 2325 3279
2591 3936 2906
332 3316 3831
2013 1685 2800
3788 4768 3767
3475 2427 2617
4463 443 3974
4986 1375 2804
2397 815 4698
438 1881 138
4415 727 1180
2012 4262 3178
689 1204 59
3399 1554 2587
2206 486 1357
3197 3658 381
1613 570 863
4516 3528 2237
2841 253 3344
2144 2319 1800
1871 3679 3492
4956 885 680
1405 248 3395
2930 3888 3374
1551 1674 1212
3675 3511 1491
2062 1210 1515
2382 3039 2442
1816 2698 3814
1274 3021 123
4707 3792 4507
662 2678 1825
747 1910 2701
2461 3199 284
3229 3294 2431
4768 4127 3799
2532 1182 2647
459 4764 3961
4123 2031 4901
1731 250 3167
1208 1792 1806
4681 3342 1540
4391 3343 2357
4102 4701 1296
538 4816 472
1772 3755 1104
1838 2988 1926
4815 3717 393
4385 3962 2378
3687 3025 2230
423 4410 2406
3478 4757 3530
435 2064 3175
2982 1287 3842
768 1087 805
3128 1451 3360
1413 1902 4971
4700 1452 3837
2862 3429 2956
1631 2674 3651
1120 2873 3217
4461 2383 4445
2071 1277 620
1685 3089 2571
182 2566 3587
4009 1208 1606
4135 1540 378
2004 2374 2775
538 630 1076
4496 103 2999
2520 10 1640
4718 3468 3239
1829 1837 1955
4120 4498 3518
3898 745 2987
4687 3992 1366
3331 2071 3932
699 1901 1855
1003 1262 1098
1240 4398 2940
451 789 2478
3686 4209 3975
753 989 4021
1944 4896 2356
4171 4714 3725
1568 3864 3608
899 4228 1140
1442 4813 209
504 4684 2362
1218 1455 2715
266 1691 2152
3938 2624 4330
2371 3736 1320
69 1206 2447
3785 694 1383
666 1782 4214
4711 4808 3860
116 1544 619
1290 2008 4591
2287 3600 4799
4766 2593 4897
3409 739 2726
4150 1253 4762
3741 1975 4242
2708 1520 1898
4789 966 4685
1367 3554 239
3510 2638 641
4406 547 4771
3836 1885 4500
2786 3391 3859
68 3338 4190
2310 2283 2750
541 4620 1702
1377 2667 4232
3792 1010 3840
4244 2588 2777
4896 835 4831
3481 2700 674
4804 2863 3097
2746 3097 2612
1147 1751 3997
1563 3430 496
1791 1666 4090
2661 4997 2314
2536 1670 3069
1113 1244 790
3182 1483 3924
4467 1682 1269
3714 2298 586
1577 3863 3992
3050 24 1805
173 1212 4524
1831 1207 2840
1266 4336 2379
2974 4232 3351
1496 1089 3638
1298 4783 2023
2105 2895 3804
3453 4036 1291
4175 3827 4460
594 4309 127
2826 481 1136
4939 1564 1518
3290 3269 2554
2481 4780 686
1483 2749 3976
1484 1654 4905
655 2576 1311
1067 1121 3103
2061 2380 4231
1192 3909 86
585 1086 3845
1553 3099 2251
969 3024 268
990 4065 630
1944 2331 2111
4485 1401 3606
2201 555 753
3369 3587 4398
270 2247 3373
389 884 3990
4524 4907 4990
4681 3193 2856
2684 398 1230
893 3363 4454
2606 1551 4158
1394 4586 2849
1756 1257 241
4289 3289 4592
515 1194 1169
1791 2658 4068
3678 4493 24
2221 4577 3939
4140 4353 1760
1093 4652 2903
33 1802 2860
3649 2222 96
4225 2269 464
3555 3066 3635
4403 214 255
493 4738 4640
3555 579 3243
1701 2703 4428
3828 3618 356
3985 3638 1305
1721 3920 1037
918 4339 470
4265 3117 4701
2723 4916 3666
3052 3183 3923
1271 517 1600
1514 3346 3783
1594 3872 1750
274 2589 3819
2030 37 2096
1908 3361 1239
1851 1787 4444
1933 4111 1210
4999 1052 2867
1752 4475 4315
3347 1847 843
2546 3944 3681
4998 1084 2928
2564 4329 1654
3127 3041 1017
4037 2170 4960
4333 2211 1931
4560 430 2706
1982 172 3493
3062 471 711
924 3144 1371
720 4389 3636
3248 464 2292
2305 2200 2233
4453 3131 1792
1732 1821 4483
3147 434 1353
2110 1117 1287
3467 4372 1347
3574 4033 1564
3463 1297 3490
3836 3236 4223
1677 1492 1690
27 3692 4513
3075 2330 3439
568 4925 4613
3111 1623 1077
4229 2866 2065
2437 4179 2423
819 281 1549
4025 4108 1651
3861 682 937
3034 2346 4662
2612 578 1816
4305 1635 2206
3929 719 4626
1353 2935 1587
3205 4578 3087
757 4193 2083
4800 4895 2897
4573 4434 2756
1539 2206 2398
4640 3030 267
2357 4171 4638
2063 1824 22
2354 4343 1379
1823 1915 4365
540 4278 4710
1905 2181 1565
1698 3197 4004
1662 659 519
3217 2831 4410
4988 3874 730
2498 3362 971
1881 95 3918
2207 3733 3462
2451 3695 4968
335 4544 2275
1706 3291 4854
3916 2228 234
1126 1109 3500
2981 3282 1385
4802 699 2834
4778 3978 3068
3970 4723 3032
2672 422 2456
1153 1568 2234
4852 809 2951
1285 4914 432
2081 55 4360
2628 3837 4439
2644 1309 1541
1500 182 2767
1312 4136 1752
1563 663 647
4757 3805 2686
4424 2542 621
4582 3885 258
925 1424 1514
1664 480 1722
2124 1292 3342
4514 1982 4351
3151 4742 3215
1575 2113 2584
872 577 3427
3565 3704 248
4478 642 4162
2899 1139 2210
2212 1612 3470
2014 1790 2821
2832 4386 226
4421 4041 372
640 808 669
4806 4819 523
2588 2387 786
141 4649 2892
3375 2580 4041
1409 2392 508
3238 1509 2339
1514 4379 2659
4022 1959 2207
4306 2130 4851
363 2224 3059
2899 3907 4497
3587 621 847
4802 1603 419
4873 3649 2626
720 582 2904
906 1246 2670
2876 167 2052
4979 3400 313
1145 448 2564
3542 4387 36
1663 706 3216
855 3153 291
3962 2817 4054
4713 4483 2457
4997 868 4555
3979 4040 3809
3670 3577 2428
4436 781 560
1177 4917 3146
4902 2964 4690
2620 2641 2684
4680 2927 275
325 1604 23
560 299 906
2109 709 2136
2574 3191 4057
3471 1433 2621
4383 4082 137
1315 2407 132
4721 2691 4727
2353 4227 2855
4557 2378 3692
1426 827 1583
3940 2257 4285
4919 3019 3579
3476 2533 3361
1199 311 4855
4936 3231 190
1964 909 453
769 1358 4036
4614 271 2873
4824 748 435
2716 4043 3036
89 4045 4316
1961 2431 4122
3625 2087 1386
2034 818 328
2452 4142 4066
4594 4200 2248
2995 3584 684
4672 1641 2722
661 1059 490
163 3504 644
3040 3655 3556
909 869 510
59 4249 3260
1057 4284 1208
1121 2121 3796
1737 3035 2671
2208 929 2729
464 4595 4704
911 413 4530
877 4891 4146
1795 3401 1940
2277 3170 1532
4321 994 4199
4413 2163 1413
347 1548 2753
1457 3858 3565
1029 4975 4023
1614 4932 3143
1450 2519 1075
1407 4729 3928
854 2110 2386
4717 99 2048
829 3022 479
4428 124 2902
2807 4101 2697
960 2959 3391
3465 1100 1170
3387 1976 430
520 562 4627
1561 4130 183
4355 3320 4443
1045 2317 97
698 1807 4833
360 3268 3688
2167 826 4359
984 4132 1622
3804 2023 860
2862 2801 4767
4171 850 2155
209 679 3157
4825 3529 678
2990 1896 4718
1977 4967 492
3159 2232 929
1325 2092 3023
4797 2870 2560
33 744 4969
217 1033 4092
795 2666 4116
1578 2579 2474
2068 2421 4246
2245 1744 4039
988 1909 4271
2748 1749 837
978 1941 1742
1400 492 2575
2479 3598 3722
4165 3464 3670
4792 640 1686
2119 2434 556
4441 3463 2438
1903 3130 4837
608 3690 4731
735 2019 3847
2319 1578 2813
503 20 4746
2798 1506 1850
4610 56 4759
2710 910 3180
1674 3520 1883
3917 4216 1039
2339 943 4608
4122 902 1109
920 247 3625
1960 2944 886
121 426 1908
2155 4406 2017
2755 3821 2289
3157 2277 1537
2282 1964 3442
352 2814 3222
3944 3239 4774
2196 4630 2954
4529 3466 101
3033 3901 1735
4288 4231 1074
2180 2082 4466
1369 2020 1637
1530 3591 655
4856 4233 2651
4251 3474 3542
482 4874 2924
1888 4059 543
482 381 4567
1720 3544 3277
4522 2745 1042
4613 4267 111
3492 4842 4055
4766 956 547
554 2382 1314
579 3431 1534
1713 3050 1302
3421 2220 4620
1268 110 2716
1663 32 1911
2187 753 4923
451 1869 3138
4322 4390 1373
3528 1671 48
1806 2890 1445
1599 2538 1563
3493 3119 3605
1472 4055 3090
3576 1591 4815
2688 4246 4059
2604 1511 1625
386 1395 4514
4875 2484 2648
3977 3286 2051
1671 3333 2878
1499 4603 354
111 2836 3854
577 4524 1129
4509 1263 3160
445 1000 835
2783 3831 1807
3920 4448 833
4041 4471 4208
4730 1485 3740
4761 164 1240
3927 1942 1089
4445 2246 2919
3712 4559 3390
1838 4670 452
3600 2417 4590
1361 144 1161
4241 1838 1834
803 1974 1868
1329 1639 4495
1268 2376 1854
186 4860 515
2886 4926 4939
28 2285 3377
3898 1024 1448
3655 644 4099
4035 383 974
2287 4415 3686
2708 2455 1772
1365 356 468
2913 2159 3207
4530 4990 238
3695 4610 4573
208 3496 3621
509 3753 4927
398 2816 3393
3619 1333 1591
4403 2798 3423
1693 1891 4862
795 1164 2229
646 1151 2394
396 3324 400
3359 3588 3569
1552 2568 4288
961 4897 537
2942 3715 2420
3353 3524 2559
4814 1675 4938
4677 601 1522
1214 888 3070
1210 4744 593
3895 2171 1823
3140 4530 4782
1469 4001 864
2022 349 2941
571 1259 1649
2221 3187 2632
990 269 4809
3651 3855 3275
2432 2812 4671
2681 3075 4522
4644 4676 4797
813 473 3985
4462 3141 572
642 3997 4370
109 1803 998
2590 4625 394
3301 714 825
3254 3048 3598
586 1936 3853
1535 2385 1203
3448 3631 4902
1011 831 296
289 4158 4452
88 3229 1126
1293 2603 1734
2185 1448 681
2576 2294 1334
126 2853 1959
2888 1168 1101
3772 862 450
1838 1015 1197
1225 425 1524
3401 2685 3558
1473 513 1577
4132 4380 4364
1798 1460 2359
4682 3862 1429
859 3045 1612
29 4235 2788
3557 4427 4557
1447 467 4291
895 1173 388
2797 4646 636
1144 242 4390
3858 3108 2761
446 2952 2288
2436 1656 4705
3967 2318 4156
2741 44 1477
3503 4982 4279
4466 4218 1303
4659 2464 1876
3380 497 1795
3128 2043 760
3184 2725 4661
4180 3659 3836
2356 2979 41
4316 4999 443
4016 4551 2641
1154 581 4096
4758 984 2593
4785 2456 1392
1740 1372 4676
4542 1836 2307
1743 2093 796
1520 4735 1165
1597 1003 2689
3334 4836 1676
2741 648 784
1516 2876 1875
450 3081 4629
2051 2249 2443
2165 2971 4389
545 1016 1183
3297 2696 2338
2730 2943 3104
2147 4972 4719
3531 4484 518
904 352 181
3803 2128 2294
3674 4572 243
705 4429 390
2228 4844 89
4832 1215 1993
2387 2091 3408
4583 1527 1615
157 3273 1032
2854 2052 3887
4920 4996 3432
3336 855 4128
1374 4436 2638
2247 4485 2664
4751 629 1880
488 3397 3505
1727 4009 3274
3311 170 1155
276 4191 2997
4262 3777 2783
2601 4705 485
3905 1389 1580
2862 3675 1764
90 2262 4743
3816 4121 3788
627 2105 531
4144 883 2306
3744 2689 4069
768 3830 2565
228 4892 3168
3897 1177 1936
150 1529 99
3453 4472 4632
1323 1774 4748
4361 1513 891
3813 2470 727
1966 3308 3675
580 2487 3912
1118 874 3504
1330 1750 4369
1920 4417 1072
4643 3061 3523
2197 3356 1344
3661 322 2299
1982 3226 2094
4095 3924 4458
569 4072 3514
2461 1972 887
3793 921 2982
320 561 4829
4228 3609 2742
975 4732 2117
3469 4721 4735
3909 4765 3267
418 4371 4998
1166 4656 550
384 3432 70
4508 13 293
148 2050 3786
1662 4951 1162
4567 1727 2351
4683 1948 1349
1745 4890 3933
3454 881 1862
3855 374 1164
3328 4511 3494
2964 4215 4702
3001 115 1023
988 1399 2947
1770 2782 9
4610 3418 1263
752 503 4881
2313 1361 402
2660 4180 1866
3746 268 1501
165 4118 1110
1165 3794 2063
3164 2184 2920
4026 726 1774
341 4468 2921
4985 3255 4508
3614 3481 4434
3900 3714 3364
3072 3789 2829
3273 4849 3664
648 4283 2390
3869 2962 2326
1453 1609 3851
2134 8 2328
4798 104 444
558 4096 3711
4938 4272 2505
2940 4697 3946
98 3996 2098
1628 4324 3785
1008 3352 4368
313 3377 4100
3704 2357 539
2223 127 4029
3249 1280 3401
2435 3744 1863
591 2179 52
3113 2230 114
1189 1567 705
3814 1057 2688
2863 4202 1679
240 3156 4234
1845 995 1403
2897 3938 1044
551 3623 1578
437 575 3873
1640 4787 1148
3616 3276 2657
4219 3943 484
1873 442 4378
3532 1519 2440
1068 983 1304
3938 953 4247
888 512 3676
3794 1355 3353
4635 1817 664
2464 4382 1872
1961 4674 1922
738 282 3406
3959 1649 3849
1369 200 4403
3898 2314 3176
4618 4263 4659
1507 2438 53
2272 365 2656
3 4585 4411
3978 3100 957
3023 3842 4228
2950 2619 667
2828 3648 256
1896 688 2884
3910 3682 4165
1936 4978 3290
3322 3860 46
4463 23 1841
2710 3557 421
487 2681 2561
1070 1469 4941
2637 4657 1071
1598 4927 3298
603 4884 960
1225 1114 1771
1453 1449 3411
4062 4004 3517
237 3145 151
4222 3093 2490
3424 3315 4510
2576 3550 1207
1140 3601 995
1731 3482 1295
2321 4219 1462
2112 535 4319
4587 1926 1171
3486 4715 2150
1073 600 4372
2485 1636 3920
293 2061 2901
4801 1758 3116
1062 1957 3595
1258 4659 334
4572 2548 1672
3779 2006 1809
3493 2027 2032
3119 3111 3234
1944 804 323
3311 747 1132
4995 4569 2576
701 84 3012
14 2333 2416
2529 3708 3444
2844 2194 4734
4207 4550 1128
3657 1159 4227
4719 429 903
3585 3596 3885
3679 1235 3231
1071 3222 1257
4311 525 4312
4553 693 4521
4504 720 1575
3161 4418 3205
2285 2562 3185
38 4906 487
1530 840 4750
3434 661 4305
3635 589 1053
4285 2143 3204
4630 4971 3303
2859 3983 2770
3023 417 1938
4625 533 1639
2512 865 3170
2527 176 756
4886 652 1001
1384 2062 1020
128 4075 4867
3810 3092 668
3906 4196 2649
763 2975 2087
3501 3923 3723
4686 1320 915
4355 2016 1201
2981 4225 3944
1664 3628 3295
1440 4513 1134
1981 4163 514
4278 1056 1216
4960 1516 845
3569 746 741
4866 3328 1662
3796 2710 4220
3669 861 1786
4028 3758 4373
3597 319 3041
2304 1829 2415
1683 947 3942
2279 2335 1436
2866 1063 39
4625 4954 1778
1398 4962 1499
529 698 1414
1801 129 575
523 2237 2963
4355 3857 592
3 2 3272
4544 4961 735
3521 2040 4593
1918 870 2316
1222 1839 1797
455 2767 3015
996 2802 4920
291 2751 1751
2959 1734 265
4029 1111 723
2472 2984 3448
2417 717 3453
3902 211 2728
2179 965 4
170 821 922
3074 4888 202
4850 4090 245
1409 1968 2773
3672 3629 1354
1580 1171 4802
3252 4338 4784
1733 4162 702
1757 2414 4019
1546 3177 4765
1830 4258 1188
3988 4305 4008
3933 3718 4675
3404 173 521
709 224 498
4013 87 2125
3103 488 1288
1715 3934 1627
3296 3444 4937
3466 2146 4139
2568 3676 387
2771 3540 940
991 1775 4634
3112 2316 332
2618 3558 193
2539 2862 1856
2859 1299 3766
408 2976 1410
1394 3456 2192
2055 2875 2932
931 2436 801
4145 2435 103
2555 1450 2754
842 3902 2099
2646 754 635
1399 3657 12
84 1419 4169
836 1954 459
929 1041 1678
1049 1573 3566
1142 914 145
4029 1895 1194
4704 529 746
27 816 4552
3392 4949 3076
4530 1152 3803
3727 2983 2789
1209 2067 3781
4966 3925 1572
2069 2868 2557
2750 1322 146
1743 4534 451
217 9 155
1887 2451 2805
1679 1242 3593
1581 2196 3252
501 1598 3029
1793 591 3381
1234 2563 3727
806 3018 167
1755 340 3206
463 1328 4984
2202 4424 4539
4691 646 3503
1208 2785 884
326 4574 2796
96 3972 3627
3820 3357 1996
2881 2046 2666
933 2886 629
2535 3243 460
1086 3866 4801
82 751 869
4185 1672 4181
2870 3337 3524
489 4268 2220
3455 197 3162
3876 2522 4796
1395 4717 873
3409 2671 4395
158 3281 4085
502 120 2597
2280 3460 1340
1101 4477 4978
3290 3261 125
4721 971 1924
3512 795 4473
2226 3621 4973
2341 2419 554
3571 1717 3689
1669 658 2368
1742 2709 2085
1136 4689 2492
3039 1834 2156
3655 3479 3479
814 2026 4612
844 2409 1133
1196 2503 68
4664 3531 4115
2263 2867 3701
4147 2902 529
2383 1517 561
686 4005 4218
4311 4384 3989
1051 2914 2302
3725 1274 159
4262 3834 1428
2297 236 4948
4621 1865 1822
804 622 888
3654 4633 2734
3664 976 4595
82 625 480
1493 2527 2679
4870 1075 4194
3828 1216 2401
3088 3205 2772
360 4922 4637
4455 837 2980
4457 2965 4962
1776 1864 1489
997 2509 3145
2935 1593 1770
1568 2765 3685
2558 2131 803
1492 1888 2628
4973 2888 3077
123 1091 481
566 1907 1765
1909 1709 213
3642 45 2595
3386 3512 2468
1737 1619 428
694 691 3945
1574 2088 2279
3474 2810 4001
2310 4864 308
4791 4798 2383
3906 3244 3823
2819 927 2833
3748 3241 3156
1887 4939 129
3197 4669 1960
4116 796 4544
3450 556 2526
3393 3082 1065
2337 4433 4421
250 851 2570
3033 1756 1865
1069 1098 946
2399 4988 3798
3747 2610 2945
2218 150 4046
535 141 3159
717 1030 3424
3297 4129 947
1303 3514 2425
4076 4986 1844
4023 3727 783
4755 3632 3014
2090 4134 2235
4605 3040 4525
157 3961 4436
4621 3894 4995
145 3407 4860
3710 940 1473
4750 3027 4292
2711 3262 2995
4238 2630 3336
1361 4139 973
2183 3743 1897
4330 3671 4618
2777 3254 4601
366 4861 3293
1173 1631 2787
3754 1711 240
1940 4998 1930
48 917 4787
3427 3169 2350
3885 3761 2209
27 1167 3926
661 1061 933
376 978 361
2037 3824 2046
4793 3128 349
2277 1969 3372
922 2095 3482
990 1101 4299
3638 2911 4866
1445 4253 2546
4065 1608 662
3762 65 4168
2760 74 1932
3389 1697 2782
2182 2152 4447
4339 1863 2794
3809 2893 538
4862 675 666
777 908 2180
838 3977 3403
1684 4929 2889
1419 4879 2262
3092 3946 1091
4677 1154 2691
2658 2738 2534
1163 2413 1264
2716 594 2109
3738 1197 3994
4930 2248 4572
339 2643 2166
1484 2800 992
2486 4432 1115
1115 1735 2725
2898 4289 4674
1761 4344 4138
4698 3912 938
4663 2176 4761
2692 2950 207
3933 856 3683
4749 1341 2550
4818 1037 868
2533 986 315
2634 657 409
4459 2227 4108
806 4361 2022
877 2908 4607
3266 1843 2038
2517 4838 1290
2914 2362 3567
3661 4635 1335
4483 4367 3050
979 4567 1799
2641 758 3720
3325 554 2961
374 3007 2720
2884 2502 1246
639 3327 1829
626 3467 941
4217 4211 198
4532 4190 2960
1625 3102 2165
1355 1637 4072
1691 794 4427
1706 2616 3841
2804 2829 3564
2845 3732 4795
2103 4187 3339
384 4037 2178
1982 4877 322
408 142 771
543 3887 4037
1035 4937 717
2125 2117 3502
2661 4589 4570
3540 2406 1892
1338 228 3838
1307 3749 1613
2069 3814 1105
4800 4428 4408
983 1118 2616
3901 2322 3807
1865 811 3787
1914 3334 558
2058 4315 1108
3133 3299 1006
3570 3572 2458
4945 2443 289
1723 4535 278
2784 3309 2078
1547 733 3241
1565 4176 3632
1691 4506 4339
1568 1613 1375
1205 3525 2740
1008 2215 4192
4416 1951 2475
2689 3561 261
3548 4993 2623
1764 3763 333
2132 4575 2377
1125 3172 4393
52 1725 2563
3270 1514 4908
1870 3283 1245
1168 1147 1528
2347 2481 949
3506 894 108
4500 3549 1592
4704 225 918
574 1412 4382
3381 402 1646
4904 3384 931
1128 1432 2959
4129 3535 4547
2537 2486 307
4240 4051 2271
1037 4629 1783
1897 4133 456
4014 1793 1034
1475 2727 3455
2829 4810 1658
4058 3590 2432
3970 4084 1217
2782 3219 2744
3232 4510 465
714 2306 271
3334 1064 2429
3767 852 2455
263 934 3218
4288 2187 2976
4071 220 4616
2497 2254 2792
2509 4003 4642
4853 1415 455
873 738 745
386 1814 895
3646 2218 2718
2159 590 1998
2865 28 1425
398 2591 4259
3101 1482 2558
2073 4206 3161
1946 2601 2026
4403 130 4028
2962 2497 1714
3320 701 2507
3345 941 4550
1553 4317 2321
2171 1707 1273
326 882 2036
3299 1899 1458
2433 385 3477
597 4275 3584
497 864 1957
4991 4523 4081
2373 2621 774
3680 2175 482
1797 2213 4777
1740 3441 1787
1366 21 4401
3792 4144 653
4171 1963 1989
4081 3737 1195
757 1429 4346
3206 3786 2402
2031 4047 3030
2677 501 1763
2478 1107 4789
123 922 2861
4517 606 1916
332 1062 2187
2062 4898 2374
3542 3132 1903
1483 390 3086
1477 4224 4071
4541 2909 1238
1271 4615 689
2572 958 1616
906 3263 3693
4040 1688 1570
2547 2651 1667
387 1028 6
386 3256 3038
1889 656 3210
4734 1067 203
2991 716 3594
3347 4580 3201
2457 2446 1329
3909 2153 2975
10 35 3900
2190 3960 1474
3119 2924 3101
4888 4257 4958
4374 1368 3921
367 3853 3986
3114 4110 1417
4590 3915 4088
4266 186 770
1923 1632 749
2263 1967 565
4813 1884 1284
2588 3896 1090
240 1784 3463
2379 1285 3057
1880 3285 4400
2649 3331 2481
1445 4239 3200
1324 1842 321
2016 3663 3384
4691 3957 391
3516 3606 4250
1080 2245 2196
2471 33 4714
2948 2204 3329
1993 159 2736
1180 1472 1789
3807 198 1450
3160 3788 3652
3813 3120 2907
2981 2180 116
3735 931 2713
4867 4147 4707
1433 397 1029
3759 360 1142
792 4020 3063
4701 3742 2422
3613 4507 4476
3515 4186 4007
4669 3166 422
3654 1330 2000
418 4934 83
2966 2761 4229
3139 4469 2667
2928 2293 3111
2386 2880 1066
1112 1949 720
2398 2573 1103
306 521 3602
2024 4573 1550
1236 3232 979
183 2874 2124
533 3252 3230
4343 1871 1833
352 1714 4745
2009 1601 1356
1683 3608 3055
2586 2615 3525
2192 4322 4013
4985 2351 2758
1690 1043 4856
1960 2606 375
1883 853 2273
2971 318 3642
3964 1138 3843
2505 1705 578
3976 1699 1007
3611 3752 553
4806 1560 2451
3349 424 3678
773 4467 1740
1774 1741 1
2370 1720 3791
3710 2044 385
1513 4151 2981
2249 3849 1555
1474 3563 4904
1932 1522 3253
3796 2326 1860
3284 2768 4106
1107 3149 94
4338 4018 4917
2430 1250 2097
397 4295 1141
1216 2904 2934
4862 1463 2703
2469 4443 3752
2053 843 1351
932 3889 379
2061 2894 4147
184 3617 347
1945 2844 3495
874 526 733
3299 3495 4526
4697 724 2635
4627 2036 3007
855 1046 1869
1691 1652 467
1036 564 3415
2534 2482 4785
690 3086 3098
918 3379 371
3764 705 298
4996 1142 204
1521 913 566
448 2535 2622
3900 1694 1046
4556 2394 3193
903 201 4636
3006 3062 2850
3874 111 3691
595 2418 1701
3893 122 1684
2641 2375 3658
422 1002 1832
3954 1719 2724
3968 1739 348
2806 4924 1276
4047 469 3846
4982 2736 2360
4131 1374 502
8 740 4449
2666 2058 2966
3753 2007 1942
4045 1816 1215
192 3586 2120
3330 955 841
2460 1422 1151
3845 3013 2655
1629 2791 1181
954 2102 4505
1070 3125 309
2396 3126 4955
2645 4571 3249
486 4700 4812
2910 824 3713
918 3094 1460
606 4199 2817
4116 4561 4380
3942 2797 2978
4633 1128 2388
2859 1301 3617
4868 3852 1523
3093 2711 4045
2213 2938 3129
802 260 2695
349 4214 2472
3681 602 1634
4289 2564 4603
1178 1146 1324
2509 1731 1452
1578 2253 2320
256 4414 1106
1642 2507 1009
1279 4775 272
3415 4164 2542
1680 759 2106
798 572 4755
11 3367 4309
320 3442 3829
1767 4829 1947
1766 1535 1566
3728 919 2692
1348 405 4491
4902 3854 2710
4813 948 2908
4478 4872 4302
2986 2552 2624
953 4611 165
3804 1545 4619
889 3079 3457
2436 1818 1330
2717 924 3056
1416 1998 2407
1786 2549 31
1087 4310 3979
1866 1337 4440
2993 4977 3905
4109 1747 2749
3442 4297 3472
3245 4333 2882
697 707 3892
2695 2144 2828
2771 1521 1095
1121 4666 4193
4408 3368 1459
558 798 3717
3841 3220 3878
874 3160 1382
1047 710 2592
3490 1180 3967
4741 3323 4295
612 3392 799
3104 2240 2599
4407 2260 3964
4601 4328 475
1044 1275 3771
3975 4619 898
1230 4525 1120
2314 3435 154
1763 113 2059
4869 962 1277
2102 4054 2031
2678 1489 2864
784 3216 1944
3871 1997 1933
26 3570 1512
3599 2493 910
4931 1952 3762
1114 854 4335
4433 307 663
4191 3084 1480
4340 136 1362
389 3817 1974
2691 2005 4554
2416 1348 3897
2075 1042 3123
2869 3804 4873
1786 4282 1000
93 2458 1743
4895 3140 4178
2431 3604 2965
902 1796 956
3848 101 1656
3298 4608 4407
2132 4100 126
4179 511 1147
3218 524 4325
928 1490 3528
2341 2359 2986
868 3879 2260
1731 2303 1175
3203 1270 3242
5 3198 2254
47 4175 4631
800 342 1038
2377 1762 3459
1615 2250 297
3435 1800 672
3413 2508 3199
2762 2056 3328
4130 1921 174
2642 2557 28
4410 3217 478
4265 2824 1843
2729 2197 4498
4757 1698 984
541 3185 4605
3796 3274 166
2123 3776 4892
4495 3568 1493
4423 4080 3061
4868 3402 29
3865 3721 3810
2362 2520 1328
3524 3666 4186
3588 2160 2630
1953 4711 4485
912 4943 2200
3644 1371 4798
145 900 2272
661 39 4696
2258 1078 2699
1428 238 3953
3286 2029 110
3587 3373 2355
599 496 2524
1563 294 4639
3509 2334 2765
2777 2216 921
4944 2390 1465
1116 1804 670
808 3731 1262
30 1411 2640
4559 1622 4260
2689 2743 2305
496 3543 808
3830 538 72
3154 2111 3966
4306 4081 4643
4772 1332 551
1046 3416 1260
1053 3712 2232
2334 1532 659
683 1459 4189
2542 83 2259
4115 3605 617
4516 3965 1520
3063 769 3172
2929 597 172
4709 1470 2409
1617 1962 107
3772 4648 1485
591 620 769
3681 266 2334
942 2162 2269
4746 4553 3075
3187 1569 3346
437 392 3284
4591 1862 1837
3687 992 4252
2119 2752 944
2400 2321 676
3071 1344 2473
1973 3815 398
1525 2677 5
4655 482 3901
4090 2140 3956
3327 2835 1963
3588 2155 2918
3079 3508 1607
4682 1397 4565
375 3381 140
1352 207 3165
4866 3146 3667
4478 886 2781
4164 4731 2396
3767 4093 4267
744 685 2527
4566 2284 231
2778 4873 1479
651 3454 546
1176 1331 1538
2132 2459 2342
4523 4880 2502
2124 4021 2950
1921 4430 4846
742 2937 1185
594 2726 4760
294 2028 4900
1015 2165 1469
4266 409 1270
4976 407 427
3563 3680 902
1771 1316 3891
1587 2946 1636
4349 2581 4396
403 3893 2600
1274 1149 834
4177 1695 3306
2525 1764 3054
3857 3302 136
2093 193 2018
1216 2516 2528
1709 2299 3466
867 1484 1490
4925 1779 4094
446 3077 3268
1882 2460 671
4201 156 3280
3953 3215 4172
828 1126 3521
4878 3070 3962
808 4252 3476
4359 3378 3555
3754 549 3571
2742 2101 3519
2075 4774 2513
3596 206 2497
4532 3773 102
1991 4803 1708
56 912 3266
4677 4500 3968
3320 3488 4463
29 2089 2509
1499 3227 2148
1518 57 4213
3634 689 4936
447 4356 359
4275 506 1251
4974 1599 2711
2945 1710 499
1848 2083 4486
2890 2513 2578
1137 4089 2217
1379 2307 3874
4917 62 317
2067 4226 3726
3998 928 513
1503 1835 4048
4893 2900 3163
1291 6 4275
3445 681 4852
2023 4969 1121
4119 2652 3560
1360 972 1381
4084 4710 4610
947 1174 1685
297 2683 2500
1114 4 1723
445 354 828
4345 2323 3289
3063 4955 661
1635 1629 3232
1190 1501 3371
867 2796 2870
1875 973 3085
2094 2223 3949
1140 3769 1233
2834 2447 3033
4423 3952 3529
4114 2842 144
993 2778 4848
2877 3822 2001
2668 3928 1505
390 3420 1486
3599 4299 836
659 2891 4630
3877 4540 3583
4542 944 277
4756 2210 4769
1443 2452 357
869 2706 4399
2885 4074 2086
2366 4349 4679
2676 4638 4442
3925 2628 195
2719 774 3155
2564 4345 3096
512 2080 3773
2532 1791 366
3616 36 3834
3960 3318 236
1722 4140 1964
4388 3847 338
2609 1096 2779
1337 805 2399
2331 2467 81
4543 812 3380
1814 1664 3893
2921 1875 1576
4237 2243 1652
3245 557 4024
655 3521 1802
186 3950 939
1914 4789 2539
2936 1852 930
1074 803 3235
619 1495 3545
2069 1080 2717
4542 3522 1571
1449 2997 105
2158 1228 950
4911 1219 3988
547 1362 4384
2685 3446 2301
3357 3438 3255
4700 4894 1813
4544 664 1697
4837 3447 1808
235 1317 3585
1429 2217 768
4120 4126 3753
4908 3710 4074
2465 987 4728
2740 4758 1187
4894 1618 1179
3058 3541 1059
3792 4800 4814
2805 2754 1643
4948 1900 690
1165 3280 4864
2903 1339 3705
3009 89 1443
815 4974 549
1418 4627 4871
180 4604 1970
4270 152 3950
3157 779 4283
4216 3063 4027
4217 3207 11
3496 2399 1864
2125 3634 632
3151 2099 314
829 81 604
805 347 4118
3390 1438 1556
3185 1760 1048
173 88 1427
1264 3516 3450
1276 2901 4529
15 2879 3562
4196 2010 2820
257 3312 4320
2364 4256 4303
3751 3806 3264
48 4583 4392
226 4770 838
2234 1737 2263
3117 4793 4706
4838 289 826
271 1861 4563
792 4385 2044
3586 4479 3775
2947 3519 3794
3170 4868 4886
795 3856 682
473 3808 2738
3037 468 1954
392 2967 1159
3384 4919 1727
1113 1795 2946
702 3699 3164
1805 4528 4453
2705 3336 1951
2122 216 270
3066 4565 2915
1978 3421 285
4693 684 2910
2569 4311 2212
3918 3422 3366
1692 4079 3704
4836 3765 3350
3840 4703 4078
1723 1004 2633
231 2915 2333
4908 179 211
831 3044 1012
262 1889 3498
4628 2766 2696
3917 4300 1710
4662 2590 627
539 1736 4583
1794 372 649
941 362 3196
724 2707 1222
863 343 4652
4018 1051 3312
146 3989 4721
2412 787 1673
2312 4938 82
2574 2949 3060
1731 3734 4298
2170 370 3866
2952 4618 3760
1638 2041 3311
1038 3238 2276
4974 2256 999
3755 3722 1078
1174 985 594
767 2721 2745
50 1555 1237
164 2654 212
3381 2635 3778
4754 4866 1840
4644 937 3254
3626 2847 4371
3200 595 2721
4111 245 2310
466 1022 4313
3593 4807 3765
4632 2804 1318
3958 2198 43
4896 3646 2463
2796 3326 143
2330 1892 639
691 4482 2680
4972 2142 4975
1319 3701 4005
4419 94 1977
1716 1404 2832
2312 1413 4415
1541 2547 2755
2189 1867 4187
152 4352 4877
2889 4102 1706
1622 4411 1367
1348 14 500
2606 4979 1010
4711 3034 1620
4023 4883 889
1050 1133 1594
2883 3417 77
781 1050 3653
4085 4653 4388
841 460 4858
3028 1071 3192
2471 1248 1156
2511 1105 2682
3645 1965 4845
2208 1295 4779
3588 3574 1986
2043 3730 2088
4773 447 2508
4557 80 1692
1889 4122 491
1451 4792 3245
3700 2149 4152
324 1027 2780
258 166 4431
1905 2841 2353
561 2818 2676
615 3480 66
4167 568 736
1585 3298 634
1952 3603 1310
2010 4520 3418
1743 4941 4265
3396 1932 3764
2446 651 3486
2593 2647 900
360 230 4477
1022 2672 4682
3656 3545 2851
2897 3475 1561
3256 3751 2424
1213 3945 1447
3675 4114 4844
127 2656 4850
4190 519 2382
3873 4832 4744
1379 4796 2480
1203 918 1369
3598 1607 2935
301 4773 1779
4747 4373 1526
2450 3963 4386
2421 4869 4770
3643 4987 3281
3941 743 3333
2999 3395 4391
4581 4113 3356
1693 4875 3527
1138 1723 1388
1058 2529 320
2330 3150 4913
2583 3000 1801
4263 4820 1446
297 2430 1220
269 3461 2349
3690 3028 1621
3521 3304 113
2811 1686 692
4245 2625 4680
384 346 1839
828 3595 399
1208 2221 2969
288 655 4924
1090 2856 411
3671 1356 4300
2963 527 40
3813 4885 2485
306 4334 75
3360 4503 963
4614 1673 2459
987 4031 967
3591 1384 3134
2743 1230 4504
1392 3534 3226
652 3553 4600
964 4881 4687
3120 3023 582
1770 1025 657
2598 915 3398
3219 4243 2673
3767 1414 1058
4045 4782 3121
2620 4435 4102
333 1986 4236
944 2205 4217
2726 3345 650
3291 3993 2596
4662 484 335
3317 1388 1688
3615 2820 589
731 687 2461
4892 4474 1804
1884 2846 1365
1958 1646 2061
99 2396 3790
4588 653 2674
4047 1186 1791
4803 487 2957
1130 1209 1709
1807 4966 1920
2602 3895 3730
2879 1577 3511
4389 4826 4732
2455 190 1227
4560 2336 2790
4119 1190 754
1210 4672 4987
2417 3003 4038
525 2004 8
4201 4271 2290
4284 1576 1895
3456 1820 605
3370 2933 214
3884 1798 3110
3449 2226 3352
2321 2932 2470
3441 2931 2510
2604 4643 2644
3355 3790 1056
22 3471 1099
2450 3152 2297
3258 3741 2050
3840 43 281
3967 4302 3761
3395 221 1492
1352 4273 4170
559 991 1294
3453 4070 3197
1149 3020 871
1310 528 2062
146 2212 1481
342 3884 2105
3307 4458 831
3871 4105 4887
4612 4264 851
1906 4642 4805
1119 1170 3301
1369 1293 2625
3248 1552 3677
228 3643 3089
3354 1487 3978
1597 1070 3458
3773 2320 4266
2054 1763 3850
1976 2756 254
462 1933 3690
3015 187 2284
3099 1325 1982
3876 2239 369
19 3234 1359
1553 1178 4914
4055 1416 2933
351 4840 4195
2822 52 3214
2334 3729 1956
4315 3546 2004
1344 3998 897
4480 4241 4322
167 452 4086
4224 3127 4381
891 964 791
1257 2977 2439
1106 3537 3480
4036 1916 4480
4608 4953 3345
3723 2296 3883
2042 2940 942
1830 1239 2007
1390 967 3540
4565 742 1611
2045 1474 4383
4462 849 215
344 1983 3830
2888 4878 4534
185 378 855
2273 623 2135
4571 1321 4120
4551 466 1011
1197 3940 1087
788 4870 374
2522 2885 2020
497 993 509
3273 2851 989
610 373 4523
1772 665 3113
2420 3348 1345
1833 1457 4423
171 1097 777
4364 4772 926
2031 4030 2731
1398 1557 1122
2105 4871 474
1435 3297 3739
390 334 3999
134 980 3906
3167 4068 1028
1981 4737 4471
3620 3764 2741
3032 4189 3533
1764 331 787
3244 1825 27
2275 3080 2620
1368 2823 763
4273 757 4000
4328 2763 3772
1225 1841 1736
2170 1945 4712
929 872 517
1628 982 341
2480 1924 4929
3152 2558 65
226 2994 3604
447 4063 310
963 4446 1440
2380 3630 4817
804 4546 1732
3443 4566 2408
4754 4675 2327
1322 3409 1901
618 59 3229
2816 3388 384
4228 4651 1343
1024 1053 2079
4189 4201 1080
3555 2544 4541
1557 69 3952
356 4690 3931
4577 1382 3581
688 2934 1552
4291 1200 3941
1039 4374 2208
526 3195 50
2469 1794 4461
3228 2732 4790
2129 4327 4847
2976 4699 2732
834 3958 2282
4526 1657 1896
4255 4141 4348
568 1503 885
3342 2510 2344
1343 1498 1092
4060 1743 2039
4119 1937 4653
3338 495 4561
2534 2353 4281
391 2138 1820
1094 981 4697
3816 1726 4406
281 1038 1617
368 3500 1598
2465 1103 2488
3358 1461 3694
2851 3206 1677
2441 683 3000
1762 4490 4664
3576 3360 4082
529 4325 1909
2370 1184 54
1553 2304 1659
2009 3287 624
2768 54 1285
4077 1478 990
4189 2410 2808
2418 4994 133
4299 2555 700
652 1060 3452
4955 1418 2167
4965 4453 2665
3512 2733 3643
4569 1562 4153
3863 1512 2257
4065 3317 423
4877 3810 4025
3235 4563 959
71 3129 3425
280 1145 4993
2094 4123 2606
3302 2583 4321
611 4562 3187
3827 4854 1431
3258 2539 3622
1177 3883 186
261 930 2058
148 4607 3276
4784 2718 3343
677 1417 2122
2138 3626 4079
4313 4655 972
4245 2750 1407
5 4632 4233
19 2607 2818
3047 3526 2489
1212 3258 2858
1199 686 168
3072 4437 563
4528 3916 1810
3132 735 3826
1627 878 1416
500 478 1899
1020 290 1261
1805 4452 865
4074 1547 2092
1223 4234 2824
1583 4981 4133
1665 610 4253
3553 4950 1380
487 2120 3516
1003 2665 1557
495 3828 88
4563 4425 2567
1629 4112 4930
1471 2947 2287
3061 3825 4538
300 3190 2227
1492 2055 1394
2586 1271 1100
4256 2864 1438
1752 4777 3835
1740 863 1884
1619 42 1199
874 1311 223
3900 2809 2391
2563 2002 3469
1856 4254 3792
2124 3941 2543
2049 125 1766
3979 2311 4827
2809 4788 2964
3215 4763 4942
1215 1458 235
4024 1261 3307
77 4518 433
2036 3642 3362
2764 1276 1693
3800 1515 3065
4691 1021 4201
4650 4640 325
1716 1345 3902
610 2106 3195
55 2998 1910
4361 1706 3623
14 1165 2141
4640 284 4200
3150 3340 69
3978 1617 540
2487 3818 2708
1582 2834 173
2916 411 975
1897 4422 1906
897 2169 1214
636 3988 3433
1140 4519 581
2878 1615 3392
576 925 3769
1102 2774 3696
4564 3878 2123
2612 302 1352
2436 3341 3971
2124 4776 1265
497 4062 762
2505 1669 602
3580 4340 577
2486 2883 1449
4056 1381 3904
711 1850 3736
4617 3071 4064
2987 3459 1297
1222 4060 4738
1495 2199 3624
4102 3055 600
1221 3898 3832
300 435 945
2750 2263 1814
1182 4830 548
3982 4431 4808
3630 802 4052
3848 737 175
2885 4753 4177
3800 1466 1560
2193 380 1877
4060 3105 3324
2827 1220 3728
1814 2541 4164
2407 463 3107
1190 1561 3305
1111 2861 4907
4237 1856 732
2712 2511 3563
625 2586 3437
4261 1446 2705
213 4461 4915
209 146 1015
3156 2634 3330
391 637 3550
4160 1996 327
4719 901 4226
4815 109 4357
1229 4828 2171
2941 1464 4730
3060 4641 290
1490 1188 1548
81 4294 658
1672 4153 819
2397 1303 122
721 3799 3327
3804 4837 244
3978 489 2403
3453 433 3882
3506 3171 3154
3395 306 3991
2322 3213 3743
4533 1827 3383
3886 2675 4882
2551 4709 2264
4098 4594 1488
3708 2386 1086
4244 1823 4245
3110 483 3449
103 545 798
429 444 4205
591 2025 3429
4735 4138 1271
4965 4809 2618
4337 1012 693
4083 2350 4481
3990 3509 3465
2473 4696 1204
909 1665 2917
2017 1773 964
3206 799 2246
1295 4667 3219
4314 2775 4280
2612 537 4091
1885 317 1252
4603 1992 2601
1488 3121 822
2318 1157 2126
636 2183 1544
1903 2398 3332
556 3491 2939
3920 351 3714
3924 4288 2871
3523 2832 2245
1938 1806 210
1658 4487 1687
4898 836 4416
1651 1156 4221
1405 607 2465
725 2811 4839
376 4454 346
2649 3180 4264
3002 4099 2082
3169 2828 3808
3970 3174 1432
3359 2748 2041
3965 1704 1900
4020 3037 3948
3074 3673 1451
2445 1994 4140
3067 1491 3365
4290 4946 1420
1536 588 3828
2561 728 1455
382 4172 3894
4175 3569 4716
2224 3633 905
4950 4509 3475
4894 145 1127
4884 273 2285
3044 263 4209
1106 518 1984
4692 3746 4080
3996 3264 3010
1381 2627 95
771 4426 4067
2363 4376 2027
797 341 2877
2711 3981 3734
906 4156 848
2135 2708 3347
3028 3517 3179
3451 3469 4826
2752 1199 389
667 3513 350
2080 2982 3337
4732 4719 4699
3425 1130 3857
2779 4440 3378
584 1931 1503
2368 2429 1946
1279 4449 318
3598 4393 2466
2868 1468 4356
1296 604 4791
2640 4995 626
4284 1826 4097
4962 2980 3648
3636 2441 1965
1273 4694 3348
18 4185 2322
4365 1689 4127
656 729 2354
3638 203 2746
4918 2485 3026
2918 3932 3922
2245 3218 2876
2675 3899 3596
4022 4791 1398
2775 1493 2091
1313 118 1721
1555 1294 4441
2556 4188 414
1377 107 1925
1148 2954 2516
2546 2739 3385
2792 887 4180
1623 520 4479
2560 1663 3257
1492 4504 2795
1287 2981 2291
4617 3719 4470
2871 647 4012
4708 388 541
4934 4423 2853
721 2074 1280
4748 3329 2228
2508 765 4894
3542 2116 1350
4073 1214 1776
123 4010 3099
2333 2238 1355
3264 2073 1315
3667 348 4061
1586 749 1725
3767 308 2381
1723 2848 4841
1052 3995 2218
4647 4741 4754
1364 296 4349
3169 2289 1669
1448 3565 2845
193 560 2588
3878 580 4548
3762 1385 2053
1260 4716 4337
3700 903 1971
395 1365 2977
2145 2148 2029
4579 4915 3062
4985 2433 3094
3261 4673 1319
3934 2426 2685
371 3975 1744
14 2780 4506
4767 1772 4872
2770 2370 815
574 3933 178
3656 4181 3125
2917 3449 358
667 2012 877
1167 4818 862
738 877 2107
1781 938 187
1799 3374 84
216 4521 2591
2389 3490 2426
1103 4605 880
3763 121 1067
482 3046 516
1056 3791 2103
4723 3931 3763
2131 1155 1653
2575 3720 1456
3443 2632 420
3031 3393 437
2309 1334 4462
3801 47 4009
4093 4766 2763
1793 4035 149
1779 2166 1463
4555 4259 1547
2577 4908 1211
4290 932 3737
3425 1001 4017
2896 1648 1689
1837 2614 1590
2147 1074 2002
1042 2838 4579
3640 3143 3915
2238 2898 2952
2792 256 608
2778 4959 533
2675 4626 2224
4471 1255 4977
3498 315 3428
409 516 4835
685 3154 1602
4796 3290 4739
556 2999 1784
4505 249 2752
4079 2281 3171
2099 4064 962
455 1813 4432
2319 2626 1720
2857 4857 2802
3459 3559 751
1952 1502 1934
3419 4115 4509
1098 3579 260
768 3489 3011
172 4029 623
4900 4695 1026
3696 1844 3554
263 4008 64
3700 2236 2498
2246 3914 2610
1962 1353 2879
2063 2747 1755
2706 1713 3325
3427 4781 1691
795 3189 4224
4279 1783 1981
2436 810 489
1126 834 1248
1412 1771 3895
3093 1626 1815
1051 3774 2922
3301 4207 4109
1992 532 365
245 3147 4484
2892 3538 407
1889 4771 3430
2979 3470 591
1573 2505 2704
2108 2279 3744
1579 4824 1052
2714 2878 1024
498 1640 788
2768 148 4533
2162 3098 1063
1291 1326 1582
2236 2770 2678
1503 2072 3487
4429 3867 3017
2548 3208 242
2846 1346 324
2381 1602 4084
359 2714 2343
2617 2229 4026
3245 553 4781
2733 3803 2434
2847 188 807
431 1981 597
3126 1523 264
3397 1252 4825
243 2465 1461
986 213 1143
1369 2328 2283
3766 4679 3357
2476 3163 3320
996 3265 4992
3624 2612 2137
1337 369 1585
4644 4686 1082
3014 3592 4130
1909 1131 2060
1756 292 199
1531 379 4022
4012 3956 3911
3505 4303 1638
2244 1300 3782
2671 1595 4051
329 1480 3729
1397 4460 1286
4308 2896 4087
913 241 1218
3444 3870 4468
3147 1026 1603
3318 4973 1327
1964 3582 3446
4648 1677 3934
4358 4817 2984
761 3370 4909
3824 2432 3224
2844 1473 2477
3549 4592 4077
557 3583 1131
4339 2653 1626
4353 1679 438
3999 1833 4446
74 2104 3930
978 2717 2863
2529 1150 4098
1670 451 3716
566 4980 2222
2487 1387 688
3530 1288 4766
4921 3507 2973
77 85 775
4032 4399 4966
3373 3339 969
2613 1715 2132
1897 4802 2139
4609 4795 2573
3263 4526 4225
1273 4756 2034
4805 3415 85
2266 2783 4543
2828 2265 3544
277 3465 2173
3162 3510 4649
3914 161 4515
3758 2929 4487
2329 4815 2504
1865 4287 1811
3413 4377 1817
3593 2664 785
2960 3387 3081
2503 4644 2819
4556 775 3236
3687 628 911
4440 3969 3309
1748 1113 3441
1072 1410 1307
2368 4148 3702
892 654 738
1079 3413 1573
4170 4318 809
2543 4947 1408
806 2437 142
3605 3260 576
1993 786 713
462 195 3376
3929 1160 2909
3804 3739 2609
802 3502 2581
562 1518 3489
4216 3072 4050
3153 4812 4673
3818 2097 2662
4701 243 4294
1806 3759 4385
857 117 3271
508 2478 3958
4284 793 4695
474 4236 1279
4936 3295 2865
2784 3951 3910
1041 3380 1467
4137 90 3283
3027 3688 3409
1089 1890 2186
1158 298 196
4931 2015 471
2505 1786 1842
4674 2917 483
3581 3201 3183
2953 3505 3881
1863 3462 695
2626 1110 3413
4827 4092 3052
3783 2960 3822
768 1995 2
2206 1366 156
4687 2405 2994
3937 2633 893
680 1770 829
936 314 469
3296 2415 21
4119 4109 1553
2334 1398 441
2098 608 3909
2870 2963 936
1166 29 303
1982 2393 4344
2518 4645 1289
3175 1092 2095
450 4901 3497
2165 4845 2195
1291 842 440
3218 72 304
3460 4751 4832
2544 4095 755
1461 828 4121
3432 873 3951
3004 2596 3793
3698 571 2848
2185 3424 1718
3488 1283 1232
258 3325 1189
4879 428 4693
3492 2115 642
4507 1908 3712
2362 2045 2844
400 61 1163
4660 4584 2637
1828 4061 1060
19 548 448
254 2532 4032
521 636 4176
2408 246 1057
1444 2329 4352
2565 3371 2225
2223 4495 4742
2669 324 691
960 2177 3064
1012 4543 4891
3266 4596 3144
1667 3955 2317
1962 4128 1274
113 783 344
3739 1979 646
1133 2425 2417
3933 4312 948
3575 2475 4876
925 2397 302
4959 192 4527
4064 2884 1681
3098 4274 3379
2986 1040 326
1091 1243 3959
1015 416 1069
1214 2267 3035
2883 730 1937
4068 78 2547
3656 297 4994
4706 1684 1987
2715 4748 3880
2804 1444 331
1446 79 2784
4091 2272 1055
1665 4835 3039
2863 4581 1717
4885 4478 3817
1979 4489 4800
946 4834 2530
3862 2402 2927
576 611 2835
2082 4220 3042
4045 2729 728
948 404 1824
2078 508 3100
954 1135 497
475 4688 707
1617 2695 4584
971 4168 3663
2478 1018 606
3590 3829 2068
743 1525 3005
3620 3103 4207
3037 1912 2838
3043 209 336
4762 3158 2698
601 2673 62
4268 697 1196
4209 2792 2145
4229 3230 1703
1433 2391 1745
871 2644 3607
4798 445 4597
3647 1621 4722
4217 1605 4126
1116 846 616
4323 1095 495
3703 1494 1632
1947 3844 218
1817 3900 4813
3684 2057 1589
1698 2995 4878
3478 3123 2013
3051 667 2899
4595 3542 739
2433 2090 4308
2847 1327 3340
2633 1409 3916
918 567 412
2566 609 3770
2394 3839 38
4246 1805 985
1167 1 1887
1958 4046 3547
4081 154 1116
2973 3796 2452
3902 3865 1399
2552 3069 1999
2572 185 3481
1984 3015 4655
2583 2578 1923
3798 4687 3394
3979 2920 2389
2076 1538 4996
3053 2650 2611
2450 736 1608
2599 1832 2303
2068 183 3888
4293 276 4641
1322 1315 4033
3549 4276 2183
487 4184 4545
4759 4724 3184
3867 1781 4040
48 3165 3709
3579 4852 2011
519 2081 1084
2747 2094 3334
537 772 3576
3717 1088 2118
3180 3949 3615
3492 1256 1531
2148 2723 3009
4019 1272 4751
3780 1175 4725
932 3436 4455
3191 3473 1935
328 2777 3001
2567 2657 4794
3146 1930 914
209 493 3382
4381 624 1228
2718 626 816
152 2670 4952
3321 1137 917
3236 1335 4532
2192 961 2201
2519 3876 2376
890 2112 3387
2809 3948 2837
4005 3487 4582
3657 4821 3972
530 371 2066
362 18 2512
1762 3275 4803
3612 1077 1097
3236 4439 2929
1626 3151 3977
293 2609 3004
128 1467 1790
3483 4247 4062
1045 1960 1508
920 2473 3669
973 4366 2532
4992 1423 3349
7 3846 3079
4771 1099 71
3770 2854 3501
4106 1224 4237
2276 671 4895
4448 2925 1969
3645 4865 3674
807 1757 51
345 4628 1363
3044 1906 1894
79 287 875
818 2107 1096
3821 2648 4340
1708 1115 4756
2243 1377 2801
55 4183 3045
3696 34 4940
2839 4395 76
4181 945 3940
2565 2201 1507
4349 300 4724
4150 1971 4935
3378 332 219
540 3843 3213
917 2787 2170
2915 66 2545
2683 1534 4490
3048 2173 4063
1035 2642 2586
321 4205 4166
4480 3406 934
2567 235 4216
4692 3903 3072
2009 4313 4621
3560 1528 2070
2237 2504 1437
3884 4402 1845
2884 2404 927
2953 1195 4148
1002 3654 2953
3174 4104 4553
2937 660 3537
1663 2845 850
4448 2865 1650
1662 3709 1018
95 3801 477
1497 4862 3225
3174 1911 1948
2266 3366 1487
4708 2286 2569
4405 1136 3650
4579 875 3510
1273 4261 4075
198 599 18
3688 768 3506
1605 4346 2992
4406 807 3610
4771 4970 2810
4153 1988 1088
3684 1045 4387
1321 196 3078
4063 2053 912
1025 1402 1158
4201 259 2446
1181 4960 2090
2182 2972 2677
2466 3919 800
152 2852 3369
4911 1373 4609
799 1819 4531
1122 4120 1527
557 1934 1176
2378 358 1008
3734 240 1348
4729 2022 1748
2689 603 1396
436 1054 130
2289 3848 4049
3814 1583 3935
4103 1859 2471
213 3004 1554
3636 2122 1426
2215 2366 916
1354 2369 4611
3179 616 3868
2364 4157 2814
3763 4587 45
2721 635 913
1498 2919 4499
3171 3835 4215
519 634 2743
3699 1065 2057
4277 2264 3715
3870 239 4783
1773 1588 4956
835 1678 3451
699 3703 1325
916 839 2852
2041 330 3
3206 470 1191
3971 1426 1542
675 4348 4976
1078 4702 2146
4756 879 1282
1924 3485 1891
2328 1620 1859
4869 2126 185
2014 7 377
1592 722 3827
1031 3029 3870
4141 1769 4467
1779 2324 2582
3300 316 4575
4360 4647 2771
1465 4903 1609
3855 2063 1117
4338 1479 3919
3170 1966 3557
690 2869 3668
359 761 4980
3205 3410 1631
1959 2928 778
1954 2098 3227
3185 2969 376
1091 1989 1819
2621 2819 665
4758 1179 2462
1354 3142 997
1119 2476 1322
4792 2613 4457
677 2636 2896
1311 2680 1733
960 2168 345
4852 2808 2826
3189 3369 1306
2614 2892 776
1581 949 2501
772 2570 4105
1399 477 4961
3541 1566 1387
2895 542 4269
962 4554 1741
301 704 418
3685 1029 2121
4197 1903 4482
932 1990 1781
3262 3411 4912
1692 1454 4644
1292 2096 2579
3370 4323 3590
1908 509 3118
1819 721 2258
4042 3836 1914
3906 3602 4752
4471 2771 4230
3351 3203 1513
2464 3990 3914
801 408 3317
307 1477 3273
258 1278 1719
4660 573 403
3152 1465 4549
1537 3593 2144
2961 1929 4753
128 1289 3844
1660 2190 706
1767 4255 1623
289 1733 3434
2045 2899 3135
4160 108 1016
1288 4691 1857
4587 4308 1205
3715 1496 812
96 3350 603
2215 563 1949
4638 403 1796
3253 4149 1173
4124 3455 4424
3663 2640 2345
1601 4363 141
673 957 2483
2536 4680 3388
3116 1848 2182
4105 2679 4362
3617 4760 2154
2036 3891 4210
4070 350 4318
2890 335 3127
3770 277 2014
935 3576 4688
4453 1290 4585
1301 4558 1402
2670 3358 4807
2266 30 2138
4754 386 4060
630 1596 179
1820 323 3588
4448 4616 802
3012 2903 4587
4128 569 3422
4414 3049 1599
2550 3698 4551
4398 1681 882
1614 766 288
2083 2744 2450
2755 2079 1761
3484 4052 1333
1916 3078 4191
1715 210 3421
361 2561 2634
2934 3662 466
2259 2274 3995
2377 2540 2241
643 1306 4921
4707 3750 2127
3232 3162 1292
3463 2840 1773
343 3375 3655
3204 2287 3757
2512 1913 3400
2001 2859 765
1435 3966 4184
1361 1923 2405
4000 4314 3082
590 1634 1135
3478 2776 679
3907 3 3133
1684 3775 890
3293 1226 3616
3898 4698 4624
4514 194 4112
2804 633 2537
3529 2639 4397
3880 389 1912
3405 2158 2184
3535 3826 2839
4690 4752 1882
4308 3210 3795
3895 312 3661
3121 2724 3703
4400 3178 445
3073 504 3875
4373 450 1888
4440 1318 4925
92 1120 1529
472 2401 2421
675 3321 473
51 3833 259
1464 820 4493
3081 116 1372
4952 4397 4859
4300 3527 4328
2374 2373 2336
2515 1701 4668
3996 3248 1782
4031 3168 4235
1254 4612 340
1710 876 4715
124 363 2912
4096 1708 1146
1755 904 3031
3210 3095 2131
3731 3458 2602
1111 3091 292
2209 1973 2885
1095 4277 3861
2474 3253 4047
3261 2147 595
950 4044 2267
44 4785 4354
102 4098 2807
2008 1229 3028
914 2617 4870
3134 4501 901
4866 4693 2055
387 715 744
1892 700 287
3781 2496 4669
2787 3225 2589
2180 4601 2384
3832 1978 2219
4798 1340 2479
3420 627 3073
2874 3964 1259
505 4579 4823
4993 4017 1604
1701 2922 4341
1423 3616 1663
4833 1765 4125
3073 2637 2707
3242 998 1769
2209 1265 4353
3844 2308 4212
2067 2119 1364
4559 1993 1130
3221 174 2672
550 453 2358
540 1475 2071
4983 1367 2811
4891 690 4974
2850 3250 2962
4310 3266 3048
1548 806 2491
803 3173 1704
2837 1556 4113
4768 1549 2104
3020 4347 4255
3785 3148 2393
4356 140 4167
2969 2219 1973
3672 4447 794
3031 106 4646
2113 233 2281
2957 49 1168
4134 1456 10
1883 2676 2318
4370 4759 2757
4960 587 1107
477 951 1660
3240 1017 3774
886 2448 2668
2176 4733 1535
4918 936 797
699 1572 2894
2322 4522 612
2247 4779 4849
4689 3610 2108
431 3809 2627
784 4930 4450
4219 4351 4104
1843 1780 160
125 2469 4569
2288 105 2373
3024 752 2614
4218 4769 3008
1730 2395 3963
625 3383 588
621 3974 4489
1439 446 200
1653 4088 4768
4417 4014 3938
947 2746 1498
3655 4956 1033
1476 3935 568
3108 3376 1641
1346 1647 1468
1812 3880 3665
4766 1249 386
1356 2282 856
3943 829 2733
4541 4712 4922
1768 2208 820
3887 4301 526
4570 1481 1254
1209 1799 2075
1431 645 3797
1514 2445 2785
4594 1752 1321
2569 3784 4451
788 3351 2993
2792 523 2330
2132 3303 1149
1546 3224 599
4675 3181 2930
2923 2534 748
1423 2495 220
4800 3757 4332
577 1693 2970
3942 1488 3884
2143 4238 171
1339 1266 295
2610 2646 413
1084 2313 1525
1363 2554 192
417 3762 4249
4348 1614 2580
3662 4893 1495
2882 3051 3404
2934 565 3539
3989 4125 4329
1505 4614 3981
161 3349 4689
2207 3711 4657
950 4931 2293
4868 4886 1972
4291 2100 725
3763 2266 1694
3776 3802 4580
2217 593 4016
2219 3257 840
4623 4708 224
1651 3085 4327
3804 4285 3370
2837 456 1339
1296 2663 3074
2448 3054 2566
58 4602 3750
933 1205 2748
3220 3001 2179
299 4337 920
1574 2684 1696
192 3771 2523
1957 1191 208
1562 305 943
4558 1642 2028
2713 4039 4983
680 3404 1917
4712 1801 4880
1754 2488 2521
779 2923 1226
2484 3881 2430
117 4900 2936
2701 4038 98
3261 119 4144
3006 1347 3818
336 258 1073
2298 3781 3947
2292 3564 977
1907 4198 779
1108 3756 2072
1029 2897 4350
1457 2803 978
2372 4451 1593
3666 5 56
1020 2715 3812
4774 4204 3679
1136 3589 3619
3563 3002 4843
616 437 294
762 1081 4273
3063 295 3641
2387 3748 1424
2787 4682 3742
3497 4441 283
2545 1386 3813
4917 1093 3591
4134 4542 3871
1639 4968 3285
2574 1630 3876
2198 3057 866
997 1014 2162
3914 391 429
1777 2178 2972
3585 1759 4150
1265 1822 3147
4291 3176 4119
3848 2713 3768
4008 3905 4420
187 4811 1111
2435 4488 2846
2924 1788 2080
4342 4664 536
4324 2164 1675
2448 988 184
659 662 4494
2498 3365 1915
2252 4863 4861
3784 4839 117
2263 1405 1749
3729 4822 1453
1942 3386 4889
2525 4269 2270
2074 288 1831
954 3770 849
605 2936 1562
3987 1196 4943
4965 4091 32
930 1746 150
4311 2837 1952
1686 4462 2712
4675 1687 527
3583 2203 1601
3392 168 714
2081 1728 583
1644 4078 4379
1572 68 935
1743 3968 4964
3110 1471 4857
1328 899 4272
3035 2523 876
110 703 2238
602 2669 4002
4293 4077 1746
3647 741 4196
1265 2956 2888
4342 427 128
534 2343 2529
2710 4222 3474
9 11 4949
561 893 2274
2675 499 2605
4179 1408 1818
150 2525 118
3866 790 163
4316 4208 1346
1024 4194 1308
2844 1329 4053
2637 2479 4684
2280 2551 194
881 1732 2562
3064 800 1546
1221 4557 1874
3321 1579 3018
4129 3851 4307
2878 2661 1384
4451 2688 3551
2394 1585 4472
4470 4405 37
1533 2030 2467
4582 4555 1852
4836 2349 3640
3726 1370 704
75 3288 2116
146 713 3612
3508 4634 571
2076 439 1434
1220 226 2160
