1
5000 5000
953 2892 3218
1663 953 4622
231 953 4591
953 4271 231
953 1515 3543
953 2417 2925
953 873 4410
953 2731 1318
301 953 2335
1387 953 3403
953 605 4344
2095 953 3558
953 4482 3960
2428 953 1014
953 2841 747
953 1053 2483
953 1267 2729
4896 953 3519
4649 953 34
953 485 614
953 2857 216
1316 953 4104
3148 953 4281
2520 953 2589
953 912 1758
3253 953 2635
465 953 1553
953 4671 160
953 4346 1874
2832 953 238
953 143 1500
4547 953 690
2685 953 1596
3997 953 4811
3623 953 1721
402 953 4128
953 4305 1444
1688 953 1217
3859 953 2758
953 2353 569
953 562 3238
516 953 278
953 118 486
1645 953 3756
571 953 2404
381 953 1052
2286 953 2452
953 1663 4852
953 552 3514
1710 953 3128
953 1122 893
953 4972 1286
953 2110 3264
3232 953 1081
953 1939 4720
953 141 4237
109 953 554
953 2221 1369
953 1761 3528
594 953 708
3286 953 3414
953 2611 1832
1304 953 2469
953 4956 145
2685 953 4673
953 3599 1322
2689 953 2326
953 3215 1602
1486 953 3688
953 3318 1694
4128 953 3716
953 3648 2502
3369 953 1388
3309 953 452
953 3844 2163
2385 953 70
953 3460 4982
4964 953 4988
598 953 533
953 525 2121
953 2156 4148
1321 953 3425
4999 953 1427
953 3803 3790
953 3842 3126
953 2987 1104
893 953 3853
953 3046 3942
617 953 3670
3677 953 2767
4693 953 740
472 953 876
953 1792 2467
2706 953 1233
953 1543 1868
2849 953 1300
3547 953 2953
953 4933 2154
1564 953 4297
3808 953 4339
1792 953 3677
2189 953 3553
4255 953 3816
953 419 932
3027 953 316
4824 953 3440
953 282 3455
953 3054 4857
1797 953 2810
992 953 4345
953 3269 2310
4393 953 4037
953 1251 2808
1639 953 1299
3665 953 3757
953 498 2194
953 1780 4512
2765 953 1985
986 953 1737
953 3125 1237
953 4796 955
953 4169 2297
953 3533 2865
3450 953 2585
953 3666 4473
3535 953 298
953 2355 4753
953 2123 4200
953 687 4645
953 653 3149
953 69 104
953 3752 3949
9 953 4580
2302 953 3833
1661 953 2111
335 953 2616
3891 953 1023
4261 953 93
3998 953 3455
3728 953 179
2223 953 725
953 4812 4155
3719 953 4459
4618 953 2123
953 482 985
3764 953 3139
953 2821 3390
1671 953 2536
953 3885 1258
725 953 4871
953 4241 247
953 3805 1082
2589 953 979
956 953 247
4497 953 2756
953 1934 1751
2367 953 1617
2000 953 3534
1367 953 3664
953 3719 4579
953 1833 4543
4111 953 4462
953 4926 799
1820 953 954
2248 953 857
953 2915 3011
953 3820 3014
953 2688 3983
4575 953 1340
953 2939 3600
953 123 2842
529 953 1551
953 3909 4361
1939 953 4573
953 3633 3269
953 3339 959
1505 953 610
4006 953 1805
953 4428 4350
953 1076 2746
953 1044 3713
953 748 2798
953 3660 2086
953 2867 3747
3830 953 2833
12 953 3971
4796 953 3808
953 1982 2330
953 2489 4730
1733 953 1800
3523 953 3154
953 3956 3725
953 4483 3944
953 2975 3254
953 4966 535
953 4564 3456
953 4628 842
953 227 2645
953 1074 1244
1449 953 3234
953 1216 4228
953 1432 1822
953 674 1436
2715 953 1617
1491 953 1383
2101 953 2644
3475 953 3810
953 1177 4021
953 1930 1162
4932 953 440
953 4814 1343
953 3870 1248
2354 953 3384
3276 953 2985
953 2307 3116
953 1434 1077
953 3871 3043
2883 953 1830
2068 953 290
1903 953 2536
953 1260 3380
2614 953 2083
4785 953 3070
953 724 700
4172 953 2160
953 3647 171
953 4685 4601
953 2855 3426
953 1493 4438
2729 953 3116
953 532 2142
953 727 4537
953 817 3207
953 3993 4929
953 1763 190
3552 953 4534
953 1302 2673
4696 953 3702
2291 953 2322
2538 953 858
953 4017 2289
1030 953 2797
2205 953 3284
953 906 416
4216 953 1870
953 2522 1169
1153 953 4237
3621 953 1492
1389 953 2050
953 4419 1234
953 2718 2197
953 986 4634
4400 953 4157
953 4490 3926
468 953 1948
953 920 3122
953 914 4193
953 4369 3828
953 4187 3486
953 1052 877
953 3202 1045
3320 953 1344
1228 953 1198
1869 953 4082
364 953 1158
953 1106 4627
878 953 1362
2411 953 3256
953 1101 3362
953 4473 350
953 4631 675
953 3787 4879
953 11 6
953 685 3760
953 4841 4443
4562 953 423
953 3494 543
953 374 374
953 2128 3972
2590 953 4995
953 2663 4485
953 3823 3133
4794 953 2773
2277 953 3784
2189 953 2640
953 4942 2641
953 2847 2365
953 2762 3669
953 602 1873
953 1369 4659
953 316 4910
1918 953 2169
953 3837 3411
2113 953 3268
953 478 4176
953 322 4451
953 4388 3761
953 716 3828
309 953 485
3333 953 2202
688 953 1258
2818 953 2760
545 953 3058
953 1516 3756
953 4525 4366
398 953 4225
953 1412 413
860 953 2092
1242 953 2048
1108 953 2940
3301 953 4441
4642 953 4731
953 1956 3210
953 1613 3519
811 953 1389
953 2152 2442
953 3480 3478
953 1784 1283
3037 953 3122
1939 953 4526
4486 953 2744
2245 953 1105
953 3060 931
953 1587 1796
4069 953 2884
953 1491 229
3777 953 723
1695 953 1291
4212 953 2163
4495 953 3339
953 3399 1972
953 2687 1112
953 4813 886
2767 953 3092
953 42 1082
953 4792 730
953 2140 1146
3490 953 117
1041 953 1014
2505 953 4501
306 953 3808
953 3277 1733
953 2958 4908
953 3888 2596
2779 953 948
953 4647 4534
2530 953 2692
1392 953 4946
953 4208 4766
2573 953 4245
953 1663 4547
4519 953 1844
953 4318 4536
953 4695 3245
953 4730 2864
1790 953 1295
953 2177 2344
3815 953 1812
953 602 2997
953 3977 3804
3056 953 2090
981 953 478
1054 953 4296
2431 953 1155
953 1083 3431
3001 953 306
953 1221 3157
953 2699 107
4435 953 1579
953 2264 4141
953 3967 4498
953 2579 2650
3135 953 3794
953 360 2420
953 1172 4781
953 4426 3130
953 2766 3763
953 4778 381
953 4947 4486
953 4565 1666
953 447 776
1490 953 3619
953 3355 3405
4409 953 4995
953 2998 1076
953 1942 4983
588 953 3323
4914 953 2242
3014 953 389
1092 953 1477
2189 953 59
953 3330 3135
3448 953 3928
2105 953 3706
953 4679 4942
953 4980 2721
1871 953 2594
3553 953 1805
953 4776 1149
953 4378 3901
1903 953 4528
953 4972 1327
953 2079 2675
1719 953 22
1957 953 4647
1515 953 4197
985 953 4338
953 3354 2298
434 953 2697
3565 953 661
4337 953 3354
530 953 1434
953 1049 1724
1980 953 4782
953 1961 474
953 3686 2153
4988 953 1745
953 4319 3801
953 3431 2676
3900 953 876
1913 953 1486
953 622 3462
953 619 3451
3129 953 4418
953 3382 3280
482 953 4416
953 651 1509
953 2004 74
3564 953 4875
3174 953 2841
953 2566 218
3971 953 761
1482 953 1244
4217 953 1908
953 4670 336
953 2889 829
953 62 4730
953 3165 3343
953 1033 4273
1413 953 3059
1977 953 918
953 2568 3276
259 953 3563
953 1246 3024
953 1120 616
953 476 2505
953 4290 4422
4509 953 4394
953 4390 592
953 1587 1066
3209 953 3513
953 2108 2356
4023 953 4810
2153 953 1199
2744 953 4944
717 953 4873
953 750 2992
953 4954 938
4262 953 3155
4191 953 1444
953 4765 2583
4795 953 3957
953 2352 2877
3509 953 1110
4700 953 2966
953 3182 471
1815 953 176
1206 953 458
953 1496 1745
953 2607 1901
953 3571 1746
1145 953 96
953 4403 1502
3711 953 2224
953 398 1496
4064 953 1742
953 3485 2100
953 2794 4861
1767 953 2432
953 594 4069
953 4132 3190
953 4753 3606
953 1901 3952
3586 953 4289
953 3442 456
1090 953 3892
236 953 218
2792 953 283
3145 953 587
953 3595 76
953 3604 2431
2693 953 1445
953 3069 4238
721 953 2483
3109 953 1151
1364 953 2844
953 2053 1240
953 2931 601
2610 953 2003
953 2983 426
953 231 3846
953 965 2457
953 1701 3765
953 666 3885
2183 953 4257
953 2302 4473
953 4754 425
2574 953 221
953 3173 379
3766 953 1438
953 261 1041
229 953 2521
2799 953 4500
953 2141 1500
27 953 380
2490 953 1247
953 402 4290
2012 953 481
286 953 1960
953 3605 2817
52 953 1017
953 3964 2711
953 2053 2199
953 3635 1292
953 2822 1024
1340 953 135
856 953 2943
1049 953 4379
953 4047 439
3805 953 4715
953 4964 94
953 3296 181
4176 953 3910
953 563 3160
953 584 3819
953 3244 4045
2105 953 611
3140 953 1703
953 2443 3785
953 3340 4191
4650 953 4398
953 4220 758
2724 953 3228
343 953 1783
953 1487 2163
3084 953 4438
953 2703 3323
4297 953 713
953 613 219
3790 953 348
953 2787 128
3288 953 4771
4908 953 608
953 2711 286
3484 953 491
2138 953 1961
3945 953 1407
3649 953 1878
3106 953 842
953 3598 1033
3874 953 3186
953 2322 1791
953 2580 1505
248 953 4482
260 953 544
953 3050 423
953 1881 4748
953 1467 2796
953 1430 2861
1389 953 570
4547 953 4565
4638 953 3202
3465 953 2616
953 837 4188
1712 953 1641
238 953 3621
2375 953 4566
953 2791 1488
953 3867 284
1915 953 2929
953 1146 3193
3383 953 3611
894 953 1862
953 2840 997
1705 953 3067
4593 953 3386
3041 953 2046
953 273 3775
1421 953 902
1216 953 4213
953 4957 4220
3147 953 3801
1033 953 3979
953 678 4583
953 3444 4979
3320 953 4062
1565 953 2837
2521 953 3546
354 953 1949
626 953 4620
3852 953 882
379 953 3945
1012 953 1821
953 4860 777
1778 953 2363
1376 953 2060
2780 953 3306
953 3360 3541
4424 953 376
953 3951 2847
945 953 2285
953 3250 2573
953 1012 3351
2319 953 2768
1312 953 3320
1805 953 4840
3032 953 4970
4475 953 4238
953 2295 4349
1345 953 3782
4675 953 1610
953 2088 2091
4139 953 753
953 738 4548
293 953 283
953 806 226
3225 953 3992
953 3766 308
953 1482 3541
1281 953 941
953 1692 1496
571 953 2928
462 953 3212
3137 953 3504
953 313 3289
953 2765 1092
26 953 767
953 4817 743
1253 953 1218
953 4903 4494
3694 953 2781
2822 953 391
1681 953 895
953 1868 2984
953 2105 611
953 3425 4186
2810 953 4466
953 3580 1783
1647 953 4773
953 1203 2240
953 3329 1282
3151 953 2672
4687 953 1333
953 3472 1127
2713 953 3485
3851 953 3872
953 383 2108
1529 953 3165
953 4493 401
953 3778 1476
953 2672 734
2493 953 1767
953 3570 1690
992 953 4244
1773 953 3327
953 3948 1524
2904 953 61
2307 953 1508
953 761 3448
2265 953 58
953 4752 3537
953 1123 3877
953 3822 1639
178 953 3762
953 668 3351
953 4462 2242
4 953 69
1316 953 1362
953 3358 4071
2817 953 3328
2740 953 4011
953 4020 3930
2263 953 4251
953 4996 2887
953 4750 2400
953 1861 4047
953 3387 4783
3873 953 1564
953 2109 686
4343 953 1640
4463 953 18
953 399 1142
953 3634 1825
953 286 4535
953 4028 1634
2231 953 1635
882 953 2552
1822 953 2201
750 953 4096
4484 953 2712
953 3935 4024
953 1856 3379
953 1954 2954
3039 953 3004
4646 953 1990
318 953 4059
2930 953 2349
3288 953 1528
953 2692 3136
953 4322 4434
1782 953 3419
953 111 4551
400 953 2844
3154 953 177
953 1183 179
3414 953 3604
953 3188 3266
3538 953 1783
953 4004 4556
4155 953 1189
4247 953 4586
953 379 3581
3911 953 1641
953 2398 2836
3836 953 2834
687 953 2028
1818 953 1929
4741 953 2224
706 953 2056
953 2114 2637
1981 953 2851
2114 953 4226
3114 953 1583
3546 953 3632
953 1801 635
953 276 1192
1736 953 1329
257 953 4501
953 270 690
2397 953 4703
953 2472 4402
953 2052 428
953 2829 4313
1729 953 2112
953 4605 4777
953 1750 4088
1074 953 3427
2822 953 1000
3958 953 406
2806 953 2444
436 953 2800
3870 953 3867
953 4010 1786
1977 953 2263
953 1840 1189
953 2827 3880
3874 953 3973
327 953 1594
3728 953 1524
953 3813 2139
568 953 1323
953 1248 1085
953 3744 4901
953 1547 80
953 4063 730
4401 953 532
953 2040 2383
953 1656 4429
953 1799 509
953 3660 1412
953 2488 2844
953 4155 1606
4654 953 4219
953 3266 4360
953 564 2894
3215 953 3876
953 2772 1675
953 2956 1828
953 1961 2494
399 953 1120
4681 953 470
2845 953 2514
953 3422 3064
953 3272 327
4732 953 2962
953 336 1997
953 277 2045
953 4571 2866
389 953 1326
4290 953 620
285 953 3283
1286 953 4360
953 4488 752
953 2142 3698
953 899 432
953 2472 2897
1386 953 4671
953 2557 1498
1879 953 4230
3308 953 3759
953 1183 1045
953 94 2267
2849 953 1903
953 4142 2282
953 1461 3562
953 1558 3256
953 2473 162
953 2423 4182
3597 953 2396
289 953 1124
2125 953 1821
953 3241 2175
953 3655 2382
2422 953 1639
953 4902 3535
646 953 331
953 728 3751
1516 953 3301
939 953 1321
953 1919 4123
953 623 4883
3235 953 3054
1200 953 4263
953 1204 3805
1675 953 1464
674 953 328
3704 953 1630
953 4405 3277
3674 953 3554
953 877 1855
4997 953 2771
953 1344 2137
953 2819 1584
953 4754 3720
953 4115 135
4742 953 3651
953 4879 669
236 953 4591
953 3748 2122
4521 953 1140
1736 953 1646
953 3152 4804
3265 953 587
1802 953 218
953 3369 4589
953 923 87
4519 953 1911
1616 953 1012
3724 953 727
953 481 2322
953 1244 3805
4950 953 1138
953 3689 2725
953 2328 2249
4179 953 4714
4802 953 2968
3401 953 611
953 3056 3714
953 358 2510
953 4529 313
934 953 2549
2033 953 4265
61 953 3005
3997 953 2198
953 1390 1197
898 953 3261
953 3557 2229
953 4978 1033
953 919 2827
953 2451 718
335 953 3938
953 3268 2530
953 708 759
953 4674 598
953 3917 2868
4748 953 4273
379 953 4453
953 4708 3665
953 2527 4755
953 1336 25
953 854 308
194 953 1559
953 280 1392
3784 953 4624
953 2848 456
953 4961 3265
1347 953 4556
953 4942 1114
953 3297 4037
953 2807 641
953 2493 711
4044 953 2690
953 1649 4054
1267 953 2614
2486 953 1276
953 3313 2887
953 465 369
442 953 3533
953 3803 2189
953 4294 4883
4968 953 4899
3875 953 147
3591 953 3958
1770 953 2456
953 1393 314
953 916 4759
4199 953 4893
2812 953 4861
953 859 1368
953 1469 1133
3872 953 4831
953 400 4735
953 1514 2578
953 2409 553
4604 953 3281
953 632 1123
3856 953 3420
1781 953 3993
1650 953 1058
2669 953 4942
1912 953 1297
4105 953 4686
953 2981 635
2896 953 1773
1394 953 895
791 953 4145
953 3529 3497
953 2164 2274
3800 953 4886
953 1536 2117
836 953 4254
953 590 3457
3208 953 1128
832 953 3660
953 1667 4924
4447 953 3857
953 956 1852
1043 953 2503
953 4753 3741
953 32 600
953 4794 3567
953 2703 2995
2800 953 3299
953 2045 1986
953 2540 4935
4168 953 1289
3526 953 2637
953 4477 1994
749 953 2174
953 2408 3596
4394 953 1145
167 953 473
953 4001 4426
863 953 1470
1378 953 4767
2712 953 2876
1950 953 138
953 2425 4695
953 270 1537
2643 953 2727
953 2852 1534
2348 953 141
953 2638 2815
953 3470 3635
3402 953 3946
4976 953 3936
3351 953 3201
4568 953 1207
953 610 1525
953 232 3158
164 953 2872
1493 953 489
953 620 4138
953 346 1616
908 953 4815
4473 953 520
953 1905 2458
953 778 4139
4916 953 2053
953 4313 2378
953 1149 4191
4975 953 4188
2419 953 40
2886 953 2131
2031 953 2921
953 1359 2593
3553 953 4228
1635 953 177
4682 953 1819
1025 953 1865
1523 953 213
3421 953 279
2164 953 4668
953 448 336
953 3984 1126
3690 953 4368
323 953 4563
953 3700 4559
4561 953 4412
2685 953 3636
953 3213 4318
3188 953 1305
3028 953 2665
4740 953 3983
4321 953 4229
953 466 3220
2931 953 4795
953 1687 4165
2013 953 1557
1637 953 3185
953 1468 228
2985 953 220
953 917 4515
1842 953 1287
2409 953 247
953 1598 4925
953 3134 62
953 3426 75
953 4217 637
953 2915 4749
953 1931 2920
3837 953 1868
1585 953 2395
953 374 1828
953 2706 3193
4103 953 4952
1391 953 2237
953 3862 1932
953 685 4526
3505 953 8
3402 953 2177
3699 953 152
953 44 1017
953 2613 473
953 1570 1837
3395 953 1367
294 953 520
536 953 2978
953 4952 2808
953 1343 172
953 4177 1739
953 4215 2152
2955 953 1853
3400 953 622
200 953 3463
953 1795 1111
2397 953 2196
1195 953 591
2768 953 1707
953 1216 3014
953 2529 4679
760 953 3993
2964 953 1174
4718 953 4781
953 1577 2766
953 4529 4558
953 2110 3176
953 1948 3405
4153 953 2967
80 953 999
953 1291 2752
2319 953 4867
953 3833 4035
953 3938 2979
1110 953 2438
953 1199 2608
953 3730 4814
953 110 2477
2442 953 197
953 4689 269
953 1979 27
953 3326 2466
601 953 3488
1655 953 223
953 3081 4233
953 1494 2836
4902 953 4553
3670 953 3435
4937 953 3081
2856 953 4403
843 953 1311
2395 953 3813
1624 953 3102
4253 953 922
953 2633 4612
693 953 3124
4259 953 2204
4451 953 4747
953 41 3332
953 503 36
2659 953 1925
3902 953 4626
953 3129 3689
1428 953 2970
2570 953 2046
347 953 867
953 3085 2591
1194 953 2845
1058 953 3867
2334 953 4690
4377 953 3482
3283 953 4039
953 103 2177
2203 953 257
256 953 3643
3993 953 2734
953 3433 1580
953 1366 4776
953 1440 942
1505 953 643
4239 953 1829
953 1012 3032
953 4008 3365
4933 953 477
136 953 4515
953 1901 2854
1057 953 3519
953 901 3479
953 3493 500
953 4468 3724
1587 953 1522
953 4431 3717
788 953 253
953 660 1706
4362 953 888
953 3488 325
953 4210 3277
288 953 1189
953 4856 4047
932 953 3976
1504 953 4822
953 2435 3924
2781 953 3319
3532 953 3356
953 1429 4481
953 3947 2784
4494 953 1381
1749 953 4615
555 953 3376
953 4760 4920
2514 953 2347
953 3328 4297
953 1068 908
1617 953 1528
1953 953 1256
7 953 2023
2011 953 3331
941 953 124
1233 953 4468
953 4989 43
4109 953 1399
1706 953 4924
953 543 1650
4996 953 1779
2017 953 3640
2000 953 2385
953 1934 990
4294 953 4494
1543 953 2939
4721 953 4551
3789 953 3292
2292 953 4608
2361 953 1147
1857 953 1235
953 4133 1936
953 1495 1567
953 820 2571
954 953 619
683 953 1589
176 953 738
801 953 3409
4463 953 1050
953 4745 2261
953 3271 305
2841 953 3662
2696 953 3017
953 4051 114
1347 953 3367
953 3496 4644
2403 953 1360
287 953 1014
953 2182 3568
953 4311 2931
953 519 3312
953 4842 643
953 2094 26
1481 953 4562
2076 953 27
2964 953 889
953 1605 4112
2028 953 649
953 2526 1838
953 51 1421
953 988 4287
3486 953 4089
953 3245 4326
1040 953 2830
3129 953 1263
106 953 201
4206 953 369
953 1399 3266
2495 953 1103
2590 953 4754
953 1091 924
953 4900 3310
953 4386 3094
953 1116 1831
1483 953 429
953 4910 4582
953 3941 170
953 808 1029
2135 953 3194
4489 953 1096
4001 953 4870
3341 953 1503
2472 953 588
953 430 288
1221 953 273
4858 953 1766
89 953 1984
953 3084 3660
953 3881 4501
1386 953 2765
768 953 2226
953 3514 3298
953 4518 3814
2383 953 925
953 2253 1759
953 4535 3213
2530 953 4246
4905 953 4525
2813 953 1605
2395 953 3381
866 953 3761
1069 953 374
3990 953 3477
953 4415 2921
3447 953 1171
339 953 3228
953 3787 1737
2390 953 992
2111 953 2835
953 4203 513
953 2800 4692
4298 953 3120
953 4641 968
2542 953 4352
2182 953 4950
2954 953 3366
953 116 352
953 1977 2156
953 4344 4592
953 1153 3689
953 90 4078
3113 953 448
953 2305 4988
953 4946 4825
3796 953 2947
1400 953 4863
953 3855 4948
953 4416 370
2746 953 3501
2932 953 3685
953 1521 1714
953 4573 210
1829 953 4643
4874 953 1879
4733 953 2959
4166 953 5
953 996 133
953 4584 1188
953 2771 3804
3408 953 2898
1519 953 4014
953 198 262
1380 953 756
953 3194 48
953 224 1465
953 3867 2315
953 670 2579
2849 953 1520
953 4844 1602
539 953 4948
953 4946 1785
953 2583 1224
2098 953 3631
4861 953 1305
953 4522 1921
953 4699 1816
1754 953 1179
606 953 187
953 2614 1981
953 3765 860
384 953 1841
953 1987 4491
953 56 4235
953 2508 3938
953 2006 571
3122 953 4866
953 2961 286
1610 953 1618
953 2731 4114
953 4578 1701
953 1028 776
1768 953 608
3055 953 3449
953 3962 914
2054 953 428
953 828 503
953 889 4564
953 4713 4353
3723 953 4436
4266 953 2508
953 577 4886
1909 953 4178
2968 953 2132
1733 953 4926
4853 953 488
953 2084 3579
953 2614 3627
953 93 669
953 25 3569
3888 953 3492
953 3088 930
953 2365 1756
4822 953 4181
2352 953 3404
978 953 1463
953 4805 905
3453 953 2105
798 953 397
143 953 3092
1388 953 4490
953 873 4912
953 2414 127
2457 953 4240
2261 953 1017
4631 953 2910
529 953 2924
953 2754 4896
953 3979 4222
3262 953 4367
2767 953 2864
1607 953 3128
995 953 705
1295 953 4883
4472 953 481
953 2985 2934
1563 953 516
4401 953 1252
1582 953 400
953 2004 3829
953 1986 3992
953 4927 991
1983 953 3892
953 3866 4119
953 1162 2863
2825 953 1383
953 3722 1595
953 2583 2032
953 3152 2852
953 3560 3183
953 4831 4848
953 1582 4478
953 3422 1635
1430 953 1451
3674 953 183
953 2071 1268
4435 953 588
953 3603 2603
953 78 1581
3774 953 2684
953 1183 2206
953 1802 4023
953 4317 3242
4214 953 406
75 953 1051
260 953 2415
4896 953 4249
3465 953 1960
3613 953 2364
2275 953 2626
953 4810 93
3948 953 3257
953 48 3378
953 3988 426
305 953 3161
3701 953 1951
953 1173 122
953 525 4220
953 3679 4826
953 2346 4140
953 4820 2983
953 2899 3059
953 2924 1245
4955 953 2216
953 862 103
953 3849 2838
3761 953 1374
953 2427 4806
953 88 3619
953 155 3783
953 4922 4145
953 4566 2561
953 1339 3816
953 137 4702
953 529 209
953 4826 735
953 3158 1608
953 2057 1414
915 953 1344
953 2212 3808
1245 953 2725
953 4264 129
1314 953 1628
3640 953 2237
953 1864 1934
1325 953 4130
1398 953 3066
953 3329 4585
4436 953 1541
953 2158 4782
953 6 4411
1733 953 2468
953 2342 3873
953 727 1009
953 2406 3327
953 1731 730
953 2997 1717
953 2716 2187
4918 953 3514
953 340 3521
953 927 2334
1647 953 3186
953 951 2835
2946 953 168
953 3606 4081
4993 953 4590
953 1563 3698
2182 953 2861
953 1165 4277
953 1524 2120
2987 953 3686
953 507 3208
1995 953 1071
953 3824 1512
953 2966 3995
953 3964 1516
953 55 3084
953 842 2447
953 1703 4713
2499 953 987
953 4701 4651
613 953 3457
4791 953 3745
953 4892 3890
953 2874 3881
1885 953 3267
953 1967 87
3262 953 4448
4501 953 465
142 953 4441
953 825 2275
953 825 992
4694 953 1335
953 830 3801
953 4392 1064
3974 953 1904
796 953 286
1122 953 2036
2479 953 2979
278 953 4940
953 766 4859
953 4806 4226
1641 953 2265
3828 953 430
4584 953 3426
4718 953 2571
953 2131 1593
953 4302 4160
2146 953 723
953 1006 2843
953 1972 4754
953 648 263
4734 953 773
953 4227 1146
3526 953 1150
953 122 2705
953 2133 3172
953 1851 3251
953 1117 2477
953 1987 557
4798 953 2555
953 4119 4552
4823 953 1790
848 953 1029
953 3009 2999
4038 953 1910
3593 953 1484
953 307 2333
953 1328 3748
1704 953 3412
953 1429 19
953 4841 3655
953 3394 1313
3763 953 2811
1153 953 3688
3284 953 1318
4168 953 4659
1855 953 4634
953 4529 1103
2376 953 1657
198 953 3274
953 2287 1023
3722 953 2963
953 4936 4428
953 1670 1145
953 1720 1281
953 4312 571
1690 953 1436
1741 953 102
953 2530 1334
953 3416 2601
953 3106 4789
953 4195 2099
953 422 953
2709 953 4373
1282 953 4883
4159 953 1445
953 2382 86
3852 953 1609
2991 953 1899
1197 953 552
1315 953 2141
953 3925 1929
953 10 1189
475 953 4178
259 953 3676
953 3021 82
3102 953 1435
2316 953 809
977 953 1164
953 347 4009
953 4836 1228
3215 953 4735
953 3393 1522
953 4300 3609
2723 953 1816
953 2416 2243
3750 953 747
1341 953 177
953 4094 1809
953 4732 3218
953 936 4273
953 4941 1566
792 953 4138
953 3855 4725
953 3613 1601
3159 953 4656
2986 953 730
953 4628 4403
953 1044 4022
953 3362 4844
4246 953 1922
2188 953 1750
953 1084 4471
3455 953 2134
953 1118 4416
570 953 3582
953 4940 2206
4089 953 2490
1654 953 2309
953 1944 515
953 2837 2288
1056 953 4550
2458 953 1799
4322 953 855
3115 953 4504
651 953 3790
953 2236 2664
953 1863 1214
953 1253 2970
533 953 3018
953 4909 3689
953 4474 780
953 397 2076
2717 953 939
194 953 3588
4511 953 452
953 2379 2178
953 4796 4182
953 4932 1992
953 1403 1494
1539 953 927
953 394 1523
1949 953 2716
953 2598 2389
4956 953 552
4195 953 1912
953 718 3177
953 3491 2534
953 1827 552
4378 953 4266
2426 953 4993
953 3974 2575
3016 953 3462
953 3856 1604
3919 953 3044
953 1370 1350
953 1447 2282
4007 953 2701
953 1118 1687
4756 953 834
953 874 2905
953 2195 2382
1244 953 3463
1388 953 525
953 3887 2579
3541 953 2686
3871 953 2804
777 953 1643
3799 953 4813
4585 953 1573
3143 953 4446
27 953 1381
4350 953 2774
602 953 3411
953 640 3828
2176 953 4126
953 3077 645
4744 953 4211
953 928 771
953 4663 2852
953 2750 214
2965 953 1666
953 4099 198
4925 953 2014
953 4005 3417
953 2579 3602
953 537 3804
953 2018 2938
953 2107 2542
953 2468 109
4272 953 1705
953 679 2007
1968 953 792
964 953 4118
953 3323 681
2275 953 2586
2616 953 3249
123 953 2484
4989 953 880
953 882 347
953 2510 4371
251 953 4865
1396 953 1148
953 4775 2914
2164 953 236
953 2512 301
953 4224 3471
32 953 2693
4332 953 4428
254 953 3999
953 3031 1519
1562 953 365
953 2731 4843
953 4739 4760
1544 953 2430
1561 953 2360
999 953 3998
953 4677 3699
3109 953 119
953 1269 1014
953 1958 1700
953 294 538
2086 953 3058
953 1105 220
3890 953 3578
3728 953 1027
3979 953 3972
953 4773 2396
3854 953 4613
953 3465 3953
1582 953 1383
953 3251 1936
2438 953 3267
953 3714 197
953 3481 229
953 3429 2151
953 138 32
953 4246 633
934 953 4175
410 953 332
953 2185 2058
953 3486 605
953 1101 4689
4909 953 1648
2271 953 1848
953 3499 2610
953 2488 1460
953 3458 4246
2298 953 3117
953 4508 1100
953 4852 3224
1913 953 275
953 82 1246
953 3591 3884
953 1252 1402
1872 953 3646
953 1990 1187
953 3058 2377
3508 953 3898
3656 953 3055
1341 953 1881
3983 953 2001
1986 953 273
3473 953 566
953 1862 4617
953 3425 1339
3694 953 2443
4432 953 3847
4624 953 4950
953 2826 725
1304 953 2226
3413 953 4504
4114 953 534
1840 953 2063
953 3113 1767
1043 953 259
953 3896 3107
953 3857 4424
2014 953 790
219 953 847
3760 953 4177
2853 953 2945
953 2085 1763
4902 953 1459
953 2568 3186
953 3606 2619
1622 953 2153
953 1646 2140
953 559 1966
4913 953 1927
3453 953 2529
2357 953 3151
953 191 2220
1291 953 3072
953 1164 834
953 597 3339
1508 953 2317
953 239 2253
953 1083 4232
294 953 3693
279 953 317
953 38 725
3805 953 4979
953 3088 3913
2556 953 4400
953 3842 1257
221 953 4558
4487 953 2049
953 3844 3710
4569 953 2272
953 1102 4455
953 885 2663
953 3284 4954
339 953 4260
953 372 1218
124 953 3490
953 2 2395
2294 953 3831
4569 953 1944
953 1143 3730
4952 953 3242
2052 953 2987
953 1055 1529
2232 953 1141
953 4596 558
953 2920 3451
201 953 1258
1125 953 2277
2391 953 1805
3700 953 2704
953 3253 2268
2695 953 75
4570 953 2162
953 752 1319
1283 953 3657
4125 953 2205
4640 953 4724
953 4002 95
953 1559 1214
953 390 528
953 3393 4772
340 953 1437
3913 953 4330
953 4907 2477
953 3411 728
1790 953 3344
953 244 1165
953 3359 2823
953 3647 4254
3284 953 339
953 3829 3000
3491 953 3113
1298 953 213
3786 953 2032
756 953 217
953 2723 2291
953 1725 1647
2569 953 4759
3074 953 1124
28 953 3654
1145 953 554
953 90 79
953 4693 3392
2382 953 4005
3118 953 1932
4604 953 3126
3329 953 3661
2491 953 4790
4808 953 3344
953 4242 342
1366 953 2848
1016 953 1114
4918 953 434
1862 953 253
953 823 275
953 1671 3889
953 1096 1585
953 48 2375
953 236 4423
953 3905 753
953 1750 2863
953 1226 684
953 1596 1408
26 953 3201
4868 953 3699
4939 953 4937
3676 953 4796
2870 953 4627
953 13 2029
1436 953 1673
220 953 501
1661 953 2850
352 953 1109
953 817 2906
953 1422 3971
953 895 4115
953 4963 2950
1701 953 271
953 2383 4523
953 2005 2884
4450 953 2840
953 4594 836
1837 953 1385
785 953 3176
1630 953 2933
953 2567 3181
938 953 886
2140 953 3584
4799 953 1666
953 2027 4920
953 1688 1979
953 587 2753
445 953 2162
4135 953 2734
953 2893 3504
4789 953 1213
3822 953 3671
85 953 250
953 880 2838
953 3817 782
699 953 806
756 953 2403
953 650 1791
3958 953 2035
953 1521 2961
4372 953 4454
2109 953 2727
953 903 1771
953 4251 4745
4001 953 3344
953 2720 2107
4209 953 3742
2249 953 433
953 3984 1349
2826 953 987
3030 953 918
3390 953 4212
4952 953 1029
953 4926 4678
953 3986 1793
2001 953 1718
452 953 1962
4208 953 152
953 4107 2011
953 4031 1786
1087 953 3592
953 3443 383
953 1485 3985
953 4538 2805
97 953 2409
953 2337 1461
3048 953 2257
953 2388 521
4743 953 4268
2432 953 337
3244 953 1346
696 953 2129
2887 953 3686
1768 953 523
953 607 2854
953 20 2995
953 2034 698
953 2652 1819
3004 953 1705
1333 953 2849
245 953 2380
953 4690 796
953 3803 1974
953 3804 2605
2465 953 3110
1515 953 4269
3979 953 2142
4262 953 3085
953 4531 1477
953 2506 1170
2079 953 2876
4589 953 1264
953 3793 3630
510 953 492
953 2407 689
2193 953 3857
4982 953 4419
810 953 1520
953 3573 2675
2226 953 3698
3049 953 3644
953 3711 3277
953 1765 220
2707 953 3513
953 789 4251
953 3813 1512
2766 953 877
953 913 985
1460 953 423
880 953 1348
953 2959 1811
953 4545 3096
953 4706 4819
1647 953 3152
48 953 4514
953 4119 2912
953 4212 2356
240 953 916
953 3907 3676
953 1248 3957
1386 953 3446
2760 953 2701
953 16 3744
953 1103 2477
184 953 2856
953 1768 668
584 953 1428
4841 953 119
953 3412 2889
953 549 2366
953 3954 1311
1473 953 4083
2236 953 4668
953 2806 3902
953 4122 1545
953 3769 1804
332 953 929
1944 953 3472
348 953 3032
3228 953 478
3674 953 3971
953 3314 4808
953 1774 1208
1160 953 3521
3993 953 1985
1047 953 667
953 4303 3335
953 1002 1821
2340 953 2687
953 639 2386
953 2622 4042
953 3546 4253
2301 953 4464
3232 953 1555
1764 953 422
953 3732 756
520 953 3682
796 953 2747
953 171 4024
953 2808 3885
3543 953 4601
2335 953 3821
4218 953 2519
953 1013 253
4573 953 3312
1687 953 1888
1493 953 3765
953 842 4320
953 4248 986
2350 953 1067
3412 953 3170
4389 953 3177
953 4388 1513
953 3780 3439
953 3080 1302
953 1871 1512
4589 953 2835
953 4557 1857
953 2444 4587
2424 953 1867
2082 953 1692
953 3011 1694
442 953 3739
953 4478 3797
953 1560 3223
953 4458 2752
953 3351 2677
953 1799 172
953 3166 2173
953 3829 1270
2561 953 4361
953 1000 457
953 3309 2859
861 953 2690
953 880 668
953 1954 3394
3007 953 3189
953 2918 758
4532 953 741
4767 953 2590
3198 953 4224
953 3370 1597
953 154 948
953 55 3532
953 933 1817
2662 953 4391
4825 953 2998
953 2376 4974
953 3882 534
953 1774 194
953 582 1637
3771 953 4634
953 2039 1895
953 1432 3287
953 2319 4245
3010 953 3667
2058 953 1026
953 3459 881
953 2622 934
1035 953 887
953 767 2014
3788 953 339
1547 953 2372
160 953 1272
2692 953 3317
908 953 2606
2523 953 4378
953 5000 3989
953 1819 40
3934 953 3609
798 953 4983
4509 953 4613
953 2146 2786
983 953 3417
1296 953 4118
953 1014 1795
1935 953 2388
4564 953 906
953 65 4942
3701 953 1143
2394 953 28
953 1024 3410
1963 953 3234
953 4291 2642
953 3136 788
2236 953 1159
953 1664 1635
953 910 1684
953 1554 3449
953 2253 2123
953 2463 295
3691 953 2228
525 953 4156
953 3107 3504
1880 953 2602
953 2084 1572
2972 953 4088
4800 953 1226
953 3689 4602
953 2245 581
223 953 4441
953 4195 3313
953 3487 304
953 3565 4259
3874 953 3526
953 1119 2892
3717 953 3614
4272 953 2436
953 29 256
2721 953 3398
4623 953 4931
953 600 996
953 4384 2210
1464 953 3260
345 953 4967
953 2773 2140
953 585 10
4006 953 862
3608 953 685
953 2424 4819
4191 953 679
953 2746 3259
3348 953 3145
2505 953 73
953 2074 1961
2931 953 4081
953 1486 1061
953 2411 4318
2818 953 4172
953 4284 3907
953 1548 2231
953 3930 3865
953 2042 1573
1053 953 2092
3429 953 3566
953 2519 3758
953 4633 4646
660 953 4570
953 4467 1478
464 953 134
2789 953 103
4734 953 1437
4083 953 3006
953 2665 3433
854 953 1645
953 2805 310
953 1665 1695
953 2440 330
953 2651 4814
953 2829 3130
3145 953 4233
1059 953 4338
953 1777 1977
953 1420 1104
4700 953 2596
778 953 834
953 4063 1124
953 1270 1076
953 806 1805
1427 953 557
953 3091 4304
3520 953 1915
953 2553 3299
1666 953 3825
3416 953 1428
3690 953 3141
1338 953 1600
953 1225 3085
953 3856 3021
2712 953 3610
3590 953 653
953 202 3129
4067 953 2021
953 857 1203
1459 953 3487
953 3249 2816
905 953 4333
3541 953 1885
953 51 4087
953 3623 2235
953 4824 472
953 3778 670
953 1934 2358
3388 953 4776
4313 953 4918
953 4129 3148
1911 953 3217
953 2007 4964
953 1100 3495
953 365 4572
953 1970 3718
953 1215 1496
3850 953 4893
2485 953 3785
177 953 1804
953 2275 2094
953 3429 3998
626 953 1249
953 1051 1990
4501 953 2831
257 953 2401
437 953 4428
953 1615 4611
953 669 4540
4994 953 817
4638 953 4241
953 3626 3635
3409 953 4255
4895 953 405
260 953 3386
454 953 2066
953 4742 3478
953 4932 4447
953 2250 2027
6 953 2794
2588 953 2260
741 953 3068
2620 953 4964
3118 953 3524
248 953 2797
976 953 673
2741 953 249
55 953 1292
2219 953 2493
953 4990 3949
953 2570 1090
2824 953 364
953 4845 1606
3277 953 179
953 1324 1649
953 1677 4714
953 810 2490
953 4651 355
3095 953 4183
1216 953 2263
953 1436 787
953 4995 2053
2167 953 548
953 3365 4480
4528 953 1664
953 1778 3238
953 1242 844
953 1296 3878
3345 953 3983
953 3806 1362
3424 953 1543
953 1385 1966
953 596 1146
953 4003 3143
1554 953 3603
953 1114 1675
4039 953 1285
1567 953 4093
953 864 111
1915 953 391
953 4497 356
953 4939 532
953 4571 3411
953 1448 4024
2798 953 2401
953 3944 1233
2313 953 359
1907 953 2764
953 2848 2822
953 849 3291
953 324 3545
953 2789 105
4396 953 1439
2622 953 85
1320 953 2579
953 4734 3420
953 4487 4927
953 4576 3590
953 1290 875
953 886 615
953 2513 3477
953 340 4601
2199 953 94
953 4683 4423
953 2240 4335
4783 953 216
4655 953 37
953 4857 1845
953 2963 417
481 953 2806
953 1609 2686
953 1370 1856
1960 953 4587
1690 953 2839
953 2020 2305
953 4608 3949
953 596 1334
3058 953 2517
953 2061 270
953 4303 1216
953 4589 4104
953 4360 1051
3231 953 3498
4778 953 977
1349 953 587
953 1324 1028
953 683 1581
2950 953 595
953 135 2112
953 937 1199
1954 953 3002
1382 953 787
953 3990 4814
953 3034 2393
953 4206 4281
1551 953 255
953 1548 608
4302 953 1129
1403 953 720
953 3292 1512
1189 953 4567
1429 953 3916
3435 953 3780
368 953 2971
1459 953 4261
953 4625 1300
1997 953 3599
825 953 1281
953 4557 1816
1129 953 2049
4488 953 4918
953 1614 3183
953 2250 294
953 4686 2543
609 953 2206
953 3067 4488
10 953 328
1746 953 4592
1041 953 3904
953 1599 4604
321 953 917
953 4578 1885
3743 953 1886
291 953 624
766 953 2742
2685 953 4691
953 2384 3400
193 953 1023
953 3847 1809
953 2766 4352
953 4125 742
789 953 4240
2545 953 640
1908 953 3531
953 2215 248
953 3655 710
953 854 912
953 428 88
3505 953 3332
953 4737 23
953 909 224
953 902 1304
4143 953 4450
4109 953 791
953 3641 2193
953 810 1618
953 3497 1169
3500 953 4732
953 250 717
953 4945 3609
953 418 1418
953 3550 4638
2892 953 2966
2656 953 732
2675 953 4220
1121 953 4096
665 953 4072
3246 953 4250
953 4321 1866
684 953 3920
2354 953 3631
483 953 1963
953 273 2652
413 953 4836
953 1227 3600
953 4002 2104
953 2812 1318
1335 953 4676
953 3818 4894
2722 953 1849
953 3731 4470
953 3469 4212
1347 953 1344
2178 953 1044
953 3575 1562
1087 953 4389
4905 953 2605
953 27 4362
446 953 3139
26 953 3119
953 102 4466
3903 953 2708
4758 953 2375
2748 953 960
953 2600 331
953 37 1555
953 3179 2988
953 2704 4130
1132 953 4467
2175 953 4579
1834 953 3850
4184 953 1128
953 305 1906
2280 953 3105
953 656 2431
953 982 1155
953 1489 2269
953 2597 4963
4117 953 260
828 953 4779
1447 953 4121
1935 953 3672
953 4997 3159
4293 953 1530
1236 953 1602
3564 953 4788
953 3880 3793
953 2897 4703
1271 953 3591
4458 953 3451
996 953 754
2404 953 274
1624 953 3053
953 439 642
953 3988 2114
1827 953 4184
953 2646 719
953 484 558
953 1355 337
953 3610 4460
953 2602 2712
953 4973 4656
1864 953 2792
953 2409 170
1953 953 3445
953 4869 4783
953 2409 569
953 2692 3461
953 1255 4245
953 2776 3560
3618 953 4598
174 953 3509
953 4142 860
953 889 1225
953 4041 2061
953 168 3954
4128 953 2090
953 734 1449
2063 953 992
4774 953 1662
2679 953 567
4047 953 1213
4632 953 672
4417 953 3939
1172 953 4561
3432 953 3989
953 3068 1990
953 1282 2333
953 2340 58
953 4659 636
953 4386 3089
947 953 3030
2427 953 2498
953 4088 853
3712 953 2495
1163 953 1754
798 953 2101
953 1872 664
4459 953 985
1711 953 2437
953 3852 1995
953 187 4079
986 953 2033
953 2166 4125
2694 953 952
953 2125 4894
953 4093 3624
2655 953 67
953 4752 3460
282 953 4463
953 2480 1307
1532 953 368
953 4812 1336
953 102 2540
953 4232 1266
953 1840 1970
4913 953 1425
211 953 2388
953 3392 2817
691 953 3745
71 953 1155
2057 953 4762
953 27 3082
953 2806 2363
953 3208 3576
953 2812 4611
953 871 1294
953 3288 4767
953 4052 746
4577 953 4477
822 953 3907
953 1946 222
4579 953 1070
953 2038 3037
953 1333 2506
953 1201 2275
953 4087 4202
953 122 2020
2236 953 2337
953 993 4767
953 1028 4064
953 4024 3175
3804 953 1081
3626 953 1628
4513 953 2863
4505 953 2385
3110 953 1591
111 953 3996
2291 953 4818
953 3596 584
1620 953 4918
953 3530 3943
2327 953 1791
1469 953 1696
1894 953 1189
1301 953 434
3029 953 3974
953 1883 240
228 953 1961
953 650 4455
2627 953 4182
3651 953 2228
2194 953 2032
3580 953 4692
953 2825 142
1658 953 288
700 953 3870
1898 953 164
953 2931 3325
953 790 4327
953 79 2733
4107 953 2347
953 3246 2896
1816 953 707
1719 953 4281
4853 953 120
953 387 3965
953 3825 261
953 4386 3689
953 3285 1457
2652 953 2855
506 953 8
953 123 2015
4708 953 3810
953 3339 1931
1052 953 2565
1371 953 2597
953 289 805
953 3344 4104
953 4774 1296
953 4773 1078
953 3711 221
2856 953 4973
953 1745 2976
3134 953 1337
953 1588 979
346 953 708
3719 953 2369
953 480 2240
953 3393 3480
3462 953 3836
953 256 285
1316 953 4967
1817 953 339
953 2363 2092
4859 953 154
953 3308 2034
953 4908 2303
953 311 2127
2960 953 222
4549 953 207
953 4250 4180
953 1554 1795
953 2073 3551
1104 953 2425
3113 953 2787
953 3838 4114
3753 953 383
953 1064 2820
953 3216 3672
212 953 1314
736 953 4080
1802 953 610
953 1603 3215
2007 953 2470
953 4973 2052
4899 953 3441
3333 953 3220
1335 953 2456
2154 953 3566
953 1113 2835
953 4930 2645
953 4856 1920
953 3354 1323
953 2828 1477
953 304 4648
2378 953 2821
953 3844 4879
953 2356 4385
953 2155 3468
2074 953 933
971 953 3511
2855 953 2931
953 4038 2131
2461 953 158
953 564 3329
953 2397 1431
2460 953 4636
4400 953 4586
1506 953 3055
953 4520 3195
953 2494 4911
953 4306 4811
953 46 2132
953 4152 3981
4473 953 2942
953 1451 3722
4826 953 3488
953 4535 3081
953 3760 3255
2082 953 2655
31 953 1701
772 953 1338
953 599 857
538 953 1
953 2593 4506
3922 953 3353
4193 953 4160
953 4567 3625
953 4358 4992
1056 953 390
953 1663 4819
3540 953 1609
325 953 2022
2602 953 1140
953 3720 1367
1444 953 4047
953 1355 4089
953 2109 1551
953 4589 1711
953 2286 3728
953 2930 888
953 2003 3942
953 4943 4325
953 2469 2482
953 2786 4003
953 1170 2480
3233 953 3119
953 1326 2630
953 3857 761
3544 953 871
2866 953 1338
953 2585 4704
953 4107 4937
3124 953 2416
953 106 378
1746 953 4559
3798 953 3442
1859 953 784
3604 953 2748
953 3928 2319
4273 953 4241
532 953 3380
2825 953 4529
953 2593 4641
953 4799 1709
57 953 4876
953 427 4872
526 953 3584
953 22 4137
2092 953 282
2563 953 1375
953 4625 4867
3728 953 2185
953 1781 2016
953 4483 4343
953 4652 532
2945 953 1409
4760 953 1505
953 4897 3233
953 2980 2819
4208 953 3932
953 745 3411
953 2907 2087
953 1424 4596
953 2920 2387
1819 953 130
4999 953 4454
4429 953 1168
953 3617 1674
967 953 3242
2122 953 2383
1525 953 1
853 953 4735
953 2562 3803
953 3028 921
953 2247 1000
953 625 620
1659 953 1095
953 4253 3756
4150 953 1882
1467 953 3336
953 4405 1659
4598 953 1755
953 3126 577
953 3536 1390
2101 953 1002
4916 953 974
953 2 2941
438 953 2991
2783 953 4782
4675 953 4220
3285 953 3557
953 4116 3871
756 953 3248
1776 953 4012
4707 953 893
953 2138 252
953 1089 4070
953 3257 143
953 2954 3428
953 4821 2280
2773 953 2283
953 209 3308
953 470 2
806 953 2449
2272 953 2992
953 3459 2470
953 4918 607
953 2030 1783
953 2389 1128
1491 953 2746
2345 953 4999
2264 953 1044
2483 953 3867
953 4659 1437
953 1107 2355
953 4125 4258
1027 953 4927
3735 953 3981
4994 953 3089
822 953 3988
4854 953 3877
953 2296 2023
3680 953 1664
953 4871 2422
953 159 2581
953 2040 410
2261 953 911
953 4533 2099
2379 953 3627
1530 953 2558
953 1180 310
953 646 2907
4214 953 4041
229 953 3542
4665 953 408
1534 953 1257
953 379 1114
953 911 3239
953 4530 4736
883 953 3752
1425 953 3100
357 953 4017
4865 953 2326
854 953 4588
3899 953 2154
953 2812 4205
953 380 4476
1561 953 4333
3063 953 90
953 3936 407
953 3124 747
953 4992 1651
4381 953 104
863 953 1060
4169 953 1267
1335 953 4266
4979 953 2530
953 4554 4246
2608 953 2890
953 2811 3869
953 1121 1537
953 3595 578
953 2516 4159
953 1930 1719
4916 953 228
953 299 2472
953 3678 3558
953 293 501
4567 953 232
879 953 1209
1684 953 2301
953 760 3212
953 2704 3930
953 4105 1238
953 1387 3672
733 953 3423
3594 953 4692
535 953 1602
953 1867 136
1761 953 531
4067 953 4288
1577 953 1026
1557 953 2053
465 953 4699
953 3386 1435
953 1508 4233
3811 953 2880
953 2752 4799
953 2352 4960
953 2807 3671
953 3266 4101
3807 953 2133
3681 953 4116
2811 953 2530
953 2358 2031
256 953 2452
953 938 1428
953 1769 4848
3238 953 107
953 504 1253
3368 953 3490
953 1176 1740
4881 953 2952
840 953 896
1139 953 457
2833 953 3480
953 2489 3326
953 3206 4230
2004 953 3382
1215 953 3441
953 3790 104
953 1792 1239
604 953 4283
953 3687 1191
4578 953 1045
953 2670 2449
953 2333 418
953 353 2393
3005 953 243
953 1097 1164
2448 953 1149
921 953 1163
4841 953 1060
3190 953 2842
1463 953 3118
953 1396 1075
953 1472 4760
953 2560 3572
2977 953 1368
1281 953 2051
953 9 4724
953 73 2182
953 2673 1197
953 2176 182
953 2993 1078
953 3957 4854
953 3366 1339
953 4047 3639
953 1738 4323
1552 953 2360
953 3541 2419
1452 953 1661
953 368 3598
953 4611 3534
953 389 2222
4132 953 277
953 3818 81
3139 953 3019
2848 953 897
1134 953 404
5 953 4998
2679 953 4920
953 2968 3030
953 3454 2492
3088 953 3610
953 3221 3513
1783 953 2087
2131 953 1247
953 3986 540
2640 953 2074
953 1062 1252
953 2603 3401
4867 953 227
3039 953 2281
4904 953 2420
953 755 166
953 582 1978
1185 953 2325
936 953 51
1590 953 4164
953 2709 3176
953 2899 1194
2804 953 2477
1054 953 1470
1634 953 2549
953 3064 1874
953 1515 2712
1497 953 4145
1700 953 1725
953 2234 1841
2726 953 2029
953 4285 1589
953 4930 184
3843 953 3155
953 4559 490
953 567 2303
4450 953 263
953 4615 588
2235 953 4184
2092 953 4251
3617 953 1110
953 3286 1269
1051 953 755
953 1226 3231
2844 953 3423
953 547 635
953 4176 76
953 3548 690
953 4697 1927
953 3349 1371
953 4163 3341
4530 953 199
2213 953 1920
953 4471 85
953 4768 4970
953 530 1418
4503 953 1579
953 1016 1431
953 1906 2505
953 2025 3050
953 4738 4000
1944 953 4282
953 1995 4132
953 3269 1801
2283 953 4158
953 1351 2721
953 485 3449
750 953 4587
953 3330 4591
2158 953 1681
312 953 784
216 953 950
294 953 1434
953 327 4504
1433 953 4510
953 3333 2044
953 2365 649
4 953 4505
3216 953 426
953 3124 591
953 3920 4321
953 1762 66
1568 953 734
4859 953 2183
953 1383 4787
606 953 4085
1749 953 4395
953 3402 759
953 622 4523
953 669 3350
4438 953 1656
1494 953 2917
3197 953 399
953 2800 4662
953 3603 2232
1113 953 47
2607 953 2139
953 4202 1072
3610 953 4612
247 953 909
953 1893 2117
953 2243 4371
865 953 3392
3310 953 3533
1228 953 2542
953 984 3396
876 953 4642
3651 953 3094
792 953 4929
953 1351 4572
953 4688 3413
953 2745 3653
953 3574 1082
3990 953 2518
953 1552 3938
2424 953 1880
953 2730 3059
4802 953 1640
953 703 272
953 390 3209
4448 953 3767
64 953 1326
4825 953 3442
4878 953 3124
1841 953 3151
1147 953 3458
953 3782 2066
953 334 4086
1685 953 1472
4524 953 1584
953 289 3383
4653 953 3233
1930 953 2391
953 2296 970
4571 953 3097
953 382 542
2595 953 321
3970 953 1689
953 1657 386
953 2323 3098
953 2223 2511
953 3243 1617
953 1568 2617
39 953 1019
3647 953 2750
953 933 3604
1893 953 1956
3571 953 1511
953 795 3888
953 565 3982
2066 953 147
1472 953 1836
953 3639 4963
2625 953 295
953 4719 3631
992 953 299
953 2561 625
953 219 2413
953 4084 2034
2543 953 936
953 4028 2138
3194 953 3685
953 2458 4046
953 4195 3324
953 2542 3100
953 3353 2592
4085 953 3392
1479 953 2289
953 3251 4926
953 2367 4948
3880 953 3306
4560 953 2744
88 953 3501
953 1214 283
953 4012 238
953 824 2328
953 1636 2892
1218 953 4235
953 2701 820
953 2770 1234
2783 953 654
4156 953 3993
953 99 664
410 953 1111
3260 953 148
953 938 3043
2396 953 4693
3838 953 2292
3086 953 3149
1952 953 275
953 3756 2151
4123 953 46
953 1036 3523
953 3586 3369
953 2770 33
2313 953 3396
953 2172 2852
797 953 2076
731 953 3919
663 953 3694
1178 953 4927
953 2759 4189
1509 953 1802
953 996 3906
544 953 1437
3670 953 1533
953 3740 506
628 953 2105
2234 953 4326
953 2316 4127
953 4222 4677
1620 953 463
3451 953 2228
3323 953 2760
3727 953 1366
881 953 1049
953 3187 331
953 2391 1739
2400 953 4301
2578 953 3039
953 2807 2653
953 400 2380
953 793 3064
2323 953 826
953 1526 2418
953 3176 3190
1700 953 1982
953 1959 3220
3916 953 197
1721 953 4503
953 4404 1879
953 909 2335
953 810 204
1874 953 4726
333 953 1123
3599 953 2012
953 1289 3589
953 3963 2384
953 1448 660
953 2888 4255
953 439 228
953 2240 1977
353 953 2043
953 406 1131
953 3393 531
953 476 2740
2349 953 4411
953 1644 1037
953 1275 3571
3985 953 167
953 4794 1493
1393 953 2786
1500 953 1977
953 4571 4033
953 3787 1599
953 2035 154
953 2006 2113
1055 953 1478
953 323 1061
953 158 726
953 898 2855
953 4917 2279
953 1177 4470
2978 953 273
2161 953 4307
953 2179 4348
2894 953 3664
1233 953 1723
2423 953 3550
953 1990 1489
953 4914 952
953 590 809
1854 953 579
953 562 283
2075 953 3529
953 1607 1138
3835 953 3243
953 434 3125
4283 953 1576
2621 953 3737
953 3799 2502
2450 953 1205
953 3857 2160
262 953 4206
953 1605 1018
953 372 1767
3481 953 143
3996 953 4217
953 4034 421
953 2832 2076
953 3269 3097
4444 953 3340
2361 953 430
953 3910 2646
953 3020 1649
953 1616 2780
2586 953 267
953 2252 1119
953 12 3819
2628 953 2566
953 739 4882
2124 953 3777
1548 953 4826
953 4564 2788
4612 953 4253
953 1058 2831
4989 953 2086
4385 953 4374
1747 953 290
991 953 1368
1627 953 4196
953 4952 2590
2626 953 3993
953 4581 3496
953 3432 560
4591 953 2869
4967 953 676
267 953 3671
1102 953 1599
880 953 2349
949 953 1849
953 2065 1128
953 3106 2098
953 2517 3231
377 953 2762
3872 953 997
3918 953 1340
4533 953 1754
234 953 2240
953 993 1631
963 953 797
953 2627 1662
953 1398 3173
2097 953 1264
861 953 179
953 884 3613
953 2094 1964
3429 953 2809
707 953 1249
953 4323 1913
953 2382 3071
2170 953 1913
953 3307 1561
3361 953 2089
953 3489 4374
2609 953 1829
953 2379 3659
2335 953 380
953 2278 2228
953 4612 2054
953 696 3094
4575 953 3052
1504 953 2558
2198 953 1133
953 3907 4681
2584 953 3113
3717 953 2883
4483 953 4365
2491 953 1945
953 3844 1619
953 4573 4612
953 4640 4661
2703 953 3394
953 325 1103
953 2400 4131
301 953 3454
953 4406 1108
4132 953 4601
953 2296 4797
3659 953 162
2630 953 745
272 953 4232
953 1681 1056
983 953 2084
953 3255 2985
953 3237 1329
923 953 473
1990 953 3466
953 3678 2110
953 4899 3355
2159 953 3009
953 3821 1561
3713 953 4040
953 4791 1050
2491 953 2008
953 1481 3592
953 284 3547
953 4669 864
167 953 39
879 953 320
2992 953 4129
953 3702 3597
2220 953 177
953 2024 1397
955 953 457
953 4815 4014
3534 953 829
1317 953 4434
4091 953 3067
953 2238 2384
4755 953 1307
241 953 472
953 3231 1309
713 953 623
2499 953 3796
953 4964 780
953 980 1582
953 1234 4116
3104 953 3799
1071 953 3120
953 609 1342
953 1407 2327
4770 953 3006
4199 953 3536
953 3269 538
547 953 4770
953 2906 2611
953 2901 4916
953 2897 10
953 3484 301
953 4884 873
2400 953 90
2875 953 1094
4782 953 2981
953 4297 406
3358 953 4594
953 2347 4598
953 670 1123
2510 953 1076
4401 953 818
953 985 1042
3466 953 3196
953 2995 1256
953 4583 1575
953 1803 3783
6 953 2399
1988 953 1960
2306 953 4128
1148 953 4343
3311 953 2263
953 4550 407
953 3504 2411
2722 953 3431
1365 953 3964
953 4949 2867
3606 953 1160
953 2414 401
1455 953 781
953 1452 4970
4848 953 268
815 953 1436
2742 953 3963
4337 953 2414
4459 953 2900
953 2079 4407
953 3891 1667
953 4162 4921
953 399 4015
3984 953 2716
996 953 284
2288 953 3892
2752 953 1030
1812 953 3114
953 62 2508
953 2644 653
1856 953 4195
2596 953 3490
953 2124 4997
953 452 1393
3868 953 4113
2606 953 3056
3542 953 3804
1069 953 54
2675 953 1282
4559 953 2558
953 583 1725
953 164 4178
953 3034 2470
953 905 3186
953 3897 3509
953 1851 51
3638 953 4151
953 2340 4142
953 410 4528
100 953 4375
953 3092 2820
4538 953 483
953 4633 3563
4593 953 3721
953 3925 4300
953 518 3732
3041 953 190
1269 953 1894
4978 953 3120
953 400 1891
953 1927 743
953 3879 3376
1178 953 4574
4304 953 639
953 4216 1777
953 2498 51
953 4105 3537
953 2563 3348
275 953 3580
1407 953 4593
953 4539 1750
953 4340 327
3322 953 4771
1085 953 1592
953 3387 3745
4101 953 3838
953 1864 2772
2430 953 1364
953 2612 4952
8 953 4954
953 328 3835
984 953 3053
953 1223 3158
953 1967 332
4421 953 2355
953 3414 2841
953 1421 4203
4846 953 4427
980 953 4812
1853 953 2796
953 2608 4677
953 1363 814
3249 953 3719
953 4931 1240
937 953 4708
1979 953 3054
4355 953 630
953 3756 1312
4557 953 453
953 4617 3068
953 3182 4405
953 3626 4588
896 953 4503
4088 953 1350
4823 953 2244
3655 953 3608
561 953 2230
953 783 2588
4562 953 802
1388 953 3741
4252 953 3231
953 3639 228
3684 953 2001
953 2049 366
2412 953 1351
953 3677 2761
953 3181 1890
4015 953 3230
953 2567 770
953 1819 863
953 2757 3057
1877 953 4572
953 3873 2126
953 123 2524
1568 953 3700
3913 953 3904
4083 953 1235
953 4746 2356
953 2192 2459
2150 953 4236
4296 953 614
953 1580 1370
1580 953 4754
2393 953 1534
953 2632 2023
953 4030 2914
3870 953 1480
346 953 472
953 3860 196
953 2427 4864
953 2001 860
4621 953 2508
582 953 1289
2448 953 781
1661 953 3115
953 296 258
953 4516 2071
953 4677 3675
953 2414 3172
953 472 3339
2763 953 2216
953 2914 3625
953 2953 1399
953 4885 4716
953 858 4534
953 1133 1584
4643 953 1393
2381 953 4447
953 2530 3654
953 3137 766
2194 953 2791
4829 953 2078
3583 953 217
953 4847 3413
4507 953 339
1438 953 3619
2756 953 4
2089 953 3772
2660 953 549
4654 953 1969
953 1768 2101
4760 953 4468
953 838 1907
953 3221 3371
953 1774 2227
953 1076 2919
953 4880 2353
953 2723 1149
953 3531 1107
953 203 3124
953 961 778
858 953 110
953 3443 1931
2233 953 4852
2038 953 784
3733 953 4277
953 4133 3033
4825 953 3223
953 3060 3431
953 4826 1962
953 3164 4870
953 3148 3003
3273 953 3974
953 1374 4913
4889 953 1485
1371 953 3112
953 2518 335
953 1071 3856
1370 953 3151
953 3702 2751
953 301 3371
40 953 61
953 665 1229
953 3351 984
953 4772 992
677 953 299
1071 953 4312
3187 953 2856
70 953 3061
1563 953 3760
4782 953 125
953 4927 1900
4247 953 2789
953 2636 4340
953 2590 2709
1401 953 2506
182 953 4514
953 3069 1879
953 3279 1693
953 4891 2837
953 1206 3719
1847 953 105
2315 953 1844
101 953 3772
953 2849 1145
953 1314 3539
1779 953 4681
953 1982 2477
953 3096 3449
953 4791 1147
953 1258 1665
4263 953 559
953 3564 30
3854 953 2221
953 1394 871
953 1623 1779
953 4547 2812
1304 953 2281
1429 953 1149
953 822 4112
953 1813 1306
953 2724 4927
953 2312 2149
953 3274 3827
4070 953 2984
953 4765 1830
2806 953 3084
953 2169 4727
3828 953 4245
953 1784 2534
953 643 424
1966 953 4540
74 953 2885
337 953 2361
953 4546 2796
953 3653 279
4955 953 3478
576 953 782
953 1205 4016
4031 953 3372
1010 953 1884
953 1105 3484
953 4052 1771
745 953 155
953 2451 4079
226 953 1357
953 1889 4825
2314 953 2480
953 3669 1286
4750 953 1538
3218 953 3066
1393 953 2019
4514 953 4128
4104 953 4722
953 2256 2463
953 47 228
4547 953 3126
953 4779 784
149 953 869
3011 953 1939
953 3407 373
4976 953 3865
953 1458 2016
953 2414 4589
2528 953 3562
953 3294 3492
3514 953 1609
953 80 4897
953 943 3998
4880 953 4522
2104 953 4931
237 953 3564
953 3101 1442
1273 953 4898
1303 953 3177
1903 953 618
953 2116 2166
953 3135 721
953 215 3425
953 4063 4941
953 3257 2492
3214 953 3491
2842 953 2886
953 4738 4796
3169 953 419
953 257 2281
4934 953 244
159 953 3870
1757 953 1330
953 19 358
953 721 3443
456 953 2821
3555 953 1564
953 4080 4139
953 4396 4968
953 2574 3297
1544 953 4176
3694 953 4870
953 964 2750
2439 953 2301
953 4633 1131
1932 953 2036
2518 953 2184
953 4291 4541
953 2256 320
2050 953 2421
953 574 25
2801 953 181
1414 953 23
953 4436 3190
953 1424 2952
953 3790 3102
953 2930 3701
953 1430 4931
776 953 409
1011 953 225
3368 953 1967
953 754 3840
3874 953 2316
330 953 2535
2888 953 3767
953 1761 3589
953 2178 3260
4954 953 3367
331 953 4479
953 173 3052
2549 953 617
953 785 1184
953 2696 224
4230 953 2593
953 4341 3287
701 953 789
953 2407 4508
3008 953 613
1562 953 158
953 1266 3065
3271 953 4878
4715 953 4240
1481 953 1442
953 276 4867
4472 953 1918
953 346 2624
953 3158 3561
953 322 2379
1993 953 724
1209 953 1452
953 881 699
2814 953 377
953 1198 546
4286 953 2653
1206 953 1070
762 953 1064
1549 953 2629
953 119 2522
1569 953 3740
3179 953 3558
2949 953 3580
1820 953 3093
953 2948 4695
3589 953 1848
953 2457 233
1313 953 2983
953 2869 4302
4261 953 2520
84 953 2663
1799 953 4065
1684 953 962
953 409 3612
2363 953 1794
4062 953 4777
953 391 3245
953 3049 2280
953 413 3659
1281 953 2332
3515 953 3060
953 2851 2715
953 3403 650
4242 953 588
4817 953 760
953 208 1340
953 2683 4388
953 1257 3926
661 953 3669
1618 953 4633
1426 953 4406
4308 953 3141
953 2211 4529
222 953 2233
4153 953 3017
3423 953 1795
953 352 4054
4709 953 4356
4230 953 3692
953 4253 2834
953 90 2790
953 1703 2444
953 2728 3957
3764 953 253
953 1431 2709
1765 953 771
2284 953 4991
4382 953 2537
427 953 2574
433 953 3675
953 1462 3642
2356 953 3209
953 1805 2914
953 4834 4979
953 2488 702
953 1008 3921
2719 953 4263
3975 953 209
953 4867 2595
2812 953 2022
953 1756 2692
2682 953 4345
953 981 539
2174 953 4127
126 953 1401
2330 953 4385
3917 953 3855
4483 953 1146
953 3883 1885
953 2623 2339
2579 953 2730
953 4790 3705
1064 953 50
953 4272 547
953 1825 4436
953 3285 807
953 4252 449
953 875 4154
3784 953 4168
1300 953 952
841 953 3465
4917 953 2395
2349 953 746
2134 953 4371
100 953 1093
953 906 2814
4583 953 1144
4232 953 2707
953 2932 568
953 2755 759
953 113 112
3825 953 3626
953 4127 3695
1305 953 2006
953 1444 3219
953 1489 4100
1823 953 3175
1534 953 4199
3765 953 4859
4126 953 3862
2024 953 849
953 3809 1188
953 2690 1593
695 953 3521
953 3010 1300
126 953 2450
1780 953 4152
953 413 3557
3498 953 2379
953 3758 859
876 953 4020
953 698 1209
953 4324 1807
1071 953 3191
2915 953 1347
953 2331 575
902 953 4147
953 2463 1803
505 953 473
953 4803 1463
1122 953 286
994 953 240
4885 953 4950
953 4104 774
953 1253 1880
953 757 4837
953 2173 1745
953 4936 1663
4106 953 1038
1452 953 4404
953 3322 4754
397 953 1025
979 953 2781
3164 953 1604
4997 953 4635
2016 953 4446
953 2705 4401
953 1634 3690
953 3832 1951
953 3620 4187
953 3752 946
953 3097 2598
955 953 148
2438 953 4333
953 2200 217
4028 953 1583
953 4631 1032
950 953 4548
47 953 4005
953 2951 3698
2536 953 2923
953 796 3760
953 3174 1008
1764 953 1126
2183 953 3446
1484 953 531
953 224 1697
953 4107 3738
953 2892 180
1478 953 2283
953 1109 1935
953 2006 1541
2293 953 4606
953 2721 313
953 3714 1017
953 3002 4053
953 2813 2373
953 3787 4088
1656 953 657
1622 953 151
1457 953 763
173 953 2712
953 261 1607
4567 953 566
953 3179 3172
3914 953 3658
3428 953 3707
953 4332 2821
953 2524 2884
953 3790 1254
953 1022 4446
2961 953 4725
953 4311 2572
953 4153 3220
953 1256 4908
953 1933 4093
953 4594 3864
953 1974 4069
953 3670 430
2803 953 1825
953 4850 2816
953 2952 1387
2807 953 339
849 953 196
2556 953 3327
337 953 235
3541 953 4759
2382 953 1372
953 2151 3555
3107 953 2293
953 3645 2978
4194 953 3973
2891 953 1291
4609 953 607
2575 953 3054
3897 953 4870
834 953 4561
953 2099 436
953 3467 71
99 953 653
349 953 142
953 422 1509
953 3126 3236
677 953 3858
4639 953 1523
953 3803 1082
1169 953 3731
953 4603 1120
953 2191 4969
953 1506 436
1834 953 475
953 4392 2271
2201 953 4855
953 4309 1028
953 1048 2962
953 171 682
953 1440 4594
953 3403 4044
3106 953 432
953 1932 4531
1604 953 582
3506 953 3572
953 3063 2319
2409 953 1828
4623 953 3959
1226 953 3973
3832 953 799
1155 953 4661
953 605 3426
4980 953 2054
4366 953 1892
953 134 4617
3026 953 2892
172 953 1530
953 3907 146
953 4608 2512
953 632 1501
953 314 3266
460 953 2323
953 2033 2515
953 966 856
953 2562 1594
953 1033 4385
953 3436 3629
953 4267 4604
953 25 4532
1969 953 1308
1616 953 4693
953 902 1984
1815 953 3087
4067 953 1700
953 876 2366
953 4017 691
953 183 1482
953 2103 4633
2214 953 59
2350 953 2981
953 384 338
953 3950 645
953 756 3266
410 953 64
953 3903 1337
811 953 1601
502 953 1228
953 518 506
740 953 2518
2936 953 2187
2964 953 3167
905 953 134
2598 953 851
953 1346 1660
845 953 584
4677 953 989
953 4198 1580
953 2185 1449
4391 953 1837
4608 953 726
4331 953 4714
953 278 640
232 953 3849
953 4748 299
953 2737 448
953 956 3509
2271 953 1381
953 213 1085
2729 953 22
953 2654 3146
953 418 3230
4029 953 3762
953 1520 2361
898 953 1552
729 953 2276
953 62 3641
953 1287 2999
3782 953 4799
953 1289 757
594 953 1125
1207 953 3163
953 1856 1797
2200 953 1170
953 4491 3441
953 605 1228
3334 953 4463
953 4229 2105
4781 953 3873
953 3149 2201
953 2914 4338
1158 953 2558
953 1144 1749
3675 953 1841
352 953 1586
953 1377 3556
610 953 2310
2816 953 783
3284 953 2227
3709 953 1915
953 1471 1300
953 1245 918
953 688 4961
953 4011 1904
3726 953 2986
953 848 2700
953 1930 3810
3142 953 4766
3123 953 2931
953 2757 1909
953 2986 2606
953 790 3563
953 834 4823
3227 953 2807
3249 953 2968
2377 953 935
953 2892 1479
953 1582 3564
4529 953 4308
3098 953 625
1127 953 2174
3469 953 1088
953 4016 907
953 2393 1370
953 4396 4867
953 439 3154
1247 953 4212
953 4564 4887
953 3542 2878
485 953 2370
953 1884 1288
953 3214 2926
953 4518 4970
953 592 4237
1969 953 2148
2693 953 2947
810 953 2707
2354 953 326
953 4171 2564
167 953 1983
953 3595 4525
953 151 2512
3590 953 4214
1263 953 1364
953 3831 3060
953 4643 2255
953 4334 1982
953 3523 1311
1063 953 2868
1482 953 2128
1762 953 842
585 953 4634
953 2394 2628
3200 953 3915
4287 953 4541
953 520 3814
1333 953 590
953 2828 4046
953 1060 4084
2989 953 1132
953 2687 3087
956 953 4428
2353 953 1985
953 1376 3484
953 2430 3149
953 1207 2038
953 1581 2808
953 1743 302
953 136 859
4448 953 1881
2312 953 198
953 302 1688
2679 953 4743
953 4613 1551
953 3906 2685
1275 953 2786
953 1522 4664
953 1490 2408
953 139 3759
953 1027 3943
953 4565 2208
953 374 2482
953 3674 4071
1754 953 2733
953 1750 1510
1601 953 4390
953 845 4926
953 1670 264
4345 953 707
953 1717 4512
4246 953 4536
1628 953 2796
3062 953 2682
953 4639 3003
953 3797 722
953 3832 1754
930 953 2032
4888 953 3056
4749 953 3051
669 953 4654
4523 953 3751
953 1478 1121
1824 953 4563
748 953 4605
953 949 2179
953 994 2185
953 1373 500
953 4429 1859
953 933 3341
953 4653 1615
953 1242 2961
953 2737 90
1784 953 4351
4341 953 1619
953 4216 2921
953 4561 3551
953 101 871
953 1872 4002
953 3224 4942
953 3706 1854
1926 953 1452
953 2362 2733
953 2493 2678
953 1662 1645
2901 953 2303
953 4892 3015
4817 953 4246
1440 953 1665
953 1169 3052
953 2376 3658
3369 953 91
953 2985 4549
953 290 1255
2483 953 3269
4761 953 3198
953 896 762
4861 953 4419
953 707 2004
953 3799 3938
1110 953 4962
953 4682 3081
953 3276 2745
3361 953 639
4216 953 1434
2744 953 4236
953 3658 1316
953 620 131
953 968 1961
1384 953 3215
953 2357 516
953 437 1993
1180 953 439
213 953 2257
953 1790 1811
1005 953 3986
953 1445 4923
3655 953 4003
953 4070 4236
953 4583 4377
953 4673 4401
271 953 1022
953 4213 3712
2973 953 4891
953 4864 2537
953 3696 1836
953 4420 930
3342 953 3211
4853 953 3485
4629 953 3458
953 609 262
953 2903 587
2151 953 2600
1197 953 2700
1105 953 3652
953 3724 235
2177 953 820
2334 953 3072
953 1113 4389
4923 953 3479
644 953 3945
659 953 1205
2876 953 1711
4135 953 2447
953 2632 4546
953 4989 505
4013 953 1134
1146 953 1315
4511 953 2272
4105 953 1777
1640 953 356
953 3197 1006
953 1595 4724
1433 953 2581
2748 953 623
1763 953 1945
2835 953 4439
3001 953 849
953 2350 661
953 2909 600
953 3883 1711
3876 953 4292
953 3660 3433
953 3636 2557
4445 953 1924
953 707 4338
2837 953 4803
953 1324 910
953 375 672
1267 953 4763
953 1019 3454
3838 953 2054
953 4550 4341
953 1185 989
953 3558 2297
445 953 3447
953 3590 3229
2004 953 3403
953 99 623
953 4793 2947
953 190 2283
953 4728 1890
4809 953 3154
822 953 3261
3366 953 3193
953 1388 3071
1522 953 2955
4447 953 2140
953 3639 4331
953 1465 3276
953 1711 515
3739 953 4954
352 953 1760
953 33 668
4012 953 2408
953 1863 2776
953 1093 1920
531 953 43
953 3330 2310
2359 953 3492
1873 953 133
1897 953 4245
953 2830 4719
4657 953 4149
953 2317 3752
1701 953 3947
268 953 1716
130 953 1173
2013 953 914
4362 953 1328
953 4282 924
953 2808 724
953 4284 239
3455 953 3526
4603 953 753
4323 953 2588
2861 953 4989
4060 953 811
1002 953 4872
635 953 1771
953 2057 2813
3681 953 170
4982 953 3089
953 33 3098
953 647 4928
2226 953 3257
953 2611 3162
953 3310 204
812 953 2420
641 953 2156
953 307 4190
568 953 2029
953 263 492
2027 953 3872
953 2229 3117
2824 953 3192
953 484 1185
953 3772 1256
953 4935 513
953 350 4288
953 4893 1269
3010 953 2609
821 953 4474
953 3873 4129
3993 953 4669
953 2678 28
1676 953 3272
1287 953 1073
1599 953 1944
953 3929 4822
953 4233 2270
953 305 4649
470 953 691
1372 953 2039
953 1020 4091
953 1698 2758
517 953 2477
3494 953 4637
3494 953 1035
2077 953 3559
3381 953 4610
4332 953 181
4443 953 2710
836 953 938
953 21 548
3904 953 1773
953 1781 4763
953 3591 514
836 953 2999
808 953 405
953 2795 1016
953 1161 1497
2484 953 3261
2483 953 4914
2063 953 651
2169 953 1832
3550 953 928
3254 953 674
953 2287 2786
953 4154 5000
3346 953 1724
953 2568 3325
4561 953 1984
953 2160 2072
2662 953 1691
953 409 2618
1605 953 566
953 2314 4891
953 4494 1541
953 2308 486
953 194 3280
953 4471 1309
953 147 3995
135 953 3638
3751 953 3875
3033 953 1411
953 2028 3412
953 772 836
1462 953 767
631 953 3309
953 4984 4575
307 953 1456
953 3789 2146
1471 953 1604
1656 953 256
1217 953 3665
3523 953 3647
953 903 2211
953 3725 794
953 943 383
953 2509 2015
953 1647 4260
2560 953 696
953 1414 4661
2618 953 3897
4914 953 539
953 3783 1121
1085 953 3184
2372 953 4391
3279 953 4850
4027 953 1869
4830 953 3978
953 589 2979
4726 953 681
953 3157 1437
4622 953 3962
4888 953 3763
1866 953 386
786 953 2736
953 4020 2628
953 3474 3129
3982 953 1287
953 1894 928
4318 953 2743
953 2500 2571
953 1091 3364
2432 953 2172
2687 953 4442
2699 953 2726
633 953 3873
953 4390 1704
1173 953 3466
1481 953 2953
2376 953 3029
2230 953 2466
3133 953 4401
1234 953 4615
2526 953 481
953 553 325
229 953 1304
3984 953 3914
953 3780 4625
953 47 1245
1182 953 1841
2179 953 2324
2095 953 782
953 2307 645
4764 953 2164
953 2725 2176
1642 953 1205
953 836 4118
3581 953 2962
3508 953 1481
1075 953 1560
589 953 2987
953 1173 1844
953 2565 2137
1897 953 2815
953 3440 1256
1823 953 20
4185 953 2318
953 3614 3065
693 953 1736
1842 953 2439
840 953 4559
677 953 3875
4750 953 1742
953 4223 2613
3491 953 756
953 1942 687
3062 953 2195
953 4340 1704
953 538 4045
2850 953 2508
953 724 2862
953 980 1544
52 953 1654
953 1968 633
4276 953 2504
953 2218 1822
4092 953 2916
657 953 2453
953 235 2873
953 3706 4198
953 523 633
953 2843 3554
1249 953 1182
953 2313 3813
410 953 4321
3302 953 4094
876 953 974
1825 953 1556
4634 953 3732
953 2631 4603
2279 953 3997
953 852 2942
953 4967 3477
4321 953 3373
2097 953 3187
542 953 2317
2195 953 2797
3258 953 4821
953 2597 550
2294 953 3411
953 3858 3389
2703 953 161
953 768 3647
953 1603 1904
2208 953 329
2142 953 2886
324 953 4221
4728 953 4288
953 1317 4581
953 4930 65
953 3217 2614
3407 953 484
953 3139 1990
4567 953 1736
953 3877 1381
4397 953 1402
719 953 2433
953 4853 1202
3393 953 2197
953 3607 4209
2337 953 2466
3661 953 4358
4573 953 1233
953 4091 3501
953 4146 663
1113 953 3208
953 1317 1654
3559 953 788
953 3324 1112
953 2084 3001
300 953 2145
953 2739 2666
1783 953 2134
1807 953 827
953 1541 1431
3395 953 1561
410 953 814
953 3235 3642
3301 953 1996
4073 953 4445
953 1301 3937
953 4795 4938
1249 953 3913
953 3990 406
4073 953 1079
953 2052 4245
1796 953 3792
4918 953 1840
4134 953 536
953 2415 970
661 953 3584
953 3092 3781
953 2447 3444
953 429 3558
953 1053 3201
953 2860 3787
953 3405 1612
953 1654 4182
953 1577 3584
953 1111 1365
953 1583 3569
953 3688 2893
953 611 4867
2401 953 4480
1361 953 1698
417 953 2652
953 2052 3252
2129 953 1575
953 3883 3669
326 953 579
4918 953 1661
4863 953 4674
953 4022 3550
3404 953 1103
944 953 3668
953 1606 2809
953 3178 3977
953 3555 4112
3577 953 2831
470 953 573
1179 953 4127
1904 953 4489
953 2240 2736
111 953 1577
107 953 908
2172 953 181
953 664 3994
953 3186 48
953 3220 3700
530 953 4345
953 888 3690
953 3983 4719
547 953 1253
953 1319 1368
4171 953 175
953 3896 610
953 619 2706
953 3265 1687
953 2761 3929
1313 953 292
953 3079 3034
953 2893 765
2789 953 693
953 2513 722
953 4454 4185
953 3123 919
953 4021 203
255 953 3174
953 4920 3681
953 3968 629
953 4503 1070
953 3848 1540
4654 953 1850
953 4613 1325
2692 953 1074
3922 953 2189
462 953 4300
953 3962 2342
664 953 604
953 560 1711
953 3447 3236
953 2517 1190
953 567 4766
953 3752 2322
4228 953 3530
1105 953 874
953 973 4723
953 1818 2849
3126 953 1464
953 224 2502
953 3490 2670
3145 953 4091
1872 953 4697
4166 953 530
953 2902 975
4912 953 913
953 4283 1681
3071 953 4015
953 2500 2746
917 953 4026
1045 953 2374
1075 953 3680
953 2284 680
953 1788 2562
4035 953 3617
953 487 2656
4287 953 236
1298 953 1512
953 4760 739
3219 953 4230
3994 953 1965
953 3067 2537
953 3456 765
632 953 3842
3852 953 2840
3982 953 4060
953 4082 3849
953 1293 2572
1346 953 3949
2540 953 1165
1586 953 4213
1855 953 231
953 376 1764
3787 953 4062
953 2278 456
953 2506 3442
4320 953 4199
3859 953 2451
1311 953 4405
4815 953 476
953 2345 242
1511 953 1281
953 4034 4442
3865 953 2287
953 1779 3004
3902 953 1144
953 4936 3676
2814 953 3043
717 953 3863
4162 953 853
1399 953 3586
953 1881 463
3959 953 4184
4310 953 840
953 900 798
953 3814 1775
953 1097 1404
953 2678 239
953 4957 4222
4867 953 513
4638 953 304
667 953 1580
953 801 4043
953 88 3136
3807 953 2483
2312 953 4155
3655 953 1949
953 4582 2006
953 3517 1266
953 4527 2858
1591 953 3892
953 2886 4273
953 4444 4368
4437 953 3976
860 953 516
2777 953 362
953 365 3487
953 3687 2207
953 287 2543
953 4541 2856
953 3847 2143
953 3108 4993
953 3809 2755
529 953 3012
953 3904 4102
953 853 601
832 953 3775
4986 953 3956
328 953 4073
3107 953 1196
953 4435 701
3535 953 365
953 1930 4461
4768 953 2731
776 953 984
1804 953 3247
953 3935 1743
3313 953 56
953 4653 1487
953 4890 2513
1173 953 2436
699 953 3096
953 3853 1484
953 4076 3265
953 876 1136
2877 953 412
1455 953 4325
953 2943 2981
953 2283 4798
953 1106 2270
779 953 3077
953 1920 3509
2087 953 2709
2214 953 2329
940 953 353
4808 953 3496
953 1817 198
1796 953 260
953 4787 2068
953 1723 54
2112 953 4850
953 765 2181
953 726 154
953 1129 2795
3330 953 1466
953 862 4438
2175 953 1376
861 953 4722
953 3882 1916
953 1922 297
4450 953 2572
953 3806 1827
2216 953 873
2280 953 3953
953 447 4153
745 953 1540
953 3468 1283
1295 953 4935
4892 953 2935
2457 953 3470
953 428 3388
953 445 3216
953 4879 1928
953 2082 4713
953 221 3486
2430 953 779
953 3234 1213
953 3786 2138
953 2767 3691
631 953 4482
2576 953 181
1461 953 4579
4995 953 2309
121 953 1453
2906 953 1667
3233 953 4608
953 3744 4068
1298 953 159
953 4817 4292
4173 953 1290
953 448 4031
4501 953 3066
953 4978 1090
3607 953 2083
953 427 4880
953 2027 3062
953 1740 4825
791 953 1314
14 953 56
1198 953 3101
1285 953 3721
1002 953 1753
953 4779 3742
953 2615 4744
3991 953 1623
688 953 225
953 734 3501
953 731 645
953 3723 3855
953 1198 2732
953 4318 3835
953 1984 4521
3664 953 1124
3191 953 3878
953 757 3080
953 3681 2096
2426 953 1574
644 953 318
953 1966 13
3206 953 2145
4117 953 708
953 442 4055
953 4697 3591
953 254 1227
953 3361 1134
2309 953 3620
1600 953 1926
155 953 3030
953 779 1351
2064 953 4942
4178 953 4825
953 2503 2029
2716 953 2673
4768 953 1702
953 4920 4051
953 3502 145
2119 953 3830
4524 953 314
953 4764 2423
3277 953 3049
953 3483 419
953 4673 3614
1360 953 3599
3739 953 1604
953 886 1639
14 953 3535
1605 953 2155
3509 953 3104
953 1497 2647
953 3724 3943
953 3068 2737
953 4692 837
953 2664 2240
953 4753 3322
953 3935 787
2410 953 2083
2566 953 3845
2715 953 464
2264 953 3026
3786 953 2839
209 953 4500
4004 953 376
953 2488 357
3694 953 4768
953 1580 2725
953 2120 4375
953 2254 558
4166 953 2963
2054 953 3912
3657 953 620
71 953 932
2558 953 1522
916 953 1749
3018 953 1804
953 543 559
1977 953 3270
679 953 899
953 2054 3066
3573 953 3336
953 1949 2163
1227 953 1186
953 3014 1344
953 2910 3907
3384 953 3382
953 4389 1933
512 953 3690
3915 953 1566
517 953 4877
953 4900 1725
4740 953 2296
953 2528 4350
953 1593 4100
1788 953 4800
3232 953 1137
953 4947 4897
953 3557 1585
953 2916 4794
2262 953 2194
953 3576 2212
953 3729 3058
953 765 1931
953 4655 548
3753 953 991
3394 953 659
2429 953 3075
2227 953 4518
2687 953 1546
953 3655 607
953 3429 2320
4234 953 3023
4313 953 4072
1545 953 3415
953 187 1072
953 2345 960
953 871 4998
638 953 3705
953 314 4786
1291 953 1145
1202 953 2632
953 4073 1112
953 3232 1823
953 4400 3996
953 1587 1461
953 3658 3605
4704 953 3475
953 1540 1855
953 1558 958
1578 953 1162
953 3425 3868
953 991 609
2229 953 3087
953 4900 1816
953 4290 1720
953 1982 1464
953 3171 855
659 953 936
953 885 4338
953 2715 2716
953 2896 1295
953 2950 3749
953 717 2248
3067 953 4466
953 4211 3132
953 1175 21
953 2608 3659
540 953 1500
953 3189 2150
3490 953 3695
953 4238 1634
953 4924 1374
953 4971 297
953 785 2574
1399 953 3936
953 2404 842
4527 953 2747
4550 953 2015
2045 953 581
920 953 1393
2217 953 4672
2610 953 3846
2787 953 2779
953 4355 146
953 4353 655
953 2682 1953
4434 953 1990
953 4390 1151
953 76 2892
953 3261 1251
484 953 2879
953 4445 4286
953 2577 1773
4633 953 2111
721 953 4474
4195 953 1247
953 4815 2001
919 953 881
3971 953 984
953 3298 4984
953 3508 1033
953 1783 104
953 3280 1638
953 4206 1318
1672 953 2662
3673 953 4454
953 1621 797
4571 953 3687
2583 953 2571
953 1162 2695
953 4215 4807
986 953 4100
953 2376 3602
953 2514 4986
422 953 4845
953 1936 150
953 3744 3321
2890 953 1472
1730 953 3343
953 436 3745
1536 953 634
953 775 4237
953 1545 2680
953 145 1871
953 667 3503
3750 953 3246
953 2426 4822
953 4298 313
4350 953 1746
797 953 2347
953 2308 1874
953 3992 820
953 580 1916
953 1630 2585
3549 953 2833
953 2079 928
953 2862 864
629 953 2670
953 1512 1544
953 880 4361
3711 953 3877
953 3179 2113
3272 953 2771
1806 953 1267
4502 953 2637
953 4859 1967
953 2498 2263
953 4523 4499
953 13 2562
