1
50000 5000
34473 14127 4264
14127 35866 4808
20922 14127 55
18947 14127 2822
14127 41750 3172
14127 15888 3223
14127 8858 3042
14127 7950 4037
14127 312 2040
14127 46971 4648
44958 14127 4605
24692 14127 3818
14127 23744 3654
24794 14127 1532
14127 4342 1189
21702 14127 635
14127 9552 3817
14127 38094 14
26719 14127 3560
33907 14127 3821
27517 14127 3448
8486 14127 2247
6754 14127 1314
41741 14127 4188
14127 26177 3995
14127 24332 570
42214 14127 3714
47018 14127 1747
2485 14127 4999
45378 14127 498
201 14127 404
25593 14127 171
43417 14127 2788
45847 14127 3208
2465 14127 3836
44292 14127 4817
14127 43756 444
14127 34131 4854
11452 14127 3696
14127 28183 2682
38008 14127 3330
36902 14127 3554
14127 6824 2894
11354 14127 691
33618 14127 1923
19747 14127 2419
14127 16202 1489
10364 14127 2896
14127 32643 2609
14127 1341 3536
33224 14127 1185
14127 25951 2342
12524 14127 133
14127 29458 3716
14127 2545 2748
14127 21556 1025
150 14127 4535
38475 14127 1857
14127 41176 342
14127 42925 1529
34613 14127 2549
15537 14127 2602
10360 14127 598
14127 20148 225
24371 14127 4257
14127 29542 3024
13359 14127 4549
14127 22756 4738
9732 14127 2130
38143 14127 769
14127 17171 455
10008 14127 4303
14127 12580 4682
14127 28436 3554
3309 14127 1556
14127 16154 45
14127 45485 4728
27533 14127 1377
22225 14127 4478
48065 14127 419
14127 16607 1640
49324 14127 3715
14127 14586 3259
20580 14127 3224
14127 10795 497
14127 20805 3628
3410 14127 4695
10123 14127 2752
33878 14127 2766
7831 14127 3392
14127 16329 4226
14127 40726 2897
14127 49658 1046
14127 20638 2952
31151 14127 1618
48289 14127 4976
17906 14127 648
17050 14127 4871
13352 14127 3508
14127 881 583
14127 37410 3017
14127 4538 286
27755 14127 2229
14127 41130 2858
49073 14127 2415
43298 14127 4419
14127 7793 3598
14127 35988 68
46883 14127 834
14127 21080 3069
14127 3820 495
19897 14127 3443
16294 14127 1888
14127 29937 2600
11268 14127 3343
31714 14127 4431
20266 14127 4215
17414 14127 2492
14127 35953 1701
4520 14127 1250
14127 35060 3095
14127 6852 661
14127 33202 3338
44524 14127 4997
14127 44336 3522
14127 24960 1255
47320 14127 537
14127 40695 1810
13207 14127 646
14127 40496 4700
37325 14127 839
14127 46858 3148
30572 14127 4413
22263 14127 888
47063 14127 545
44455 14127 2984
10892 14127 1502
36267 14127 545
14127 25164 773
33227 14127 2600
22472 14127 4660
14127 35477 951
43805 14127 4149
14127 3477 1110
14127 41031 955
2157 14127 4705
14127 3449 3517
14127 25278 4291
14127 28202 2469
14127 40774 4399
14127 47826 1219
35125 14127 3457
14127 17185 2104
1426 14127 1482
14127 8468 253
14127 40874 385
14127 36056 1904
11878 14127 4121
14127 48284 3021
9269 14127 1539
42638 14127 3595
14127 38833 2695
14127 7868 483
14127 39545 4854
14127 32979 1893
14127 36679 2505
14127 39409 2477
11917 14127 4557
14127 18742 1824
14127 11652 3964
14127 30216 2916
14127 30277 253
14127 36018 1895
27785 14127 3106
14127 5328 2915
47338 14127 3246
5792 14127 1963
27395 14127 4068
21992 14127 315
14127 27214 840
14127 25561 691
14127 15043 3253
13248 14127 4500
26280 14127 1868
14127 12964 3827
8750 14127 1692
30426 14127 3040
14127 45900 1162
25237 14127 4358
39818 14127 4625
14127 31981 1717
14127 41372 1996
19785 14127 2171
14127 20732 666
37666 14127 1355
37854 14127 1718
17216 14127 4192
4997 14127 3423
14127 46430 2399
14127 43457 3251
14127 42698 4488
27969 14127 4803
12318 14127 1832
14127 26093 959
14127 18418 879
29415 14127 1341
35407 14127 1772
14127 21635 1818
2361 14127 2565
21052 14127 3872
27025 14127 3105
15770 14127 3904
14127 29951 2435
14127 8735 2861
28445 14127 4733
25929 14127 3625
36957 14127 4075
14127 30554 2798
14127 24353 620
10837 14127 4091
49030 14127 3488
3683 14127 2463
14127 44596 711
14127 47630 19
45939 14127 4902
14127 29639 2766
32665 14127 1899
3310 14127 4944
14127 47702 699
14127 39061 3287
14127 20043 4331
41599 14127 3822
44031 14127 1417
33522 14127 1041
34852 14127 1003
14127 17740 2562
28630 14127 1391
20861 14127 4332
14127 38958 1980
19378 14127 3220
5800 14127 3982
14127 11412 1472
14127 7030 3088
4639 14127 3388
7246 14127 2459
39912 14127 3168
45570 14127 1304
14127 31524 3248
36200 14127 1080
46455 14127 401
7288 14127 3044
14127 3301 229
14127 23690 4445
42010 14127 208
21313 14127 3744
14127 4886 592
2664 14127 1501
15364 14127 1693
47854 14127 1030
14127 30959 672
14127 49827 1821
14127 45633 583
44873 14127 168
44843 14127 1241
14127 8460 1767
3534 14127 2434
44905 14127 1860
26986 14127 3309
14127 6510 3687
48807 14127 2692
9793 14127 4509
14127 38648 592
14127 20711 2656
36344 14127 1753
14127 5933 550
20220 14127 3062
39232 14127 1853
12400 14127 915
40271 14127 2690
32841 14127 2950
14127 20263 35
44894 14127 3453
14127 45413 555
14127 9332 2683
39445 14127 3110
14127 17794 3064
14127 14524 4955
37976 14127 2917
14127 594 1512
39574 14127 387
19417 14127 1225
14127 2028 3829
14127 3992 4352
14127 33050 3915
16193 14127 3065
27801 14127 4380
14127 11222 301
14127 43513 3499
14127 2444 1921
14127 1864 1933
14127 26469 3380
22587 14127 4734
14127 28001 10
47795 14127 4514
14127 23587 1433
14127 30148 1473
14127 6904 972
96 14127 319
14127 20121 4978
36384 14127 2149
14127 15866 4720
37269 14127 1801
14127 31109 4759
38922 14127 3138
14127 48609 3924
14127 27868 2474
14127 32501 2360
18604 14127 2429
28531 14127 3957
401 14127 4360
14127 41842 3658
14127 10703 2715
14127 26177 3964
11510 14127 1110
14127 18814 2866
35040 14127 4518
14127 841 3156
14127 41099 3445
14127 36196 3766
14127 36835 524
19774 14127 4607
14127 41877 3891
14127 7249 964
14127 5714 4411
21932 14127 3061
14127 13117 1554
41288 14127 3169
14127 49757 4905
14127 18731 2265
31801 14127 640
14127 35358 2133
14127 37597 3264
25611 14127 4491
25432 14127 3064
14127 40544 3607
48869 14127 2183
40461 14127 875
15732 14127 2352
14127 14199 2398
17512 14127 1412
24841 14127 182
14127 3062 4864
14127 34898 3148
47784 14127 2165
14127 20322 2496
14127 49047 1780
39058 14127 2704
14127 42928 2094
16348 14127 3448
14127 8319 3191
49020 14127 1459
31103 14127 551
14127 5390 2219
14127 14073 2715
28107 14127 3832
8485 14127 3647
14127 7003 3395
14127 49387 2114
34757 14127 1023
14127 2482 3960
14127 18856 353
27896 14127 4972
14127 21281 2184
14127 11592 1191
36716 14127 4201
37789 14127 3876
43099 14127 4011
49418 14127 19
47803 14127 2808
14127 3078 1271
41440 14127 1654
14127 11525 2073
31165 14127 2611
14127 27171 4373
14127 18022 4004
42131 14127 2128
14127 13761 3448
21471 14127 841
38881 14127 1718
14127 37697 3695
5950 14127 2082
14127 38744 2911
30417 14127 4142
14127 40761 2691
1326 14127 4120
2760 14127 2323
44104 14127 1090
14127 40213 4412
14127 48627 224
14127 28801 1081
14127 15463 3731
14127 14724 2902
14127 10884 4435
37573 14127 1118
14127 2644 9
24367 14127 1913
47100 14127 1205
2354 14127 1923
14127 32037 1143
24536 14127 3345
15503 14127 343
14127 3709 4600
14127 33984 4751
14127 33320 3789
14127 36180 2142
4117 14127 2361
14127 26804 156
49530 14127 4840
14127 6854 4828
14127 24697 3222
32040 14127 944
6825 14127 900
14127 22310 2727
15109 14127 2596
39550 14127 2902
14127 38284 4360
14127 11913 2251
14127 2450 2122
14127 14685 2814
14127 5686 3843
14127 24399 1229
14127 37131 1343
25341 14127 739
14127 37226 4567
14127 46676 1430
32650 14127 1429
14127 17677 4499
14127 38786 2561
13917 14127 1555
37582 14127 4351
14127 1245 4718
39658 14127 4605
14127 24481 2865
5725 14127 821
14127 33172 1654
30530 14127 3890
25631 14127 585
14127 35127 2333
42298 14127 2508
24486 14127 3380
14127 41693 1065
45419 14127 1778
42468 14127 4758
14127 48582 2316
14127 28525 4741
14127 16112 4879
14127 4057 4730
14127 46007 84
14127 3341 3860
46739 14127 4777
49059 14127 2444
14127 44364 4698
14127 42758 1896
14127 36452 3522
14127 43073 2333
14127 37350 100
14127 20040 3705
14127 48372 4095
14127 15225 3060
40377 14127 2722
10600 14127 1002
14127 19815 3392
35669 14127 4889
19633 14127 4143
23906 14127 3052
14127 36620 2403
14127 17484 1857
40049 14127 4193
10828 14127 470
10370 14127 2851
37739 14127 148
4301 14127 89
26276 14127 4739
10761 14127 4248
14127 42480 1108
14127 29731 1435
14127 29475 4928
14363 14127 4708
14292 14127 269
3816 14127 1478
14127 37399 2873
46367 14127 1410
27076 14127 3499
14127 11664 118
14127 12804 1989
46150 14127 3276
11200 14127 1878
44564 14127 2730
2748 14127 3634
1616 14127 269
14127 48693 1958
14127 10309 2677
40840 14127 4304
14127 21473 2315
14127 42851 2449
6642 14127 3632
15657 14127 3984
32558 14127 2995
14127 28653 1933
14127 30321 4632
19615 14127 4315
10391 14127 1937
14127 33663 29
9134 14127 4064
49310 14127 1652
21580 14127 47
42098 14127 4912
14127 40076 2392
23618 14127 2176
8839 14127 698
45373 14127 1226
14127 5857 2112
14127 11983 3386
14127 8089 4099
14127 12504 626
18982 14127 313
36106 14127 1606
1825 14127 4559
14127 38282 2168
42343 14127 2670
22366 14127 3
14127 23240 2556
14127 18074 3773
14127 30549 1244
42370 14127 1902
27691 14127 1436
14127 2128 2495
14127 2743 234
14127 29364 905
14127 104 4343
14127 22744 4482
6023 14127 919
14127 1707 1194
14127 34000 363
40508 14127 1447
14127 14881 4728
14127 37114 940
4747 14127 4925
11406 14127 1365
14127 40366 3399
40368 14127 763
14127 41213 946
9280 14127 3213
14127 18210 2494
14127 12959 1570
14127 12816 3593
27241 14127 4813
14127 40558 3684
49403 14127 3030
14127 49870 2700
14127 49101 3089
14127 26014 2401
47006 14127 1425
28681 14127 4823
14127 6777 2308
14127 12209 107
41137 14127 476
37742 14127 4274
14127 19990 3023
44936 14127 3503
14127 40727 1709
45362 14127 4729
14127 22832 3720
34265 14127 4066
14127 40524 3683
14127 10 3775
32725 14127 90
14127 38645 3567
40435 14127 2033
29745 14127 4791
14127 28770 3392
26900 14127 2237
14127 13393 2275
14127 25931 4768
38380 14127 21
14127 21635 1822
14127 33903 4242
14127 18474 2623
14127 39551 2351
316 14127 2170
29836 14127 4022
14127 17891 3464
37332 14127 1629
21897 14127 2953
14127 46573 875
19259 14127 1503
33484 14127 3758
22081 14127 4783
14127 12830 1505
14127 48649 3894
14127 17829 1475
6706 14127 2238
44173 14127 3344
16681 14127 4139
14127 17116 67
23065 14127 1139
14127 18012 3605
10685 14127 4612
14260 14127 4189
49520 14127 3105
43721 14127 3660
14127 23670 2891
14127 19545 4348
19899 14127 3623
14127 12500 484
14127 33824 3811
14127 31146 3449
14127 44398 3715
22610 14127 1741
14127 40699 1469
14127 37533 1277
29464 14127 209
38705 14127 3063
14127 39820 59
42245 14127 1048
14127 11750 2769
23359 14127 800
35974 14127 3261
14127 21012 329
3213 14127 3087
21692 14127 4526
41978 14127 3956
23282 14127 4854
14127 42882 2260
36799 14127 1051
39196 14127 2336
49289 14127 1778
20756 14127 2511
28488 14127 2089
37024 14127 1033
4144 14127 4847
6543 14127 608
45025 14127 4531
42101 14127 3191
14127 42221 2618
14127 24952 4268
26026 14127 1678
28511 14127 3471
29851 14127 4477
40400 14127 3265
18155 14127 1367
28589 14127 4886
38202 14127 938
23726 14127 295
14127 20667 4311
3078 14127 4609
14127 34093 4101
42785 14127 4806
41174 14127 1512
14127 26425 1890
21016 14127 271
14127 752 978
14127 28595 3336
14127 16187 2164
48029 14127 4018
14127 41685 4748
21239 14127 1396
31955 14127 168
30177 14127 4897
14127 5378 4598
48088 14127 1748
29868 14127 3674
14127 22350 4700
37384 14127 3616
133 14127 555
14127 37338 2864
14127 41718 2223
14127 12438 944
6299 14127 4084
14127 43488 2530
38677 14127 1676
28988 14127 111
24856 14127 4969
30997 14127 2048
32734 14127 2624
14127 40137 1867
23640 14127 3221
23901 14127 1308
14127 43407 179
14127 29385 4760
14127 563 2462
15282 14127 2433
14127 3647 2675
14127 16262 1930
14127 21187 4742
14127 49413 4981
25144 14127 569
14127 32129 2993
12426 14127 2752
43836 14127 38
13478 14127 2390
16192 14127 3782
25348 14127 4477
48316 14127 4563
12772 14127 797
14127 43504 4796
14127 30630 309
14127 28544 2665
16875 14127 15
14127 19177 4796
47904 14127 1256
3108 14127 4313
14127 6537 4261
48517 14127 2961
14539 14127 2941
14127 23926 1726
17368 14127 3111
14127 4127 4923
14127 8382 1825
41187 14127 4863
14127 44310 3324
49655 14127 3822
7542 14127 862
43513 14127 3549
41393 14127 4344
14127 32813 3335
14127 19202 2237
14127 12147 1953
39648 14127 2817
14127 27674 472
43666 14127 3877
34859 14127 4656
6350 14127 4565
14127 48526 2902
14127 31008 1088
22179 14127 874
14127 46462 960
14127 34946 4953
14127 18405 696
14127 21681 841
5753 14127 1931
14127 14078 972
14127 39727 4799
34548 14127 2550
24480 14127 3887
14127 25090 4408
47532 14127 792
14127 39213 3003
42796 14127 842
14127 28942 3112
35210 14127 1560
18268 14127 4124
14127 22229 3157
18905 14127 4263
14127 43610 262
14127 17685 4100
14127 31320 2353
10908 14127 1271
26323 14127 3216
569 14127 1248
15810 14127 2654
14127 7144 3121
14127 11189 4954
14127 42746 2560
24582 14127 2671
14127 44691 30
14127 15022 3202
46125 14127 844
14127 16210 2432
35033 14127 793
20985 14127 2805
47022 14127 3701
14127 24517 3940
14127 30147 1569
14127 47277 2414
26281 14127 128
14127 25680 1578
14127 37515 3670
28395 14127 282
14127 40825 660
43065 14127 3648
1940 14127 1698
14127 31991 4822
9340 14127 758
6311 14127 4136
14127 30092 732
14127 85 4184
10228 14127 502
13987 14127 716
14504 14127 4816
35286 14127 1710
14127 3132 4216
20342 14127 3002
14127 48417 4543
977 14127 1367
14127 12988 4422
14127 29173 946
14127 40611 2737
14147 14127 3540
14127 47821 1390
37519 14127 4346
7191 14127 2451
17418 14127 4160
14127 18473 4309
14127 5548 1768
14127 26540 2622
14127 12267 3142
535 14127 712
31558 14127 218
14127 41315 3323
2779 14127 4301
14127 22271 4709
14127 8526 1935
14127 40839 2855
48392 14127 698
14127 21205 3520
4772 14127 4388
14127 28715 4261
14127 49676 2904
20402 14127 1252
14127 31153 2651
11126 14127 3424
14127 28437 3228
1273 14127 542
14127 11222 1279
14127 14320 2924
14127 11399 3678
14127 40734 3105
1794 14127 2137
14127 15389 2157
14127 33279 341
14127 7161 4379
37102 14127 655
14404 14127 2171
29747 14127 3457
27718 14127 1068
14127 9892 551
14127 15482 670
14127 39703 1472
14127 33397 4417
39621 14127 2136
12493 14127 760
42988 14127 1241
32682 14127 1767
14127 20313 3673
48628 14127 2838
17222 14127 508
31847 14127 801
14127 49344 4976
43587 14127 330
19350 14127 4559
14127 47896 3081
14127 29791 1744
34087 14127 4140
49560 14127 3693
31397 14127 2597
37611 14127 4478
40566 14127 4984
14127 21731 2468
14127 25042 37
22585 14127 3143
14127 15827 1257
17974 14127 2200
16356 14127 3036
14127 2380 29
14127 20982 3453
14127 40044 4200
10116 14127 2413
14127 10517 1485
14127 28308 4359
14127 29583 3964
14127 5066 1216
14127 49499 3872
14127 16721 2284
18293 14127 1905
14127 10884 4236
9173 14127 1881
14127 14477 3386
30874 14127 1221
27772 14127 1688
38568 14127 4114
14127 45743 2228
23967 14127 54
41073 14127 2975
14985 14127 1326
14127 26549 606
14127 28723 3725
14265 14127 2507
45666 14127 3882
3602 14127 499
14127 20746 4744
14127 13461 1981
48300 14127 3806
27242 14127 3244
14127 8621 3724
18345 14127 745
14127 40463 3632
6845 14127 926
18554 14127 1316
14127 41969 551
26054 14127 2802
14127 16006 404
787 14127 1285
14127 1202 1937
14127 17016 1687
36417 14127 2430
8876 14127 3111
14127 25605 196
14127 14117 4833
14127 20748 3065
14127 13071 3679
35048 14127 1269
14127 25658 4979
24672 14127 1441
14127 46022 2935
14127 45398 3306
14127 26330 3118
14127 28709 2424
45928 14127 4928
14127 13126 3414
40351 14127 816
21884 14127 2437
9439 14127 393
21533 14127 1594
18166 14127 4723
14127 742 3928
14127 39310 4933
14127 34046 2367
34933 14127 2209
49657 14127 1540
14127 23508 4467
14127 22294 955
14127 19109 1937
33187 14127 2155
14127 9239 4563
14127 42436 4846
19489 14127 2854
14127 10082 4695
14127 29834 2385
37918 14127 4365
14127 33395 1558
47134 14127 3103
14127 44544 2359
14127 9052 4928
14127 2600 1327
5441 14127 3423
35648 14127 926
2384 14127 1408
49411 14127 4296
14127 7049 1715
30112 14127 3407
14127 4149 4813
33249 14127 386
10938 14127 3776
35832 14127 1670
14127 27887 548
14127 21449 1867
14127 49807 113
14127 19201 4284
14127 7589 4541
14127 43087 2212
14127 15505 4468
30715 14127 1891
14127 14565 4587
14127 44689 3597
14127 4151 2200
14127 1668 1066
14127 38926 3113
14127 1155 1013
24061 14127 2351
152 14127 1405
14127 22943 94
14127 37596 2600
14127 21512 2748
2643 14127 1195
34477 14127 3158
14127 46815 395
14127 5169 380
14127 12628 3314
14127 9005 967
14127 36794 4320
42168 14127 98
14127 25895 52
14127 48993 566
14127 30445 4930
11432 14127 2062
28778 14127 4564
14127 35070 925
10623 14127 2794
14127 37536 262
38200 14127 4005
6922 14127 3231
5075 14127 3512
14127 48936 4495
14127 45751 2996
14807 14127 1697
42988 14127 2067
10176 14127 3164
14127 48996 469
14127 1877 4988
7044 14127 251
14127 41757 4266
14127 45128 2068
14127 28521 2994
14127 1039 4538
14127 20101 1500
14127 22764 2962
14127 24255 3497
14127 38080 1744
25699 14127 3261
5929 14127 1974
23728 14127 100
40648 14127 523
14127 17173 1223
14127 40047 4265
14127 34195 3280
30588 14127 2152
14127 3217 827
14127 41809 1255
14127 46706 3961
14127 18340 2564
14127 43778 4928
36347 14127 55
24324 14127 3553
11799 14127 373
32732 14127 2416
49382 14127 3559
20235 14127 1133
14127 25491 3898
14127 29350 1191
14127 4829 3101
16450 14127 4639
14127 30842 1686
14127 20671 4909
32978 14127 2762
14127 35702 4484
1663 14127 3419
14127 43132 1292
14127 33744 111
14127 15988 3804
14127 6778 3753
20204 14127 4067
14127 2244 982
14127 48429 4644
2074 14127 4579
37376 14127 2312
22773 14127 4664
14127 46475 2134
39208 14127 2974
14127 13898 1969
14127 47818 2468
14127 32226 3106
43301 14127 2163
31704 14127 4403
14127 42804 3794
15560 14127 1570
14127 40639 1278
40996 14127 4819
945 14127 544
17482 14127 3719
14127 21344 576
24569 14127 2877
6816 14127 4132
36066 14127 4337
13140 14127 4643
14127 27135 391
14127 39863 633
14127 14957 4413
34226 14127 293
28505 14127 4084
19703 14127 4160
26300 14127 2598
14127 46273 2559
14127 38134 2671
14127 47877 435
14127 31479 395
14127 11777 1161
14127 16006 3860
14127 35240 1967
45168 14127 1787
9222 14127 3681
10904 14127 3252
14127 36437 4117
14127 15694 714
43604 14127 3028
30684 14127 511
14127 22852 34
12084 14127 1301
14127 33846 624
14127 4550 634
14127 43173 3924
21625 14127 3040
14127 19890 1319
14127 33475 4628
38002 14127 450
14127 7074 105
14127 31672 2097
14639 14127 831
37253 14127 1171
14127 2764 2763
21933 14127 3918
14127 6393 4505
14127 13966 1570
14127 8309 3388
41042 14127 2140
14127 20529 3930
14127 47414 4084
9354 14127 1304
14127 49418 3922
35803 14127 3197
14127 34288 3664
14127 8090 3619
14127 11923 1237
14127 35251 3396
14127 15751 721
43363 14127 2132
14127 12304 3296
43728 14127 1536
14127 12428 4773
14127 41583 1952
364 14127 3174
14127 9021 930
14127 9871 2175
41174 14127 3832
14127 5351 1069
40200 14127 4455
14127 3564 3721
49836 14127 659
32996 14127 2345
29397 14127 4735
14127 26524 975
14127 28400 1114
14127 15812 2782
14127 46248 451
19086 14127 4024
25355 14127 520
22772 14127 302
33423 14127 535
33053 14127 4192
30792 14127 2279
33404 14127 1137
20691 14127 2106
14127 15344 1055
424 14127 2646
17084 14127 2110
14127 40626 3854
14127 25386 4344
8002 14127 2095
14127 5308 1462
14127 29279 1260
14127 3674 2755
18896 14127 2219
4911 14127 1844
48118 14127 3625
21998 14127 154
49771 14127 1758
13842 14127 4216
35002 14127 443
1496 14127 4710
34995 14127 4296
14127 39993 2736
35623 14127 2243
34151 14127 4574
14127 12358 280
14127 28529 1301
14127 32548 4638
14127 43073 1615
14127 28684 1301
26392 14127 3959
14127 40250 3964
39928 14127 1042
14127 38653 3239
14127 921 3885
14127 18955 868
39541 14127 2877
14127 22985 2669
38564 14127 2355
14127 19162 897
14127 1845 3923
14127 17041 130
14127 7723 640
39022 14127 2928
31825 14127 3807
27902 14127 762
14127 12568 946
2641 14127 652
14127 36176 3282
18747 14127 1982
14127 22114 2620
14127 27579 4315
14127 114 87
46807 14127 1923
32602 14127 1976
14127 37852 1830
2740 14127 1214
4495 14127 1440
12063 14127 3693
19966 14127 529
14127 25581 1851
41781 14127 2569
14127 35822 3288
14127 30348 4080
16158 14127 2013
14127 39098 2357
14127 22472 2601
14127 20593 10
3641 14127 4269
35276 14127 2479
14127 39373 1003
32926 14127 2611
14127 48238 2192
14127 15627 1622
14127 45217 3051
14127 40683 4511
30775 14127 1629
10262 14127 390
14127 285 3597
18606 14127 1960
14127 46005 2444
14127 29649 4360
14127 33736 1753
14127 953 411
47646 14127 2142
14127 45064 2563
8257 14127 131
4297 14127 2157
27015 14127 2028
7547 14127 4566
8591 14127 1012
14127 33362 959
12295 14127 1502
14127 42013 2513
26094 14127 4308
21389 14127 3297
48531 14127 1180
14127 30576 1014
14127 19459 4226
33209 14127 3183
23113 14127 4416
42413 14127 2680
14127 16179 181
26100 14127 1236
14127 46828 4466
14127 44025 4673
14127 9757 3091
14127 19749 4642
29268 14127 3755
14127 32280 3078
14127 2609 4243
14127 10628 3562
14127 18376 4581
14127 42505 1012
12900 14127 2923
13137 14127 349
14127 5371 2675
5077 14127 4501
14127 27055 4948
14127 9835 1079
14127 17567 4871
14787 14127 3781
13990 14127 287
14127 23552 64
25361 14127 30
14127 13749 1388
39661 14127 4264
14127 20408 274
14127 37573 3587
14127 7272 516
3724 14127 3977
14127 40467 4199
14127 49626 1509
14127 34740 4754
14127 45187 2085
42543 14127 1700
14127 24052 3802
14127 29996 120
11596 14127 54
36027 14127 2916
14127 35980 2370
14127 1601 783
14127 40290 3627
14127 15924 3058
12097 14127 1324
40037 14127 2779
176 14127 1786
14127 2981 4697
14127 10152 4428
14127 6278 3325
47306 14127 410
14127 42192 864
39480 14127 4953
16194 14127 3031
4299 14127 964
37523 14127 966
14127 8353 29
14127 45701 2569
14127 10515 2693
14127 24498 3862
7846 14127 1968
14127 25811 1483
29986 14127 1593
14127 23533 3717
28549 14127 1734
14127 42787 1781
14127 47689 1034
14127 18401 4238
31106 14127 3852
14127 20633 2915
17617 14127 38
14127 28800 1259
14127 47080 1677
14127 35511 3364
16481 14127 2407
42922 14127 1836
39884 14127 2863
14127 30541 2546
14127 36186 4905
14127 43059 2112
14127 29238 1592
15876 14127 4658
13697 14127 3414
35268 14127 2485
12671 14127 1030
8649 14127 2367
14127 46285 3822
14127 41954 4649
14127 32338 3182
35477 14127 900
23443 14127 2751
6083 14127 4474
1575 14127 3031
13442 14127 4894
48971 14127 1458
28107 14127 4369
12911 14127 1397
14127 37875 4001
32305 14127 4311
22665 14127 664
39052 14127 1728
14127 2225 3193
14127 24572 1088
12161 14127 4407
44968 14127 4182
23721 14127 720
41994 14127 3312
14127 29418 835
49902 14127 1471
14127 5111 1342
47373 14127 3526
14127 34859 2907
32066 14127 2844
30578 14127 3282
14127 16217 2762
26390 14127 3086
8076 14127 375
14127 9042 2512
36185 14127 882
14127 21086 3810
14127 8869 2871
14127 33279 1354
14127 15808 523
14127 34991 1214
14127 47670 4200
16160 14127 619
39288 14127 3977
14127 23687 3929
25898 14127 4326
31854 14127 2448
14127 27007 3115
25232 14127 4747
14127 9359 3505
1371 14127 528
43264 14127 1187
14127 43543 488
14127 134 4153
49924 14127 984
14127 41032 910
41629 14127 1729
14127 19043 996
14127 40297 4691
14127 27636 2380
18692 14127 2086
14127 36309 215
28834 14127 4048
14127 32069 4551
42192 14127 770
14127 29188 473
14127 15930 1046
31452 14127 4412
14127 28418 2041
14127 19557 2868
38176 14127 2246
25279 14127 4393
14127 28504 4318
14127 39197 2541
14127 43708 1027
4850 14127 650
14127 3076 4864
14127 34109 96
14127 5106 1764
14127 36996 1277
62 14127 3630
13295 14127 4966
14127 31495 2440
41825 14127 2907
14127 49495 12
24032 14127 4051
14127 38143 3119
36864 14127 2203
29416 14127 775
19116 14127 1203
14127 31834 3242
14127 9141 1236
48894 14127 2652
14127 27722 1597
14127 46672 163
44846 14127 2200
14127 27263 318
14127 27657 1374
2312 14127 2659
43488 14127 4022
14127 29278 3418
2821 14127 4366
14127 10397 4379
34532 14127 3635
14127 47498 4084
14127 32275 3841
9463 14127 2788
21039 14127 3036
1317 14127 3915
14127 49363 1447
14127 8495 3629
2227 14127 2390
2856 14127 1706
14127 39338 573
14127 29470 1155
45342 14127 4198
17674 14127 2043
14127 1912 2300
49791 14127 2810
14127 17826 2448
14127 8899 2838
14127 11812 2568
14127 2269 2539
14127 3838 2977
14127 24450 77
42707 14127 3026
14127 19958 791
8337 14127 1355
10442 14127 1970
14127 41231 1425
47573 14127 4204
14778 14127 2983
14127 8665 3370
14127 21102 3951
13615 14127 4824
32813 14127 3736
14127 38482 932
252 14127 55
37396 14127 551
14127 26662 3310
14127 16955 3202
28781 14127 4554
32492 14127 1431
18187 14127 144
14127 8724 4903
8764 14127 4875
14127 9144 4392
14127 22472 3640
14127 35859 4219
14127 262 4142
30963 14127 1980
14127 17234 2215
14127 8414 4458
14127 48807 3072
14127 3012 159
20124 14127 1741
14127 808 2338
14127 35379 3896
14127 18782 3111
14127 37321 596
33186 14127 3177
41680 14127 2694
14127 42940 2099
36344 14127 4835
31514 14127 172
648 14127 304
14127 41997 195
48689 14127 4935
14127 19180 1881
14127 34151 1719
14127 14257 3935
14127 13136 809
47639 14127 4104
21996 14127 881
7176 14127 421
16482 14127 729
14127 20438 132
14127 15572 96
14127 27200 2025
25967 14127 3993
14127 31147 2346
23949 14127 901
48573 14127 2180
14127 24671 1054
14127 31596 4183
31064 14127 1984
41023 14127 1148
14127 25349 1257
14127 38493 4984
22668 14127 3076
14127 3459 2724
23720 14127 4137
14127 18159 4361
7050 14127 1786
23779 14127 1969
4064 14127 2442
7581 14127 4623
25995 14127 1434
11079 14127 417
14127 35872 1983
14127 10740 3222
14127 41389 930
34398 14127 1860
18726 14127 3071
21940 14127 3955
14127 30465 3746
30438 14127 318
14127 28823 587
14127 3859 3557
14923 14127 918
14127 29022 4750
14127 26699 1251
14127 18784 3246
14127 628 3701
14127 42199 4604
36283 14127 4433
14127 23720 1406
14127 26946 4520
14127 4381 489
14127 26195 4339
32059 14127 4210
14127 27848 1443
14127 9318 2343
9437 14127 2951
30416 14127 3292
30630 14127 501
14127 5392 3315
14127 38033 3205
21792 14127 2078
46617 14127 107
26895 14127 272
38247 14127 2416
14127 8895 413
6568 14127 190
29154 14127 3777
14127 35953 3450
49667 14127 3160
14127 36326 2925
3300 14127 1931
11940 14127 4192
26340 14127 1304
14127 16220 235
24499 14127 746
14127 14648 2322
14127 32946 1229
45464 14127 1784
14636 14127 1269
13267 14127 588
14127 12040 2314
5889 14127 3202
14127 29843 939
14127 5072 1388
25718 14127 898
12983 14127 543
14127 37109 4997
1092 14127 68
30300 14127 3558
14699 14127 1096
16682 14127 567
14127 3560 1487
4862 14127 4347
9819 14127 4572
14127 23631 4354
49230 14127 1113
14127 27897 1766
14127 35319 1513
11581 14127 767
14127 11256 847
14127 13038 2766
14127 37022 58
37543 14127 2708
35742 14127 732
14127 15998 3208
14127 9977 3633
14127 5513 2353
26230 14127 376
14127 32509 2370
33801 14127 4136
1051 14127 3902
14127 13640 1056
14127 46311 2826
14127 11499 4975
14127 2227 308
14127 10698 2220
47198 14127 4620
14127 9737 1652
14127 15837 675
4612 14127 2813
14127 6584 346
36901 14127 1089
14127 3354 1242
15208 14127 3861
33512 14127 4139
45699 14127 3859
14127 9913 2097
40870 14127 103
14127 37997 717
8332 14127 1491
1921 14127 332
4088 14127 4756
27568 14127 3350
14127 24396 765
14127 10058 4772
18965 14127 92
14127 46719 1269
3875 14127 4899
14127 49196 2750
37117 14127 523
1998 14127 2968
23578 14127 2086
14127 17414 2021
14127 49387 950
3722 14127 3229
43152 14127 2646
3125 14127 1497
15960 14127 2375
2823 14127 2050
14127 33262 4600
34701 14127 2484
41371 14127 4801
37498 14127 1186
14127 11422 4877
44401 14127 1326
45597 14127 2936
35136 14127 2722
14127 1352 1801
14127 9574 2748
14127 15138 694
14127 3357 4257
14127 20335 4686
14127 21308 4932
30649 14127 2339
30211 14127 4147
14127 23175 3517
14127 49302 276
44126 14127 4531
23975 14127 153
23499 14127 4687
34344 14127 2552
49858 14127 130
14127 33081 2355
14127 32394 2557
30466 14127 1171
14127 39899 4994
14127 49187 2162
47100 14127 687
7765 14127 2302
32821 14127 3901
25501 14127 4857
14127 20022 83
14127 48895 114
18529 14127 989
14127 10007 2182
38840 14127 3587
31416 14127 1920
40223 14127 1286
14127 7099 1075
49041 14127 4058
402 14127 3279
29361 14127 4656
14127 38677 3508
14127 14972 1397
31513 14127 4157
6585 14127 2405
14127 21910 532
14127 34377 4059
14127 25392 46
36497 14127 3964
14127 43131 4331
14127 14692 1771
5318 14127 4230
10815 14127 1183
14127 46740 3056
14127 48908 156
30278 14127 1376
14127 18678 1510
11327 14127 2145
21351 14127 317
14127 40790 1052
14127 4186 4151
14127 49026 3403
8752 14127 1671
14127 44268 398
40288 14127 3989
40330 14127 3963
9364 14127 3018
14127 18880 1725
33996 14127 2669
14127 31925 2030
32738 14127 4805
14127 20114 4745
44802 14127 3453
25768 14127 2240
10633 14127 2365
21096 14127 4438
33703 14127 2356
14127 3385 1854
14127 10290 4794
14127 8360 321
14127 9394 2553
38356 14127 3650
44497 14127 3397
14127 15481 3154
14127 8083 2247
34332 14127 4546
14127 5378 2654
14127 31840 4032
14127 43924 1457
14127 48157 950
27400 14127 1012
31857 14127 1690
25412 14127 280
14127 48756 1842
20420 14127 3606
14127 796 2251
14127 31473 2657
40160 14127 4496
22141 14127 4999
14127 28962 4250
41251 14127 4242
21703 14127 3398
14127 28133 378
14127 20123 4308
14127 37923 1837
14127 34803 2576
14127 25575 4637
28171 14127 4972
14127 2761 162
14127 40649 4554
14127 32573 1727
14127 6738 3301
23215 14127 1228
3479 14127 1436
14127 31627 2426
14127 24441 2015
9718 14127 2434
14127 9603 3345
14127 48663 4350
38470 14127 1434
14127 48500 592
14127 46518 237
14127 27205 4993
8978 14127 4078
8612 14127 3512
14127 28270 4353
27620 14127 2445
14127 7276 4536
35337 14127 250
14127 37223 827
14127 46478 1041
14277 14127 4501
14127 42603 626
40338 14127 2336
28445 14127 2926
16712 14127 3609
14127 14435 3530
42811 14127 360
29149 14127 3944
14127 8626 3829
14127 22865 2025
18672 14127 2663
14127 26039 1204
14127 20230 3801
10005 14127 1387
47637 14127 694
14127 48229 3901
14127 43244 167
14127 2897 2454
27055 14127 1563
16824 14127 369
27121 14127 1253
30304 14127 1451
24181 14127 1809
14127 38341 3657
2089 14127 1923
14127 33516 2200
20818 14127 1195
14127 13654 117
6550 14127 4268
6830 14127 1909
14127 45572 3974
14127 19436 1723
14686 14127 4313
593 14127 3393
20359 14127 4785
12126 14127 3001
14127 22999 825
43790 14127 304
38788 14127 3817
10336 14127 290
41611 14127 1355
14127 29124 2443
48311 14127 4874
14127 47190 392
14068 14127 4523
14127 22618 4566
38855 14127 1646
19046 14127 2018
29920 14127 941
14127 46495 904
14127 48496 3093
3090 14127 4046
14127 36417 2158
14127 33628 237
12604 14127 1904
14127 21037 4955
14127 11189 3880
43682 14127 2396
14127 23511 2059
14127 17903 2285
14184 14127 3174
48201 14127 3957
14127 3287 2186
14127 20912 3844
13430 14127 212
36678 14127 1288
13998 14127 1747
26439 14127 1926
14127 29059 4962
14127 3102 3837
34987 14127 713
14127 45203 2643
38609 14127 976
42847 14127 1662
14127 10952 2245
41874 14127 1410
14127 26822 2013
14127 49275 2392
14127 40000 133
14127 5269 3675
14127 38055 1192
14127 19463 2257
32129 14127 3204
286 14127 3792
46172 14127 3840
14127 40512 2956
47066 14127 1677
15329 14127 4607
39724 14127 4861
41742 14127 4874
33956 14127 1548
43066 14127 1837
2572 14127 328
14127 132 2889
11834 14127 2537
3714 14127 1689
14127 23890 3254
14127 19096 1457
40776 14127 4979
21040 14127 3478
14127 13280 4899
14127 16411 1026
48314 14127 4072
14127 40073 1667
28696 14127 2666
40923 14127 1627
14127 24586 3256
29454 14127 3813
48069 14127 263
36834 14127 4679
14127 30789 2043
14127 13450 283
14127 32776 4912
14127 48209 557
12501 14127 1706
13537 14127 3968
14127 46893 3788
14127 10457 985
27373 14127 2547
35193 14127 3829
19393 14127 2751
14127 42511 231
14127 3390 3579
697 14127 2711
14127 3184 249
20919 14127 3435
14127 25418 2500
29972 14127 2436
44225 14127 3983
14127 16586 4842
34072 14127 154
30803 14127 2357
14127 48078 3523
14127 5331 1528
14127 41456 894
14127 21954 3863
14127 19819 483
14127 25378 4666
14127 33892 4569
14127 4210 2163
34701 14127 1843
14127 33544 2230
11018 14127 3502
12395 14127 2968
9212 14127 3367
14127 33350 496
14127 44818 3885
37405 14127 292
14127 37984 4327
14127 48548 4445
46108 14127 4913
33222 14127 4428
44890 14127 3824
21216 14127 609
14127 31723 4494
14127 46943 604
8419 14127 4785
2656 14127 3707
12777 14127 239
14127 29490 2373
14127 1506 1101
8727 14127 1152
14127 19382 4568
33902 14127 1159
15381 14127 3955
33079 14127 2627
14127 11148 156
28749 14127 1354
14127 49314 2190
4623 14127 2725
24087 14127 533
14127 3319 2460
14127 45037 2245
14127 19934 3776
14127 43046 2416
14127 39725 1397
14127 31658 4034
34788 14127 3824
36312 14127 144
6460 14127 2618
14127 7761 1228
4373 14127 4237
34191 14127 4744
14127 38380 984
44637 14127 1373
29790 14127 3255
884 14127 1720
14127 37108 794
14127 1844 3251
14127 17548 3256
14127 24705 236
14127 21172 4765
16406 14127 2566
11637 14127 1120
14127 27061 2335
14127 47660 3717
14127 32937 3945
14127 40921 3911
14127 25122 671
14127 12012 4160
44330 14127 1798
17673 14127 2202
14127 3055 4198
14127 14780 1875
14127 29618 4416
14127 24124 990
4882 14127 779
14127 48187 1647
36376 14127 4080
27487 14127 3302
21595 14127 4345
32805 14127 3652
26143 14127 2940
27648 14127 1939
14127 14066 4636
36130 14127 789
44653 14127 4339
14127 6170 386
14127 47938 4784
14127 24366 134
14127 7542 46
14127 9500 1881
14127 38576 3303
38999 14127 1644
23683 14127 2071
30440 14127 661
302 14127 2121
2104 14127 3675
14127 8802 1482
14127 12016 2361
18036 14127 2325
22012 14127 3134
14127 40780 949
14127 5793 1210
5283 14127 1434
14127 34842 13
14852 14127 1502
7850 14127 2235
14127 38577 2152
16340 14127 2229
14127 28058 1600
36971 14127 942
14411 14127 212
14127 42364 4066
49809 14127 4523
44148 14127 1586
24162 14127 4319
12626 14127 535
19168 14127 2910
14127 6189 532
14127 48761 4831
14127 35874 1754
14127 24445 3760
14127 13455 4545
21157 14127 288
16961 14127 4935
40694 14127 2932
24343 14127 830
5815 14127 3872
33998 14127 4111
14127 14240 2562
47698 14127 3991
14127 31879 2641
35072 14127 3870
14127 41048 1665
14127 16764 3095
32208 14127 207
19304 14127 1179
14127 1471 4790
49115 14127 2580
14127 43019 3802
30905 14127 2585
898 14127 3240
36499 14127 1570
41517 14127 2426
14127 39629 1511
14127 45098 49
14127 31574 1703
33519 14127 3518
14127 14618 1185
14127 45567 1846
24377 14127 1370
15196 14127 4469
41043 14127 3394
17672 14127 3297
33045 14127 935
42930 14127 3705
14127 46149 4585
48419 14127 110
9316 14127 4533
24879 14127 1817
10176 14127 866
25056 14127 4329
14127 13576 771
14127 40746 3122
8926 14127 670
14127 46561 3242
8404 14127 3578
14127 30739 3068
34332 14127 227
14127 29147 770
14127 7844 4835
48167 14127 3763
33176 14127 208
48229 14127 4077
34416 14127 4942
25123 14127 3997
14127 4195 1235
28974 14127 4183
45152 14127 4989
19253 14127 3653
14127 11808 3680
14127 21462 1906
37829 14127 92
14127 32291 4090
49371 14127 4650
14127 1799 4826
14127 32429 4064
14127 18085 3304
14127 38888 3072
14127 18849 510
41605 14127 852
24430 14127 134
14127 47928 3602
29580 14127 4642
47955 14127 2411
31822 14127 3756
29275 14127 3632
14127 37878 3300
14127 15022 1913
14127 10736 461
14127 16320 447
30482 14127 2563
14127 13476 2069
13642 14127 3347
14127 18993 1156
8197 14127 3245
14127 38060 3850
41757 14127 1215
14127 12835 4327
4878 14127 282
754 14127 4850
14127 49708 3482
1086 14127 1650
14127 30935 2991
14127 37713 2350
14127 48170 1087
14127 35129 2163
14127 10096 1857
15061 14127 261
14127 40732 242
23596 14127 4217
10073 14127 845
14127 25009 3840
14127 6709 3028
1522 14127 4833
373 14127 3441
14127 48415 1871
14127 45888 1550
40564 14127 1105
18262 14127 2887
14127 11589 290
14127 35405 3355
36632 14127 2320
23470 14127 1129
14127 33283 21
14127 49225 387
14127 28657 2272
14127 41297 712
37626 14127 4324
14127 48097 936
14127 307 1225
30888 14127 785
41169 14127 592
38847 14127 4207
6644 14127 3884
41858 14127 1199
14127 47894 2838
14127 32520 3188
14127 22076 2088
14127 4155 1974
22102 14127 3035
14127 3665 2745
44633 14127 971
26589 14127 1848
10627 14127 2207
14127 20273 2415
14127 6554 872
14127 30387 864
48715 14127 1946
4501 14127 2035
36057 14127 4730
14127 29624 139
14127 42328 3586
4497 14127 1203
47130 14127 2517
6674 14127 4855
14127 33008 1072
36098 14127 1260
14127 17967 3585
14127 29878 3619
28842 14127 4974
21339 14127 622
30509 14127 874
14127 12627 1445
29341 14127 2117
37682 14127 651
14127 10798 3170
14127 4679 1951
22146 14127 1416
34000 14127 4993
29482 14127 2250
14127 40627 521
20911 14127 3156
13010 14127 2436
14127 38328 862
3382 14127 2298
14127 28712 4421
14127 12921 2335
45889 14127 2475
27470 14127 3391
45388 14127 3473
10632 14127 503
14127 22882 897
13557 14127 3565
14127 45817 455
7559 14127 872
34033 14127 1073
14127 4246 1984
21453 14127 4848
1514 14127 3464
18225 14127 1386
21426 14127 1597
14127 14794 2428
14127 16734 4463
7975 14127 4477
14127 7139 4516
14127 46564 1130
14127 42511 2097
46684 14127 610
14127 15234 3233
14127 2789 2444
14127 20421 2624
39462 14127 4976
26987 14127 1260
4790 14127 2311
22522 14127 3896
14127 40219 879
36905 14127 1450
27701 14127 4895
14127 23815 4787
14025 14127 459
18788 14127 1297
14127 45549 4933
14127 44022 190
44975 14127 2685
7181 14127 4953
14127 23417 3594
14127 40730 4814
28216 14127 4138
14127 36815 2375
49132 14127 4458
14854 14127 2920
14127 33504 2644
14127 43444 1791
14127 36639 3794
2776 14127 4631
14127 48767 390
14127 37394 145
14127 27263 3337
14127 17396 3979
24894 14127 2096
1608 14127 1086
14127 34622 41
14127 8257 2026
14127 27132 1578
14127 3075 1235
14127 5251 2518
35078 14127 988
14127 25870 1598
15232 14127 829
46074 14127 3059
30308 14127 3960
14127 8774 1753
14127 29986 3936
14127 11076 3497
28584 14127 878
22210 14127 2570
14127 15187 1105
14127 965 4141
14127 14766 2557
14127 45225 3784
14127 34075 1908
15524 14127 4841
41670 14127 304
14127 12041 3892
28017 14127 125
14127 8512 3355
14127 13703 3969
14127 44447 2398
14127 40421 1298
14127 13918 4975
14127 10084 2149
14127 28763 972
38589 14127 4009
36888 14127 4459
14127 30367 4939
14127 36538 4353
14127 26866 4974
14127 1660 3307
14127 3419 3747
19030 14127 3843
14127 11135 1231
14127 14506 2312
14127 235 4962
14127 10631 1681
34556 14127 2513
21669 14127 2436
14127 41650 3046
14127 14772 2489
14127 35144 336
14127 49514 3716
14127 28167 3849
15431 14127 1353
14127 15067 4653
14127 10027 3267
14127 41831 271
27062 14127 4383
14127 30153 1807
14127 23306 552
14127 8722 3876
14127 12813 3553
14127 47494 479
14127 4862 4210
37997 14127 4090
14127 38833 3534
14127 41367 7
47481 14127 2785
14127 32853 1452
14127 18574 2695
14127 20720 838
14127 25676 963
14127 40224 1251
14127 48190 3061
14127 32193 3059
14127 2013 2344
39040 14127 3120
14127 5689 4549
14127 1358 4778
14127 39575 2846
14127 29486 1896
10410 14127 1179
48474 14127 2930
8180 14127 3164
13697 14127 3685
15807 14127 4433
20981 14127 3092
14127 14792 2631
14127 784 293
14127 19482 515
12107 14127 1846
14127 17499 4582
7245 14127 3675
14127 3692 4856
14127 22162 3240
14127 8400 359
4281 14127 4902
14127 1648 4381
2146 14127 4196
14127 41093 2978
40399 14127 4236
10491 14127 4242
10617 14127 3881
4561 14127 4641
43943 14127 1740
11065 14127 1078
26297 14127 2065
14127 35386 373
14295 14127 1773
14127 40357 2279
18825 14127 4545
14127 46599 3076
14127 47425 4308
14127 29268 1719
9992 14127 4444
36242 14127 2817
22477 14127 3540
28522 14127 1027
14127 32766 3269
14127 48120 2791
14127 49856 2138
1029 14127 2533
4549 14127 3354
14127 10563 639
34294 14127 2617
22183 14127 1361
17400 14127 2002
14127 24669 1982
14127 551 4930
14127 23353 309
14127 7107 1139
26684 14127 4185
14127 2730 1994
14127 46167 19
42942 14127 3687
4015 14127 1784
14127 7536 3376
14127 13148 859
14127 37937 4971
14127 2269 3211
14127 40761 1925
6371 14127 2377
32943 14127 1409
14127 15260 4487
29027 14127 3637
22463 14127 1674
14127 25203 985
14048 14127 864
47767 14127 22
13567 14127 427
14127 34775 4497
14127 20871 1658
14127 41504 4164
9739 14127 3629
14127 49539 3142
14127 19818 3600
10820 14127 1059
14127 43752 1107
3211 14127 2475
31335 14127 3855
5476 14127 3394
14127 13637 2181
7910 14127 3394
6211 14127 3319
39745 14127 2206
28127 14127 3695
14127 45663 3456
40663 14127 143
11293 14127 141
794 14127 60
18786 14127 3979
7560 14127 4314
27505 14127 4259
14127 22152 4422
33825 14127 3974
14127 19952 2762
33577 14127 3001
14127 15336 4684
14127 45663 798
14127 1488 3784
14127 20862 3241
43568 14127 3666
10489 14127 1667
14127 34741 3909
14127 49783 2720
410 14127 1337
22047 14127 2305
14766 14127 4762
1331 14127 1597
39737 14127 1984
14127 44685 1872
14127 730 581
12661 14127 4951
21512 14127 651
48858 14127 2960
29763 14127 3761
2318 14127 545
34433 14127 3849
31333 14127 1916
14127 4522 4018
14127 6505 3066
10867 14127 1455
14127 6015 4076
14127 40225 4100
5862 14127 1243
14127 37443 936
14127 37673 957
14127 35766 2040
14127 41407 2170
14127 14580 4476
38126 14127 1857
14127 7348 2312
14127 33023 2560
14127 13170 751
14127 35254 3329
32355 14127 3435
14127 15930 2007
19017 14127 3175
20805 14127 4864
20143 14127 4825
16090 14127 985
7996 14127 3257
14127 48560 4097
14127 15423 1148
14127 45184 40
17155 14127 1686
790 14127 22
16573 14127 1461
8390 14127 1846
11565 14127 409
23249 14127 1120
473 14127 3095
37891 14127 4010
38056 14127 3974
40408 14127 3647
14127 33232 1626
14127 4157 1703
14127 8117 499
14127 35958 3526
22235 14127 3615
9090 14127 1173
22852 14127 1382
14127 3436 3654
47774 14127 2473
14127 33159 3980
15303 14127 1207
14127 29826 3886
14127 32673 1576
2033 14127 3637
14127 42285 1227
26506 14127 1673
14127 12023 3963
17693 14127 2092
6077 14127 3076
14127 46428 2159
28355 14127 898
11212 14127 361
1238 14127 1033
2861 14127 2207
14127 26547 4918
14127 47750 1868
14127 39417 3457
39294 14127 1140
596 14127 4499
14127 35983 1184
14412 14127 4177
9001 14127 717
18770 14127 523
26274 14127 1178
4857 14127 1617
14127 11880 4258
44648 14127 3275
14127 17209 3291
14127 29456 4121
14127 29954 711
14127 42841 124
14127 3515 2897
14127 48626 54
14127 28624 1835
14127 40373 1362
4511 14127 966
42047 14127 4280
41075 14127 2459
14127 12020 3616
37344 14127 2985
22973 14127 3770
14127 21861 4096
14127 4402 42
30023 14127 1396
14127 43917 245
14127 31609 4588
2449 14127 4964
14127 11063 363
5302 14127 564
31880 14127 868
23512 14127 1733
14705 14127 3704
9906 14127 1479
33257 14127 4964
10051 14127 4166
40112 14127 3160
14127 5090 136
33813 14127 4382
36867 14127 1289
766 14127 340
35669 14127 3079
14127 6613 3786
42820 14127 3068
14127 43627 2800
14127 39787 1066
14855 14127 371
14127 15256 1074
14127 22637 3230
14127 36905 3298
14127 6396 685
40322 14127 1588
31720 14127 701
14127 16252 2217
14127 38588 1246
35572 14127 3493
14127 30664 1614
14127 11380 4376
14127 34772 975
35254 14127 952
14127 17139 587
12590 14127 724
31394 14127 98
29270 14127 3473
15872 14127 3942
16483 14127 2003
24747 14127 1276
419 14127 4974
8414 14127 3627
14127 569 3460
14127 23950 4274
39383 14127 4643
14127 1026 4538
35961 14127 3846
1848 14127 4176
36806 14127 4922
19273 14127 1831
29152 14127 2701
588 14127 3480
14127 45778 3952
2375 14127 3056
40546 14127 4690
6110 14127 4218
49100 14127 2045
14127 42957 4676
3782 14127 2116
34801 14127 1542
14127 19716 2655
39622 14127 3024
33334 14127 3804
14127 30568 1335
15082 14127 3217
7437 14127 4340
14127 39736 4558
14127 38357 3348
30952 14127 211
895 14127 1879
11690 14127 4803
14127 31355 4617
343 14127 1364
24066 14127 182
42022 14127 3998
18125 14127 2245
20514 14127 3701
14127 31327 4771
14127 4993 3616
1346 14127 1259
23591 14127 3833
35827 14127 1687
14127 46070 2484
2130 14127 2905
14127 24397 213
14127 26153 827
14127 46635 1339
9253 14127 4010
44602 14127 3758
27704 14127 2070
28093 14127 4379
18209 14127 4118
3918 14127 4969
17171 14127 3635
14127 20127 2796
49524 14127 3945
29752 14127 374
34324 14127 994
14127 49545 4898
14127 28239 1627
2340 14127 1460
14529 14127 1045
34228 14127 1339
14127 19195 1572
14127 3203 611
28000 14127 1259
14127 24147 3469
14127 20027 3325
24245 14127 3589
14127 42460 166
46100 14127 2574
14127 14553 3302
14444 14127 2954
13192 14127 1213
14127 3191 279
5645 14127 399
48735 14127 911
14127 676 2853
14127 9687 2158
3697 14127 1611
14127 30820 587
14127 28549 1630
12408 14127 770
14127 22315 4301
6225 14127 4524
14127 7014 4153
24900 14127 369
39845 14127 4968
34815 14127 4075
41073 14127 779
22211 14127 1615
14127 1138 2847
14127 16472 4373
28521 14127 1801
34301 14127 1200
34122 14127 4857
39555 14127 4201
14127 35477 897
14127 19780 690
14127 43674 4271
14127 27045 1367
8721 14127 1479
14127 16723 1217
14127 17932 1614
14127 28014 2092
8238 14127 1480
25190 14127 946
14127 32773 4527
14127 43998 234
33745 14127 3458
14127 33589 228
35141 14127 2748
14127 25384 1255
43380 14127 728
47562 14127 3082
14127 40718 1319
22368 14127 1570
17858 14127 2853
14127 39760 1166
14127 22072 4891
6424 14127 848
18263 14127 4710
14127 11146 64
42035 14127 2136
14127 517 4285
17928 14127 1922
14127 25775 294
44203 14127 1798
14127 29039 3570
7684 14127 2707
24344 14127 3153
14127 26002 4144
33627 14127 2580
14127 26717 3815
45868 14127 4160
14127 38765 1105
47069 14127 368
46573 14127 4367
35743 14127 4779
49234 14127 4873
14127 15510 500
42519 14127 853
14127 21137 195
14127 32597 1826
14127 29041 689
14127 28006 3041
2554 14127 737
14127 23108 4177
4107 14127 1141
34439 14127 3636
35515 14127 65
2663 14127 4968
20406 14127 1219
30773 14127 4745
6969 14127 2616
14127 2640 3979
14127 22530 4948
14127 41864 2747
29608 14127 2352
25038 14127 4569
14127 34213 3136
14127 16972 1643
14127 45911 3254
14127 8004 3901
25875 14127 2388
38536 14127 4840
35530 14127 267
3216 14127 1141
14127 32645 4466
41624 14127 2665
14127 26077 4490
14127 38108 4574
34075 14127 3442
30169 14127 3182
25301 14127 860
24603 14127 1851
38351 14127 1417
27344 14127 3197
14127 41320 1364
14127 35466 1643
14127 25483 2249
36301 14127 2730
14127 23707 411
20762 14127 4436
17939 14127 2584
39301 14127 1002
48033 14127 634
14127 46661 2825
16804 14127 4238
14127 12138 2091
12580 14127 4096
14127 26272 3228
14127 23551 38
14127 43683 7
41937 14127 113
14127 36919 1150
49975 14127 4688
14127 42035 1289
14127 19399 941
14127 13205 2407
14127 27673 3765
14127 28547 890
46986 14127 1065
48636 14127 2330
14127 37647 3908
14127 20611 1861
32825 14127 3648
14127 46505 1869
14127 3581 3672
28293 14127 55
6408 14127 2157
14127 34764 2786
14127 31890 4822
24559 14127 4150
14127 37466 1309
14370 14127 3421
14127 32829 3488
27124 14127 3748
14127 43582 1464
14127 3172 4151
14127 35522 4527
14127 36865 1482
14127 20725 616
14127 23886 435
14127 423 3612
14127 33231 372
48407 14127 2876
49140 14127 772
25334 14127 1294
14127 9050 4895
14127 49872 2816
14127 17965 3340
38701 14127 4827
13355 14127 1959
14127 3095 1661
14127 25036 1786
19984 14127 1728
14127 45496 3782
23361 14127 3488
14127 37771 4589
31599 14127 3918
47680 14127 2037
1344 14127 1299
14127 17858 2475
14127 25175 2180
9314 14127 4656
14127 5857 2072
21626 14127 4281
20835 14127 4286
14127 13502 280
14127 30124 2858
12343 14127 2726
34501 14127 2702
14127 41272 2283
16094 14127 4823
14127 11745 846
14127 33997 4086
41026 14127 3215
14127 13596 4622
18278 14127 2411
14940 14127 2719
3338 14127 2809
4508 14127 3683
21949 14127 2820
14127 32786 926
14127 41272 503
14127 21340 4616
42919 14127 1169
45659 14127 3855
14127 8496 4070
14127 11805 2052
22029 14127 1832
14127 43025 2902
24041 14127 2816
5061 14127 727
14127 41360 3303
41217 14127 3747
20509 14127 2672
23061 14127 724
14127 42223 634
43305 14127 3959
7300 14127 3292
46007 14127 1867
14685 14127 2813
14127 46690 1954
14127 40912 1864
14127 7200 1609
27456 14127 1445
14127 9663 1430
33634 14127 477
20763 14127 317
1406 14127 2217
40241 14127 517
36692 14127 4599
14127 18732 3781
44846 14127 4412
14127 47905 3109
39893 14127 1936
14127 34891 3535
21228 14127 4469
14127 6191 3027
14127 15120 42
4259 14127 5000
14127 336 4438
14127 44645 4363
22534 14127 2735
38685 14127 686
44495 14127 3813
40676 14127 1900
14127 11237 3388
18481 14127 3127
14127 5292 1720
3600 14127 1762
14127 19579 1469
12581 14127 765
3781 14127 428
29212 14127 4733
14127 11697 4098
14127 34089 3421
14127 27225 4237
14127 35477 3927
14127 37932 2421
43263 14127 1169
14127 222 2199
34685 14127 2595
22807 14127 3107
19760 14127 1351
34201 14127 578
14127 31128 2275
28536 14127 4099
47922 14127 4399
42209 14127 4509
27301 14127 661
14135 14127 2408
14127 24973 4713
25328 14127 1488
14127 38433 4257
14127 49982 2021
40917 14127 1690
14127 13128 1734
14127 48639 2530
27719 14127 3791
14127 14588 4745
14127 40098 3581
14127 44048 4642
8895 14127 2833
14127 5707 2854
14127 34551 1712
14127 22386 1183
6738 14127 665
14127 35168 1920
14127 35079 1583
14127 46802 961
41427 14127 4628
14127 23268 4927
14127 6632 4287
14127 30240 4385
16571 14127 148
14127 21183 569
11016 14127 444
14127 11761 317
32163 14127 2523
14127 11683 2133
14127 20327 700
14127 12755 236
15509 14127 1771
37685 14127 2890
10674 14127 3798
14127 3799 3957
28508 14127 3680
20708 14127 3162
38107 14127 1575
4641 14127 3473
14127 5845 2597
14127 43110 1684
14127 46625 3744
14127 49088 4947
14127 36024 3381
29933 14127 3285
14127 33563 864
7913 14127 3288
21451 14127 2214
14127 33306 1465
28242 14127 2218
14127 25494 2653
14127 8723 712
14127 29018 1662
49385 14127 710
16683 14127 1271
15816 14127 395
14127 39238 3948
14127 7909 744
14617 14127 4987
14127 32457 1093
14392 14127 1723
30509 14127 2829
1807 14127 1853
14127 11129 1301
26760 14127 2592
14127 26704 1638
14127 29183 1757
36779 14127 2765
14127 13760 1880
38339 14127 607
14127 7700 3614
3837 14127 2436
14127 11880 3160
14127 28874 2891
177 14127 2252
14127 8431 3183
43038 14127 4965
14127 34721 4379
4976 14127 2777
14127 36602 4128
14127 45508 4804
14127 33766 649
34038 14127 4978
13079 14127 2785
30421 14127 3975
14127 4119 4992
14127 24892 320
23357 14127 2078
22730 14127 2475
3714 14127 3282
44118 14127 2280
43065 14127 1137
21958 14127 3142
33876 14127 4983
14127 716 4274
21129 14127 4672
22253 14127 2595
6644 14127 168
17211 14127 1161
14127 36157 2502
14127 30526 4229
14127 22911 1639
14127 2751 4392
14127 36820 1158
44021 14127 1486
14127 41285 4679
14127 45822 3677
14127 28353 1367
14127 42173 4384
14127 40879 3988
14127 16676 4809
14127 26044 323
34660 14127 4841
42225 14127 11
45940 14127 2650
14127 48534 170
14127 1076 2321
14127 36988 3006
14127 1297 4486
14127 16207 2134
38299 14127 957
14127 15946 2488
34099 14127 1656
14127 38070 1919
14127 33577 2771
14127 33969 894
14127 26923 794
47001 14127 958
49164 14127 376
33576 14127 2512
14002 14127 626
14127 39736 2893
14127 27063 1961
3889 14127 4326
24524 14127 3614
14127 2042 2813
14127 42304 381
14127 18713 3655
14127 41777 3575
14127 30818 583
14127 40311 3883
14127 29700 1548
1295 14127 1000
37756 14127 1809
35708 14127 1188
27629 14127 2879
1496 14127 4767
16756 14127 1978
14127 38762 1723
14127 22683 865
14127 21976 3158
2772 14127 2956
8466 14127 3647
47992 14127 3418
14127 47299 3175
14127 44381 4479
14127 33883 2696
37330 14127 1352
14127 20330 4817
8017 14127 3090
2533 14127 4895
48255 14127 3426
14127 6114 3725
14127 37182 823
18186 14127 2942
14127 4668 2183
14127 7647 2486
14127 13224 986
13732 14127 2438
14127 26340 950
21521 14127 3189
45658 14127 1682
22578 14127 1008
36335 14127 634
14127 3530 1920
491 14127 3791
24563 14127 2863
14127 46752 521
14127 45969 1271
14127 29749 1504
14127 23938 1563
14127 24785 2301
14127 31419 1510
14127 37398 4525
14127 457 3862
14127 16375 2835
14127 41373 3506
14127 35066 439
14127 47547 3841
14127 30978 2598
31329 14127 2248
20509 14127 1195
4268 14127 770
14127 45408 1349
40900 14127 1166
14127 26023 2956
14127 47582 1225
14127 24529 1790
14127 9074 2241
7033 14127 3980
14127 34026 2409
14127 38869 3415
14127 44781 469
14127 34796 2417
3125 14127 211
4772 14127 2244
14127 18589 4629
11241 14127 4871
14127 332 2566
253 14127 2783
22086 14127 4606
45202 14127 2305
14127 39684 3317
14127 4280 4050
22250 14127 2473
14127 41514 2654
24118 14127 2752
14127 31912 2577
4871 14127 1387
14127 48073 1845
36369 14127 4954
37787 14127 70
14127 29372 2138
31016 14127 3992
44688 14127 3518
22736 14127 1811
11675 14127 1473
16456 14127 68
4376 14127 1064
16537 14127 3006
5823 14127 1856
14127 29663 1641
14127 30574 2928
14127 2583 2270
16292 14127 724
14127 34549 825
14127 9164 426
45342 14127 3791
34803 14127 3681
46365 14127 4969
44362 14127 3565
14127 24748 4800
14127 6724 2055
14127 35735 337
14127 2178 4759
5119 14127 846
28998 14127 2253
14127 36019 2413
34863 14127 3053
14127 42023 1893
14127 38925 4092
14127 13547 3061
47341 14127 4518
14127 14660 4428
14127 41137 2307
14127 26301 1065
37604 14127 4881
14127 30433 1406
47406 14127 2437
14127 24132 3354
14127 35123 3686
22909 14127 4604
42341 14127 2789
14127 30785 2697
29703 14127 3183
14127 9254 3311
14127 38307 3394
14127 10424 538
18690 14127 4638
14127 44254 4917
14127 13206 677
14222 14127 2957
26352 14127 447
19924 14127 445
14127 10641 3382
14127 14643 2146
10737 14127 4178
14127 36804 1133
14127 1942 4241
14127 33537 2135
34360 14127 315
14127 6726 3644
41652 14127 1816
14127 19087 1949
23503 14127 3702
33998 14127 3172
4115 14127 2402
14127 8248 4012
36440 14127 2830
14127 29806 225
16106 14127 36
27513 14127 3454
14127 20004 695
14127 11012 2747
32478 14127 3703
14127 8721 2240
39667 14127 1111
12864 14127 4986
14127 16720 1155
14127 23505 1081
14127 31416 678
14375 14127 4953
14127 30151 3174
24003 14127 1077
12213 14127 4200
14544 14127 4653
14127 26930 3478
14127 29354 2139
43308 14127 309
14127 26322 4336
14127 38919 4246
38068 14127 410
14127 35239 1299
14127 44221 476
38657 14127 4056
14127 1566 1848
9779 14127 2919
29160 14127 4739
14127 38951 3285
14127 33908 4553
14127 36146 2560
16216 14127 3096
48631 14127 1763
9108 14127 3627
43029 14127 3004
14127 45832 1111
33155 14127 1185
14127 38341 4994
14127 22674 3071
14127 34629 36
14127 21184 144
43673 14127 1442
27995 14127 2170
14127 18870 3791
33882 14127 1487
13251 14127 1442
44049 14127 3569
14127 41376 4429
14127 5687 3911
14127 42824 4765
14127 40610 2830
11764 14127 2596
14127 42958 3472
14127 31056 1686
43549 14127 2310
46885 14127 2050
35785 14127 4873
16839 14127 4883
36476 14127 3257
47735 14127 502
14127 46350 107
14127 5609 4721
33205 14127 2368
39457 14127 4597
46771 14127 4283
14127 13279 2716
17174 14127 4280
14127 37345 3322
14127 9184 2844
40304 14127 3374
38136 14127 4434
30971 14127 2489
14127 35 2623
7090 14127 1734
14127 26179 708
14127 44122 4494
14127 10108 2692
14127 1073 1874
14127 24694 1059
890 14127 1072
14127 21115 253
6104 14127 1277
14127 35314 2364
8433 14127 4429
46667 14127 2526
36548 14127 3840
28649 14127 3020
12380 14127 1343
27310 14127 1023
14127 17160 3353
14127 499 4007
26727 14127 4431
49060 14127 2865
14127 47677 3063
12608 14127 4284
23711 14127 173
14127 47599 4030
14127 17414 3048
11416 14127 883
29091 14127 699
3008 14127 4747
14127 6829 1662
47038 14127 860
14127 14328 512
14127 43115 4758
14127 9301 1878
14127 30818 3890
38545 14127 3553
13892 14127 3314
14127 14881 3018
4760 14127 4035
34934 14127 1383
14127 42434 3212
455 14127 2401
6739 14127 4642
1672 14127 3097
14127 27454 4564
19705 14127 1703
12846 14127 922
43571 14127 4032
10165 14127 151
14127 48475 3654
14127 34811 4226
14127 44002 1464
22692 14127 4034
14127 4763 3499
14127 4383 3190
14127 47123 1217
14127 12477 4106
37610 14127 588
12650 14127 469
14127 74 4317
14127 24669 692
14127 32322 156
37004 14127 2221
22608 14127 4640
14127 5048 2436
14127 14882 4588
32018 14127 601
26169 14127 2859
15844 14127 3936
14127 6503 4096
14127 46594 2968
30382 14127 3773
5984 14127 1095
26605 14127 4650
49974 14127 3826
14127 36882 4126
11154 14127 3388
4097 14127 2060
26193 14127 1611
47743 14127 379
14127 4648 3212
14127 34062 4179
14127 44359 4374
14127 27746 2756
21907 14127 4558
14127 45683 2950
32939 14127 2246
37760 14127 1881
17843 14127 3271
41713 14127 2806
38639 14127 1307
14127 2653 811
9755 14127 124
14127 8517 4406
14127 29668 1132
14127 18322 1152
14127 49992 4595
26076 14127 3152
22280 14127 3068
14127 35934 3146
14127 31631 2138
14038 14127 3422
3915 14127 3945
28883 14127 3786
7145 14127 29
7882 14127 2652
22805 14127 4820
14127 26375 3034
44979 14127 4413
6314 14127 2516
14127 37030 3997
14127 1345 3716
14127 29188 604
37 14127 4049
15473 14127 4925
14127 19130 4260
14127 2637 1940
14127 46556 2918
23403 14127 132
30224 14127 402
14127 7071 4411
14127 2310 287
7708 14127 2015
14127 43751 4486
35456 14127 4480
14127 47158 1767
25 14127 4591
14127 14835 2958
14127 206 3420
14127 14806 987
18630 14127 4959
14127 4636 3710
32350 14127 1875
13928 14127 3277
38658 14127 2836
14127 28681 3633
24877 14127 3407
14127 19406 2887
14127 3084 1983
14127 214 4932
11476 14127 4220
41984 14127 2748
14127 25391 2172
14127 10385 2604
14127 15971 1041
14127 15156 1975
39846 14127 3748
14127 37128 3501
14127 33479 2822
22821 14127 1472
3272 14127 4132
3808 14127 300
14127 45976 275
18673 14127 1340
14127 10925 2323
14127 19630 133
42814 14127 3880
14127 46112 349
14127 13776 1566
14127 42986 4666
14127 41660 802
14127 3 4480
14127 3097 793
14127 35370 1423
10542 14127 656
14127 42227 365
38323 14127 636
14127 6132 4869
14127 32101 1422
31086 14127 3419
33147 14127 418
14127 23927 414
14127 29728 4121
37774 14127 963
21046 14127 2229
19394 14127 1540
29863 14127 1831
9193 14127 627
3581 14127 2951
14127 12013 2444
23951 14127 744
14127 14080 3768
43831 14127 3287
14127 33147 2776
14127 37296 2116
14127 14243 3291
14127 41420 1130
14127 39198 3523
38222 14127 3432
30063 14127 1162
14127 17318 2674
14127 23179 4559
43202 14127 352
7575 14127 3368
14127 1688 1432
6380 14127 1951
14127 9286 1271
19336 14127 1328
23262 14127 4468
19170 14127 4832
14127 28813 583
14127 12936 4402
14127 8869 4829
14144 14127 3702
14127 248 3756
14127 36974 4649
14127 47085 1499
25235 14127 690
48814 14127 470
38387 14127 1329
14127 43194 2223
14127 39381 3144
32753 14127 3942
37854 14127 3446
24185 14127 1169
5049 14127 3874
19459 14127 4002
43078 14127 948
38177 14127 1032
23807 14127 1959
45181 14127 2662
14127 20547 3666
14127 5325 3386
14127 40342 1628
6213 14127 1551
14127 8413 3498
39561 14127 1971
14127 42586 998
14127 9360 1411
39156 14127 2540
45914 14127 4503
14127 9588 904
14127 4618 1783
14127 32880 2123
14127 642 2145
13302 14127 2863
38308 14127 4293
14127 652 3509
29142 14127 4665
14127 20473 1066
22657 14127 3995
8073 14127 2058
45410 14127 2962
282 14127 3118
45960 14127 1105
14612 14127 4942
14127 29486 1775
49255 14127 869
41977 14127 4
14127 9735 1092
40202 14127 1212
14127 3179 2368
14127 48342 623
19784 14127 440
14127 20340 4597
14127 5277 174
14127 24826 3784
14127 29069 2284
14127 11073 3019
37879 14127 3350
6601 14127 1054
29187 14127 2303
14127 536 794
27805 14127 2782
14127 16670 2731
14127 5616 3260
14127 29644 1900
35102 14127 1284
23091 14127 367
14127 44599 4140
14127 5268 4569
12858 14127 1154
13971 14127 3018
14127 45871 2963
34238 14127 3963
14127 12033 3927
14127 48839 85
28415 14127 4631
14127 47897 1604
14127 36032 1813
14127 31723 3401
14127 33645 1798
31914 14127 3991
14127 20738 2484
19926 14127 2935
14127 33609 4272
14127 42602 4185
14127 17715 851
14127 18697 2407
14127 49581 1149
14127 25511 1742
16220 14127 4279
14127 10972 3686
14127 13569 4170
123 14127 965
38031 14127 2177
45449 14127 3213
42835 14127 1219
48190 14127 216
31172 14127 4776
14127 7390 4471
14127 44581 3176
19299 14127 1488
14127 17968 2385
14127 44279 1644
14127 17523 689
14127 22687 820
14127 595 997
30657 14127 2731
5473 14127 3877
33740 14127 1500
14127 49435 1107
23006 14127 913
14127 48146 4279
14127 22884 3478
14127 23460 1111
14127 34425 3988
16017 14127 1893
29368 14127 2898
12412 14127 1170
34494 14127 3091
14127 26109 4124
14127 36510 1620
12949 14127 1201
24138 14127 1391
1192 14127 775
14127 18649 2868
14127 12897 1781
14127 48027 2200
14127 47000 2361
28854 14127 1618
14127 16339 1974
41125 14127 874
36469 14127 2061
14127 34350 3459
46998 14127 62
5497 14127 804
10585 14127 3151
33861 14127 3847
14127 44675 3121
5007 14127 1914
14127 28632 4877
14127 32621 747
8667 14127 4786
14127 18372 2012
14127 16288 3801
14127 33976 2861
14127 49383 984
14127 36748 1785
14127 18795 3678
14127 14783 4732
40807 14127 4231
14127 19789 746
981 14127 504
14127 32735 2368
14127 39042 4014
30630 14127 4977
45706 14127 2186
22925 14127 27
14127 11802 2158
14127 10650 2520
14127 40427 3884
14127 21637 3220
14127 27363 712
14127 27085 1015
14127 8455 4492
14127 12380 4774
27645 14127 2984
3739 14127 3418
27510 14127 4686
14127 886 4025
17130 14127 938
14127 46623 606
17023 14127 4189
14127 48323 2804
14127 27349 80
32784 14127 1555
49590 14127 1203
8937 14127 3659
46722 14127 4093
32471 14127 2788
14127 17863 1210
14127 25624 2536
14127 42368 2112
14127 31215 2597
14127 4014 3427
14127 40722 1781
15887 14127 830
14127 20899 676
14127 46078 644
25791 14127 3244
14127 25267 2587
35434 14127 2206
14127 17719 3871
7439 14127 3259
44425 14127 106
14127 8636 3487
35520 14127 3396
14127 21046 1322
14127 47575 11
14127 20009 1445
14127 42131 4516
14127 48585 3084
33666 14127 3428
34663 14127 1034
14127 34796 4419
30648 14127 1799
44755 14127 2795
9258 14127 3805
14127 30254 4523
14127 30919 1717
1018 14127 1156
17554 14127 2496
14127 47870 1996
14127 49169 3897
14127 3725 1405
44595 14127 1587
14127 7703 3514
14127 15225 2097
11228 14127 2035
14127 43443 4818
21271 14127 3294
14127 23451 125
5828 14127 1334
14127 10690 2737
14127 24520 4199
3174 14127 209
14127 17584 4112
14127 32315 1640
18241 14127 3600
14127 46705 1883
41498 14127 741
14127 24152 1949
14127 2493 2501
16021 14127 1642
23151 14127 2572
17575 14127 3515
3244 14127 266
20433 14127 255
40099 14127 2142
42962 14127 1586
26445 14127 4402
14127 29317 2117
49221 14127 1749
14127 26827 3047
14127 24686 4815
35826 14127 4999
14127 15732 3606
9029 14127 191
36717 14127 3147
14127 20878 4615
23551 14127 4030
14127 49106 3119
14127 3027 3960
14127 25600 660
14127 16979 649
2282 14127 586
8706 14127 1607
14127 39390 379
47380 14127 1047
49975 14127 2678
48521 14127 925
14127 33142 3335
15760 14127 1675
14127 23018 1611
14127 24722 4647
39388 14127 4841
32927 14127 1292
14127 25701 4956
8007 14127 1281
14127 15089 591
18336 14127 623
6011 14127 290
17770 14127 2981
14127 12033 1699
14127 7170 4851
14127 40610 1734
14127 24504 3516
14127 43232 2163
24251 14127 2870
14127 41666 4408
14127 24843 2815
12146 14127 1005
29881 14127 2122
12823 14127 4358
28261 14127 3881
14127 33071 1309
14127 44843 4756
4234 14127 3337
1242 14127 904
14127 25146 1395
32170 14127 1342
14127 32765 3015
40354 14127 1437
39478 14127 3651
14127 18495 4283
14127 4302 1723
11228 14127 1742
44697 14127 982
25907 14127 2927
46169 14127 2526
21718 14127 1142
14127 49294 3591
32439 14127 2602
37359 14127 899
9189 14127 3035
10257 14127 83
24088 14127 2431
14127 26060 3412
2278 14127 2469
24770 14127 3988
14127 21071 4872
14127 1118 4942
14127 32344 4068
14127 2733 4514
14127 5445 2224
46950 14127 3576
14127 41593 312
14127 4727 3338
239 14127 2906
43958 14127 2693
14127 7651 4263
34405 14127 1216
14127 23257 4461
14127 29632 2412
34327 14127 170
14127 37834 4625
14127 13813 3158
5 14127 1957
18494 14127 1202
25635 14127 3652
14127 15164 3762
14127 22361 1531
44110 14127 1951
31652 14127 3906
12038 14127 3580
4387 14127 2698
31391 14127 448
14127 47280 881
14127 39149 3842
29945 14127 4069
14127 13810 4575
14127 12028 3047
671 14127 4201
14127 14598 2885
45709 14127 2945
14127 8767 906
36484 14127 310
23682 14127 370
14127 11655 1736
25619 14127 396
28484 14127 4370
14127 49978 3160
19496 14127 2165
14127 23636 1779
14127 10864 1352
36360 14127 3170
47792 14127 493
14342 14127 1609
14127 12021 2933
14127 7987 4129
24418 14127 1797
14127 13293 4506
43485 14127 3732
14127 1347 926
14127 33157 3034
14127 34185 2183
5476 14127 1078
14127 45890 1770
14127 38182 2742
14127 32164 821
8398 14127 972
41201 14127 1318
14127 1293 5
47602 14127 2754
46907 14127 1820
49170 14127 1685
14127 22839 787
14127 41923 3193
4362 14127 1842
14127 37214 245
14127 4839 3362
38907 14127 2057
14127 15006 4082
12196 14127 475
44215 14127 985
14127 39219 1849
27774 14127 1853
46286 14127 4345
14127 47137 2747
49597 14127 4389
28944 14127 1281
49736 14127 3882
21747 14127 3723
14127 33577 2663
14127 43883 403
8175 14127 2827
29749 14127 1799
14127 29334 4400
14127 29084 2258
14127 24559 3548
10357 14127 3217
38289 14127 1906
14127 2301 4925
30678 14127 876
14127 15674 2346
14127 29995 1643
2136 14127 2408
14127 25310 1972
37301 14127 100
25902 14127 4221
45469 14127 2766
14127 36461 1088
14127 18157 3506
14127 7605 475
14127 15179 2730
31767 14127 4944
14127 36796 4718
28477 14127 4772
14127 18469 3673
14127 37183 525
18461 14127 329
14127 11867 1337
14127 49518 2483
14127 21741 3473
14127 45052 3122
24505 14127 927
10506 14127 4014
14127 45868 4005
38703 14127 3987
4627 14127 4356
37831 14127 2032
49972 14127 1656
24943 14127 1597
2334 14127 2047
14127 20491 2832
39778 14127 3054
14127 20819 3657
48730 14127 3584
20138 14127 4469
14127 25874 3057
46735 14127 4437
14127 12043 2941
14127 28803 1267
14127 10590 3024
40133 14127 4666
33654 14127 4038
31283 14127 1455
14127 11521 4080
39057 14127 4902
14127 893 1184
16349 14127 716
46575 14127 2367
14127 32570 772
45952 14127 4616
25720 14127 1652
14127 47744 4255
10497 14127 1167
14127 43893 2431
14127 33351 2831
15181 14127 4632
14127 17214 2523
20408 14127 3010
40958 14127 3059
14127 33921 183
14127 23553 4764
14127 45367 5000
17795 14127 4226
14127 13752 128
18087 14127 491
14127 21223 2995
33636 14127 3046
14127 15418 4059
14127 913 2536
14127 8652 3080
14127 9293 713
14127 31535 2451
28426 14127 1112
41266 14127 4406
14127 12911 1245
14127 43814 1257
26555 14127 1939
46259 14127 2070
13584 14127 2735
14127 22339 3296
14127 26260 446
14127 25213 505
14127 32251 4565
41673 14127 3468
14127 31728 402
27496 14127 1337
22676 14127 4793
14127 26753 3306
14127 7422 4027
6568 14127 4367
14127 46073 2751
47760 14127 2868
14127 38871 2140
14127 32916 3609
30880 14127 1270
41652 14127 979
14127 44620 845
14127 13415 4436
30190 14127 182
19790 14127 76
14127 9783 701
14127 20046 2539
14127 36309 3010
14127 25660 2142
1551 14127 3384
14127 42001 3379
18156 14127 146
14127 31101 2262
14127 36919 2381
14127 29878 2482
46612 14127 3869
14127 15667 3091
3173 14127 3746
24836 14127 3352
14127 40210 500
14127 32107 4319
46728 14127 3395
14127 27024 4429
8125 14127 3906
14127 22551 3891
14127 29767 4119
14127 39944 1127
14127 16605 1158
28766 14127 3662
5548 14127 4879
13056 14127 2621
4491 14127 2305
2312 14127 653
14127 41624 1756
14127 15373 4519
14127 27146 2061
14127 14133 897
14127 17424 2730
14127 15230 4723
14127 39363 301
14127 44418 3701
1297 14127 668
14127 15439 685
40602 14127 443
14127 994 3248
5039 14127 3089
740 14127 995
14127 28981 1557
13912 14127 4692
14127 9596 3618
9802 14127 3937
14127 16248 4683
14127 49945 810
14127 14890 4178
14127 33279 3605
5121 14127 3764
27307 14127 1507
14127 2204 359
26659 14127 4348
48746 14127 1071
14127 19882 595
14127 33861 3235
48620 14127 161
17888 14127 2879
29304 14127 1870
19996 14127 192
3377 14127 4846
22118 14127 1378
38998 14127 2553
14127 20505 4260
14127 49037 2882
37905 14127 2931
43484 14127 2579
12604 14127 1679
2913 14127 2374
14127 22399 2427
14127 46085 4244
14127 29591 3777
31674 14127 3175
26678 14127 197
14127 32205 2469
27791 14127 3468
14127 22868 836
14127 29109 169
27775 14127 3960
14127 25749 2565
9675 14127 789
14127 9193 4312
35144 14127 3302
14127 20639 1573
14127 2075 4148
473 14127 3939
13250 14127 1595
14127 27932 4538
14127 1526 89
32069 14127 3963
38182 14127 42
32972 14127 3839
25225 14127 673
14127 17024 2759
14127 14248 3540
14127 25902 2708
14127 32464 1215
46743 14127 4376
14127 10042 1600
14127 45414 2537
14127 5821 2269
1751 14127 2035
14127 27883 2997
14127 48617 4493
46509 14127 2780
14127 40961 1241
14127 40056 2861
14127 47957 1769
14127 40129 2054
14127 45936 247
14127 41318 4483
14127 18689 285
47597 14127 1280
261 14127 1081
14127 1721 110
36913 14127 1314
14127 28007 4843
7905 14127 481
14127 10101 740
14127 23078 1536
14127 6668 3293
14127 36656 1981
14127 13554 2170
14127 3505 2152
26419 14127 267
14127 21738 497
174 14127 4218
28375 14127 1600
14127 46249 4467
14127 4889 4862
1213 14127 1703
31894 14127 2759
14127 7637 4115
30761 14127 1449
25133 14127 2673
14127 38973 1668
14127 49931 4760
1334 14127 299
21772 14127 854
29020 14127 3777
22380 14127 2762
14127 30711 2386
14127 14035 1385
14127 38126 2941
14127 32322 114
8850 14127 3714
15124 14127 3234
54 14127 3058
14127 31260 617
36747 14127 3489
14127 31129 1000
14127 2483 2550
44605 14127 1013
14127 6576 3260
37711 14127 3009
46243 14127 4495
14127 18355 321
49474 14127 1411
18427 14127 2553
4556 14127 3327
25859 14127 4223
14127 13364 690
19855 14127 3167
28933 14127 4133
14127 10108 410
33755 14127 2028
14127 660 850
14127 45610 3275
45054 14127 1791
14127 17028 1171
14127 23745 4747
14127 47658 1445
3331 14127 3255
14127 4229 526
19935 14127 272
29527 14127 3120
40988 14127 2918
14127 29123 1664
24640 14127 4690
42913 14127 989
14127 31716 1092
48127 14127 4003
14127 47471 3129
14127 38683 513
14127 21975 405
21964 14127 3823
14127 680 2648
13150 14127 4687
47577 14127 3690
34895 14127 4080
14127 43531 2867
1059 14127 4207
29955 14127 2610
3953 14127 1596
14127 45679 1264
12204 14127 1021
27669 14127 4249
14127 40376 622
36302 14127 1467
6749 14127 1120
18672 14127 4293
45832 14127 976
14127 7582 3460
14127 45330 762
15672 14127 4239
14127 31660 2531
14127 17591 1651
28128 14127 1790
14127 32861 1053
2935 14127 414
14127 49440 1703
28379 14127 963
31517 14127 2971
35297 14127 1545
14127 36839 2166
30812 14127 86
14127 16854 4577
6709 14127 4444
14127 38382 4223
43472 14127 1239
14127 8248 425
14127 29077 4809
29805 14127 1810
40096 14127 4300
20401 14127 4114
14127 34277 1712
14127 27182 2753
38510 14127 1094
14127 6141 2255
14127 1566 2488
14127 1698 3221
14127 22283 768
6109 14127 3323
40176 14127 15
14127 6464 379
3477 14127 2329
14127 5153 781
20896 14127 4655
23643 14127 2046
41926 14127 2789
37382 14127 3710
27103 14127 2403
47269 14127 470
9401 14127 2487
14127 26842 1386
14127 30547 3529
14127 16529 3555
14127 12549 1928
30710 14127 2045
3003 14127 1468
14127 44103 3269
14127 49579 1127
14127 17990 4601
29603 14127 4219
28162 14127 2599
29078 14127 2711
14127 41098 252
14127 11087 912
14127 722 3182
13970 14127 2796
14127 28458 1558
45723 14127 4004
14127 37690 4841
14127 27149 1454
14127 46529 3858
37137 14127 3828
5260 14127 37
14127 36260 2358
5479 14127 930
25345 14127 3116
14127 31454 4822
16160 14127 989
14127 34767 3844
14127 2855 3088
14127 5866 1487
26005 14127 4801
14127 19626 4525
9563 14127 3601
48408 14127 4769
17161 14127 4677
7921 14127 481
30916 14127 3760
2646 14127 4217
14127 7543 1973
434 14127 3261
14127 41459 4649
109 14127 638
8234 14127 3684
14127 46015 4838
28750 14127 4583
14127 14346 219
44419 14127 4220
14127 39065 1933
14127 39050 358
14127 19367 1008
38472 14127 3371
14127 19000 1770
42042 14127 1492
14127 45224 4081
21694 14127 1630
14127 25305 4535
14127 21676 4601
14127 12326 1639
36297 14127 4024
10363 14127 3434
2608 14127 4023
14127 38909 4875
49068 14127 300
14127 43615 2338
14127 6111 1725
14127 42232 4953
29148 14127 9
14127 31660 836
18586 14127 3494
14127 22177 26
14127 38173 4069
14127 6267 4446
48808 14127 2333
14127 612 3686
14127 34079 2735
40986 14127 1603
14127 46111 3830
33951 14127 3105
24614 14127 2882
14127 7586 1346
14127 20154 2225
14127 46982 4689
14127 30293 4797
14127 4657 4288
2795 14127 674
14127 858 4486
21726 14127 2997
14127 26229 2376
14127 25444 721
14127 1182 811
6795 14127 4251
10928 14127 4779
14127 915 3030
14127 7028 974
14127 44208 2616
14127 21938 4259
14127 48737 3619
27088 14127 4594
47596 14127 3312
14127 48580 4839
14127 41435 3030
21915 14127 1604
48575 14127 4623
14127 28424 2280
37539 14127 656
14127 44790 450
4748 14127 2828
14127 1681 432
36287 14127 2937
27255 14127 2348
14127 11329 2381
14127 20568 2535
26238 14127 3165
14127 21348 2654
14127 5119 4531
36575 14127 3134
26829 14127 1982
14127 44908 1584
14127 2722 1958
17916 14127 1004
14127 37505 3210
4523 14127 1991
38370 14127 3466
14127 47341 2020
32285 14127 4113
20322 14127 475
17626 14127 4587
14127 32187 4510
14127 40005 4573
14127 28510 4158
14127 36751 1743
14127 27515 3656
14127 28961 3079
14127 23259 3040
19213 14127 2947
47066 14127 4114
14127 29592 4448
9753 14127 1673
14127 25308 489
11822 14127 3828
6574 14127 4427
14127 39288 407
14127 18915 4169
12569 14127 4348
14127 47849 795
14127 4340 586
21486 14127 4469
14127 412 4038
31931 14127 353
37068 14127 255
49379 14127 4388
14127 25525 4145
14906 14127 4812
14127 14706 3742
29682 14127 997
22378 14127 4590
14127 7594 2721
36281 14127 1318
14127 29061 4044
24025 14127 2282
14127 27432 3136
14127 42560 3975
14127 2280 2159
39368 14127 1984
14127 48843 2074
737 14127 3150
14127 19052 3293
14127 37228 3449
9023 14127 4154
14127 42523 875
19193 14127 1778
14127 18261 1958
8098 14127 487
37243 14127 2205
14127 14551 1597
14223 14127 2226
14127 17188 2765
14127 45502 1420
14127 24125 4217
14127 33718 4368
14127 45438 2680
24654 14127 2022
14127 29270 474
5436 14127 4022
39096 14127 3822
15658 14127 4759
12310 14127 2714
14127 49249 734
31876 14127 3663
14127 42897 3176
14127 32694 2206
20948 14127 2543
28331 14127 3404
57 14127 3837
14127 30693 535
32877 14127 3594
14699 14127 2450
14127 44874 2321
43057 14127 1497
14127 33587 3984
39082 14127 287
575 14127 4890
30774 14127 4948
47227 14127 3172
14127 6198 1733
4847 14127 4445
15423 14127 474
14127 12896 2480
14127 11162 3965
14127 40202 2750
18222 14127 2403
25770 14127 54
39889 14127 4389
10253 14127 2581
27667 14127 102
34810 14127 546
40588 14127 4029
14127 20890 2249
14127 10204 1876
14127 22820 765
14127 3614 4318
14127 1303 157
41182 14127 1236
14127 2051 3867
4776 14127 2135
14127 5594 2379
25514 14127 3606
14127 10228 3479
37150 14127 3532
14127 34178 518
14127 4285 1512
14127 16115 4596
14127 40935 4676
10955 14127 2254
14127 21047 1278
14127 20466 3036
12653 14127 2324
14127 42984 1482
14127 46588 3518
21915 14127 2485
14127 29951 2655
14127 29270 1394
46195 14127 2817
14127 36848 4897
14127 3903 4657
14127 21713 1723
14127 34949 1166
14127 10135 3497
30592 14127 1499
14127 47292 4066
14127 43477 612
14127 17087 1666
9991 14127 2405
42448 14127 352
45929 14127 849
47593 14127 1638
14127 42707 1847
14127 11005 3912
24549 14127 1744
29402 14127 576
44227 14127 4276
48922 14127 499
25593 14127 4831
36906 14127 3059
14127 155 2178
14127 48780 4927
29300 14127 3240
14127 29622 1772
14127 31256 437
5015 14127 3373
14127 5331 2418
14127 44284 1739
14127 14042 4532
14127 23733 173
32284 14127 2169
31873 14127 4913
14127 5503 967
14127 6469 2280
14127 18940 2725
14127 34874 3398
14127 47828 298
14127 48187 4699
3778 14127 2719
46759 14127 4863
14127 42101 1477
27311 14127 3518
12608 14127 4583
38225 14127 3129
14127 21068 2486
42231 14127 4621
14127 30306 3564
22752 14127 3525
14127 17382 1617
17954 14127 1636
24709 14127 1323
14127 36407 3240
14127 45387 637
14127 6881 3329
14127 47960 3391
14127 3497 4545
14127 16478 4703
14127 46467 4849
19887 14127 2326
14127 23429 34
14127 3946 849
22827 14127 3474
30479 14127 4307
8773 14127 4659
14127 44122 1569
14127 46741 2176
12839 14127 3946
14127 32409 3409
14127 7208 3248
10888 14127 2534
24836 14127 4339
12335 14127 4787
14127 19555 932
43941 14127 4805
14127 49219 4951
14127 36670 1720
14127 22075 4016
1446 14127 3854
14127 23724 997
41819 14127 4855
14127 8609 3318
14127 22630 1486
39140 14127 133
18109 14127 942
14127 9423 2656
14127 16471 2563
14127 1272 3116
45263 14127 3744
14127 13128 2460
14127 8452 4636
14127 10644 1005
19271 14127 2236
14127 3229 344
14127 18567 2917
14127 20419 4263
14127 19906 3527
8743 14127 2130
14127 13859 3045
33058 14127 4074
28223 14127 20
14127 26380 4083
14127 21686 1066
14127 42768 1818
29581 14127 3915
14127 46964 1838
4817 14127 4615
14127 49813 909
40508 14127 984
21095 14127 3786
14127 9190 4773
33369 14127 1351
14127 25378 1944
14127 48102 2509
10696 14127 2744
16901 14127 3152
14127 6868 2413
14127 27601 4558
5251 14127 2602
1198 14127 912
14127 43524 3246
37094 14127 325
14127 28897 3735
14127 15564 2825
23162 14127 468
3327 14127 45
39718 14127 2350
6071 14127 3897
14127 37082 2626
14127 41145 49
16928 14127 3199
14127 33833 646
14127 33234 832
1812 14127 2687
20328 14127 3926
14127 2347 2442
14127 14526 899
20003 14127 721
14127 17248 4279
14127 3837 4598
11123 14127 3620
14127 48668 3815
24229 14127 1476
29508 14127 2656
35940 14127 1855
14127 24661 1497
33729 14127 3884
14127 28584 2752
12501 14127 2617
4027 14127 2168
42431 14127 2980
14127 35519 286
32738 14127 373
14127 32764 3740
21343 14127 2023
46484 14127 2607
14127 1852 3209
14127 15255 3864
48456 14127 3597
11346 14127 2091
14127 8384 4544
14127 7025 674
14127 33890 1312
14127 31145 1848
14127 35759 1338
31984 14127 3065
14127 34374 1545
14127 17254 929
18565 14127 1889
14127 12920 759
14127 21261 4068
14127 33184 685
20103 14127 3143
14127 9112 2068
49715 14127 2872
14127 7334 2789
14127 33417 2469
14127 43951 4882
14127 36059 2507
21541 14127 539
14127 41704 2080
14127 19480 1103
38581 14127 76
14127 41408 2328
512 14127 2491
14127 31226 1598
14127 30856 3132
14127 39810 2777
5380 14127 3385
14127 49519 1641
14127 33420 2881
14127 38181 1359
13157 14127 513
1743 14127 2184
19927 14127 333
14127 11158 4445
47596 14127 4276
4123 14127 2490
49498 14127 3792
46159 14127 1825
28446 14127 88
14127 38696 3075
14127 6050 3162
14127 27430 3024
14127 16982 1560
30598 14127 620
14127 5813 3237
4426 14127 4451
14127 16080 3405
10328 14127 2227
14342 14127 1335
14127 23649 4443
14127 21812 993
43871 14127 4185
34762 14127 3416
14127 19134 156
34929 14127 1196
46878 14127 3305
14127 15826 91
14127 10768 3383
42062 14127 3373
11616 14127 3888
22331 14127 2351
14127 22691 4047
14127 45210 1779
14127 9440 461
14127 7451 3816
14127 31253 2022
14127 49128 3638
14127 13340 2482
14127 6467 4326
40069 14127 1374
14127 38485 1123
23080 14127 1544
7188 14127 3728
14127 6014 4620
14127 4292 2914
37029 14127 4949
14127 28772 1388
36200 14127 1488
32313 14127 422
31485 14127 4735
14127 21937 4120
49538 14127 1896
14127 24548 346
45240 14127 2898
14127 46728 593
14127 41740 3755
23790 14127 3980
40725 14127 3201
36601 14127 2862
34341 14127 1231
14127 18023 1840
14127 48078 210
14127 49332 4604
16032 14127 4329
14127 49371 1946
14127 788 4959
5281 14127 1832
26166 14127 1490
14127 10339 138
35157 14127 3428
14127 34120 4297
22806 14127 4375
28489 14127 212
31560 14127 1249
14127 28228 3753
17666 14127 3449
16283 14127 3653
14127 18461 2160
14127 9586 246
2927 14127 4901
14127 25064 3747
35014 14127 1921
36896 14127 3682
38924 14127 1072
14127 36847 1043
296 14127 1783
5649 14127 2907
14127 8731 591
14127 48753 568
14127 31673 1337
14127 13421 3604
14127 48346 468
11102 14127 123
20209 14127 3612
47359 14127 421
3695 14127 1388
10871 14127 3227
12244 14127 817
14965 14127 2021
14127 37242 3302
48244 14127 3566
14127 15850 30
34371 14127 667
14127 30094 1424
14127 12522 1008
14127 32107 1358
23185 14127 4931
9105 14127 58
14127 41889 3980
22166 14127 3186
12007 14127 1611
38452 14127 937
14127 3150 3534
27145 14127 2089
24410 14127 1670
13355 14127 3650
43471 14127 829
14127 1847 3826
14127 44109 1883
14127 27753 4204
33001 14127 2925
14127 39181 2778
30319 14127 311
14127 2076 2635
30068 14127 955
14127 27108 3564
25333 14127 4383
27569 14127 1640
8293 14127 4130
14127 10274 4376
14127 28942 358
14127 35995 3236
14127 11818 1141
11396 14127 3719
14127 17953 310
14127 46614 4568
16920 14127 2710
14127 44492 2505
14127 47981 1516
14127 34312 728
13140 14127 3883
1941 14127 1090
22986 14127 4148
26148 14127 1833
21395 14127 1852
26201 14127 3380
14127 30102 95
15737 14127 2857
14127 32165 1238
21755 14127 3881
40127 14127 2083
29745 14127 1816
14127 14832 1506
13633 14127 3324
39648 14127 611
14127 13287 3166
11083 14127 4236
14127 46632 3273
14127 47447 1579
7821 14127 4252
14127 20852 2337
14127 36624 159
19116 14127 3521
2669 14127 4301
14127 35297 2732
37573 14127 1517
45651 14127 1943
43030 14127 3262
14127 48506 3068
22007 14127 1660
21781 14127 4092
14127 28962 1871
18158 14127 2364
14127 29634 2657
14127 29549 1251
22885 14127 2674
14127 18318 3426
14127 40447 3197
14127 14000 4345
14127 41890 938
14127 48905 4727
14127 129 2472
21982 14127 2184
47676 14127 1815
32064 14127 2576
14127 36468 4903
3307 14127 565
46164 14127 576
14127 38501 2830
14127 38077 3994
22853 14127 454
7770 14127 4939
27391 14127 2902
14127 37421 1737
37664 14127 4420
44427 14127 1874
14127 18232 2317
12172 14127 124
14798 14127 3084
14127 34878 756
14127 3180 4649
14127 15778 1321
14127 11403 141
14127 35037 3302
14127 6534 1011
14127 39982 1058
43287 14127 213
14127 48988 1594
41033 14127 3830
14127 41407 1224
14127 44483 1972
14127 14272 2445
14127 15695 3942
46882 14127 4277
13675 14127 172
14127 42712 2247
12066 14127 3364
36392 14127 1327
34128 14127 2213
14127 42456 481
47143 14127 208
9731 14127 4688
14127 15268 1160
952 14127 1176
30214 14127 1035
14127 29861 1760
9586 14127 1672
25889 14127 1583
1944 14127 535
14127 6154 2339
14127 28245 2111
35658 14127 1930
9702 14127 671
14127 34064 4869
14127 26479 4247
14127 11188 3387
14127 12986 3588
22542 14127 3321
36068 14127 2509
14127 17716 3699
33560 14127 4123
14127 8190 1407
45022 14127 4964
14127 26712 3929
49001 14127 1362
14127 1213 1477
14127 49238 1198
32903 14127 4253
6880 14127 4238
37897 14127 3781
32157 14127 2161
32266 14127 546
14127 17983 559
34791 14127 2948
21465 14127 3780
14127 15991 1676
14127 232 1986
14127 5200 3805
14127 26686 3265
23174 14127 970
33750 14127 2341
42696 14127 4532
4753 14127 4035
43328 14127 4226
14127 6180 698
14127 3443 2869
47543 14127 780
14127 30648 2304
14127 33479 2876
14127 22971 307
25787 14127 358
15121 14127 3250
32442 14127 1184
14127 20679 1089
14127 17239 4086
43573 14127 2947
14127 14660 4517
21086 14127 1368
23850 14127 2645
37318 14127 1610
14127 1305 671
14127 19118 4961
14127 17283 3023
32509 14127 825
9017 14127 639
14127 43570 1450
33806 14127 2187
14127 25965 3524
48800 14127 2681
13546 14127 224
14127 12120 86
14127 39736 2260
14127 45778 4808
9706 14127 4064
14127 18075 2271
45663 14127 3932
44745 14127 1520
14127 4956 857
14127 34957 4638
14127 41646 3178
43239 14127 4057
14127 40438 4644
3817 14127 169
21182 14127 3480
47745 14127 3191
43457 14127 1411
41452 14127 1000
14127 38668 4148
41868 14127 505
5690 14127 4482
43022 14127 2573
26007 14127 3208
21709 14127 2805
39552 14127 3071
47345 14127 867
14127 4388 739
43743 14127 1275
14127 42475 1348
14127 18922 3821
7503 14127 2452
14127 12651 1923
32018 14127 2109
35829 14127 521
14127 20504 3159
3112 14127 4347
14127 32939 4609
14127 24282 4225
14127 15222 3851
18122 14127 253
14127 40005 3193
14127 47583 3861
14127 2166 2523
6503 14127 3414
39299 14127 2851
49754 14127 3860
14127 41066 4786
14127 8809 4312
17511 14127 1720
14127 10660 3089
12746 14127 4244
14127 12393 2114
14127 279 3566
36114 14127 4687
4978 14127 300
20841 14127 2735
48264 14127 3798
