1
2500 5000
1775 1876 558
360 1996 2673
1781 2038 2673
1374 1491 2673
1983 1197 558
435 1975 558
1449 2290 2673
1939 1664 558
2447 1204 558
301 2372 558
987 2033 558
1863 1131 2673
270 192 2673
32 279 558
1163 2130 558
2105 332 2673
1338 1095 558
1546 645 558
1973 346 2673
2474 1885 558
819 2391 2673
439 2310 2673
2373 1067 558
721 1651 2673
1105 2104 2673
1371 294 558
426 633 558
2153 1783 2673
493 474 2673
1912 1978 2673
1668 309 558
585 95 558
2100 905 2673
2199 2465 558
802 2379 558
2307 1787 2673
432 1822 558
1046 778 2673
2428 956 2673
2043 1342 2673
22 485 558
1530 2292 558
514 881 2673
889 1963 558
2115 519 2673
1060 1440 2673
982 1478 558
1141 1193 558
1062 2233 558
1017 1079 558
1092 2427 2673
1249 2142 558
2034 1719 2673
2281 183 558
2399 1041 558
2333 2442 558
545 1432 2673
1414 923 2673
1556 1623 558
1002 2269 558
807 1275 558
1692 1715 2673
103 2314 558
91 324 558
1880 1110 2673
1063 2477 558
1480 2134 2673
1476 1780 558
284 1852 2673
1700 1575 2673
937 869 2673
444 11 2673
2134 1853 558
1954 1676 558
1749 2014 558
1985 1898 2673
1973 346 558
2454 408 558
864 1053 558
1835 1642 2673
1185 2095 558
2258 684 2673
1001 2221 2673
117 310 558
1708 117 558
7 1846 558
1374 1491 558
2126 73 2673
1727 2300 558
2209 1056 2673
1446 83 2673
458 1906 2673
2304 617 2673
203 2430 2673
2079 1220 558
954 1812 2673
1329 1744 558
1078 2034 558
124 1113 2673
352 1146 2673
700 2204 2673
2015 717 2673
1997 1545 2673
518 492 2673
1945 1579 558
396 1832 2673
2137 2400 558
405 2211 558
1223 787 2673
850 1164 558
1464 925 558
1560 574 558
1985 1898 558
872 1598 558
1394 640 558
1737 1374 558
1322 406 2673
468 2487 2673
421 958 558
836 1163 2673
216 1691 558
1934 1402 2673
668 2160 2673
194 2437 558
1895 1789 558
1344 2249 2673
769 2244 558
1368 1561 558
1376 1880 2673
2253 1874 558
1099 1713 558
2070 295 558
1712 338 2673
1989 899 558
547 2265 558
2495 2059 2673
2316 2146 2673
2246 2243 558
1496 1262 558
586 2337 2673
1595 1807 2673
838 1934 558
1285 2016 558
2098 682 2673
164 2132 2673
262 364 2673
1514 460 2673
1020 738 558
583 834 2673
184 2454 558
948 935 558
2462 2170 2673
1097 2436 558
915 788 2673
10 695 2673
1951 366 558
1480 2134 558
1192 157 2673
1110 580 2673
1477 1487 558
1207 2357 558
2284 1912 558
1225 675 2673
1508 2079 558
1023 754 558
2040 1550 558
385 2424 2673
1765 2485 558
323 554 2673
788 1716 558
513 2057 2673
286 1348 558
13 2073 2673
1160 2458 2673
1784 2483 558
186 102 558
2326 1628 2673
2166 538 558
1227 1991 2673
2143 202 2673
623 745 558
1079 1857 2673
1043 269 558
1158 2389 2673
544 1626 558
1673 1302 558
1503 1588 2673
205 47 558
1696 522 558
2269 1048 558
691 1972 2673
2327 614 2673
1593 499 2673
157 1995 2673
853 977 558
1816 1327 558
399 2421 558
321 1800 558
2110 2495 2673
749 1379 2673
401 874 2673
766 719 558
2489 1032 558
472 222 2673
250 2219 2673
571 1927 2673
1665 66 2673
290 1289 2673
1059 555 558
2299 1103 2673
46 158 2673
1483 267 2673
1185 2095 2673
1969 19 2673
2164 246 558
926 2413 558
1330 770 2673
2009 497 558
425 831 558
296 76 558
465 2359 558
2426 275 558
1561 403 2673
2128 2239 558
158 2158 558
455 1392 558
2313 1804 558
1844 1086 558
1762 2028 558
528 1565 2673
1293 1935 558
1513 1655 2673
503 118 2673
2075 185 2673
1188 1587 558
794 1407 2673
1960 1414 2673
777 2049 2673
1653 1493 2673
1137 1690 558
319 1024 2673
1594 1548 558
1885 1560 2673
2318 1366 2673
1024 1211 2673
92 285 2673
2481 878 558
1165 1599 2673
1171 1892 2673
1820 2299 2673
1962 1607 558
1900 190 2673
2077 2321 2673
1755 1872 558
580 2017 558
118 2419 558
943 2380 2673
259 1624 558
1601 1547 558
2052 111 2673
1381 1323 558
990 480 558
932 8 2673
1391 1903 2673
548 2439 558
1415 1472 2673
1707 426 2673
1406 2352 558
972 511 2673
1770 476 2673
255 2150 2673
287 482 558
1217 821 558
1684 2435 2673
2412 1746 558
1508 2079 2673
2356 1272 2673
617 952 2673
518 492 558
815 2493 2673
1378 1343 558
2308 90 558
895 2182 2673
1689 1256 558
1608 105 558
559 322 2673
2324 9 558
1305 1563 2673
1250 515 558
1978 22 2673
263 1133 2673
663 178 558
2280 1534 558
1658 859 2673
1945 1579 2673
268 21 558
108 387 2673
725 863 558
1486 2376 2673
1014 1321 558
1588 2213 558
1897 341 2673
1059 555 2673
715 1921 2673
1993 3 2673
407 1568 2673
1155 1658 558
592 811 558
62 421 2673
675 123 558
880 1183 2673
2434 518 558
678 1837 2673
434 204 558
1872 1304 558
959 2131 558
19 2257 558
1398 2153 2673
819 2391 558
2445 2001 558
788 1716 2673
2326 1628 558
493 474 558
2484 1404 2673
1317 673 2673
315 2397 2673
2119 1346 2673
1452 272 558
2496 110 2673
2271 629 2673
1068 652 2673
2202 182 2673
2206 361 558
1651 93 558
2310 883 558
128 1992 558
1831 2063 558
611 798 2673
696 1777 558
528 1565 558
1615 15 2673
2457 36 2673
1942 561 2673
1498 721 558
1718 1215 2673
2310 883 2673
1918 641 558
1770 476 558
1283 2343 2673
882 501 558
1832 677 558
643 1445 558
883 2254 2673
1819 1585 2673
767 1865 558
1758 64 2673
1261 828 558
582 1678 558
930 1703 558
1872 1304 2673
1357 2464 2673
1410 1901 2673
438 757 2673
761 2005 2673
2103 1923 2673
1686 437 558
1782 2078 2673
445 87 2673
110 1006 558
2374 1866 2673
1702 794 558
1245 1094 558
1737 1374 2673
1992 1313 2673
2372 1361 558
1281 1115 2673
2005 1265 558
1077 582 2673
232 1015 558
762 74 558
347 1879 558
1817 1277 2673
569 1510 558
1445 758 558
2023 1451 2673
657 1139 2673
11 2423 2673
2272 2006 558
483 314 2673
1421 1331 2673
852 107 558
164 2132 558
866 632 558
10 695 558
226 2186 2673
526 127 2673
1207 2357 2673
346 1955 2673
480 2232 2673
253 898 2673
2208 96 558
1018 1450 2673
996 1580 2673
1998 1526 558
481 2247 558
2288 50 558
1258 825 2673
713 1260 558
1384 1050 2673
1431 458 2673
512 214 558
359 2205 558
2395 731 2673
1688 780 2673
285 1229 558
2498 1905 2673
870 783 2673
2043 1342 558
2052 111 558
162 539 558
827 1068 2673
1909 1399 2673
2012 2287 2673
2380 115 2673
1931 1802 558
1292 702 558
1458 1412 558
1358 2154 558
340 2370 2673
2324 9 2673
1113 2449 558
578 609 2673
1442 1606 558
2018 1499 2673
1523 1252 2673
1085 979 558
2173 1896 2673
2194 1768 2673
412 1514 558
48 1821 2673
1470 540 2673
1814 1773 558
2158 895 2673
667 1187 558
2300 1734 558
69 1233 558
1500 888 558
1027 1500 2673
395 488 558
2315 174 558
809 2325 2673
1721 164 2673
379 1765 558
1008 39 558
1839 807 558
2312 891 2673
2500 444 2673
1061 1520 2673
2030 199 2673
1794 1882 2673
829 1794 2673
875 1411 2673
2146 513 558
2027 2203 558
1152 1061 2673
168 2172 558
1224 401 558
650 1405 558
1949 659 2673
441 1720 2673
773 722 2673
1325 2024 558
1870 92 558
2433 927 2673
1383 1274 558
688 1953 558
1695 1657 558
1112 853 2673
111 2417 558
2385 910 558
2058 447 558
970 382 558
442 1091 558
2484 1404 558
2095 1075 558
1427 876 2673
2129 252 558
566 2061 558
1630 1140 2673
1643 2222 2673
1018 1450 558
233 1266 2673
251 1452 2673
1786 986 2673
960 280 558
2183 380 558
1272 1018 2673
1607 318 2673
1288 2193 558
1416 1993 2673
387 207 558
729 1306 558
2375 206 558
1936 737 558
588 440 2673
1358 2154 2673
2173 1896 558
2048 1968 558
1574 569 2673
428 176 2673
987 2033 2673
782 2139 558
782 2139 2673
1968 643 2673
572 1973 2673
980 999 558
2191 2032 2673
2154 543 2673
1677 2258 2673
473 1629 2673
2494 951 558
1365 1572 2673
101 2360 558
2451 1764 558
2143 202 558
193 2168 2673
1631 550 558
1727 2300 2673
1934 1402 558
1345 744 2673
506 1609 2673
428 176 558
317 1203 2673
2296 2271 2673
1324 1178 2673
577 1688 558
1488 567 558
1127 1654 558
575 536 558
1916 998 2673
420 2209 558
1270 2280 558
1045 1237 2673
705 1301 2673
2191 2032 558
1697 2096 2673
680 434 2673
1219 1100 558
85 781 558
387 207 2673
1141 1193 2673
593 23 558
1470 540 558
1450 1728 558
2360 1948 2673
1657 1267 2673
1484 465 558
2483 2484 2673
2071 1522 2673
73 2441 2673
266 1907 2673
313 2304 558
1471 1908 2673
2217 1336 558
1465 12 558
77 827 558
1566 1486 2673
507 60 558
1526 1143 2673
1889 1196 558
1397 678 558
1920 1310 558
366 306 558
854 2255 2673
931 1447 2673
1232 647 2673
1391 1903 558
1848 2457 2673
2377 736 2673
2270 58 558
869 301 558
49 786 558
1454 598 2673
2342 642 558
88 696 2673
1663 1801 558
1772 762 558
1810 1824 558
531 1436 558
1676 936 2673
1273 2043 558
461 688 558
444 11 558
31 852 2673
1307 1951 558
2389 2190 2673
1010 2010 2673
845 2080 558
1157 394 2673
1229 2125 2673
1102 1341 558
812 2489 558
1404 2382 558
471 957 2673
801 774 2673
877 79 2673
2443 1630 558
1107 97 2673
1259 136 2673
1624 2136 558
2259 1408 2673
1912 1978 558
436 557 2673
530 686 558
2054 845 2673
2099 2192 558
1523 1252 558
212 1259 558
888 637 2673
369 761 558
1344 2249 558
1485 2047 2673
1191 584 2673
2412 1746 2673
1744 724 2673
2437 284 558
2045 867 2673
2213 2166 558
895 2182 558
1215 556 2673
2345 1160 558
1738 345 2673
70 290 558
2081 1659 558
1963 558 558
41 455 2673
1122 666 558
945 1458 558
1871 740 558
2016 1494 558
1253 287 2673
2000 1426 2673
2139 1805 558
1948 1810 2673
676 1373 558
195 169 2673
2419 2164 2673
2266 2145 558
2386 996 558
1398 2153 558
1765 2485 2673
1052 355 2673
1077 582 558
207 2090 2673
1034 1851 558
431 1378 2673
1877 2422 558
2142 785 2673
1097 2436 2673
783 804 558
88 696 558
193 2168 558
6 1785 2673
1850 913 558
1568 248 2673
544 1626 2673
143 934 2673
719 1772 558
2241 948 558
1890 52 2673
828 1814 2673
1742 2470 558
2269 1048 2673
603 2498 2673
637 385 558
847 1057 558
1213 2216 558
1184 1870 558
1886 1660 2673
2172 1640 2673
519 2149 558
2328 227 2673
1483 267 558
1103 1142 2673
1776 2473 558
2179 945 558
297 1954 558
1343 1253 2673
1931 1802 2673
1743 1685 2673
2283 850 558
1570 843 2673
2011 2377 2673
904 257 2673
599 1530 2673
2252 2320 2673
432 1822 2673
563 2011 2673
2268 964 2673
807 1275 2673
1501 2046 558
1814 1773 2673
1731 1390 558
572 1973 558
902 149 2673
776 1152 2673
1287 412 558
1101 1299 2673
1572 25 558
994 970 558
213 2135 558
577 1688 2673
76 2272 558
2177 777 2673
265 331 558
1595 1807 558
509 163 558
1252 817 558
2388 1507 558
1430 1063 558
1191 584 558
95 2126 558
1055 1185 2673
1095 1479 558
1457 2115 2673
1751 1003 2673
1294 1902 558
2147 1920 2673
196 2301 558
371 351 2673
670 166 558
487 289 558
2056 1839 2673
4 974 558
1291 1465 558
262 364 558
1932 1442 558
532 200 558
820 1257 558
647 1960 558
1916 998 558
635 180 2673
942 1337 558
1352 461 2673
1232 647 558
2184 1732 558
962 919 558
260 982 558
271 120 2673
706 2307 558
298 2242 2673
966 1947 2673
1314 656 558
174 1616 558
459 605 558
1192 157 558
154 2076 2673
1109 2365 2673
911 600 2673
303 2491 2673
1133 541 558
324 99 2673
927 1134 558
934 1120 2673
1763 2331 558
797 2481 558
1238 1622 2673
1022 1292 2673
1003 552 558
1493 797 558
555 147 558
1396 1022 2673
2063 116 558
397 31 558
2005 1265 2673
1680 1531 558
1540 42 2673
2431 823 558
2054 845 558
1597 1641 558
1486 2376 558
203 2430 558
1938 857 558
748 61 558
118 2419 2673
834 529 2673
711 2226 558
386 765 2673
35 712 558
1121 2474 2673
1882 477 558
1356 43 558
1671 335 2673
2149 671 2673
2325 352 2673
1067 2251 558
791 1718 558
2276 1144 558
902 149 558
27 1188 2673
2466 528 558
1639 150 558
1039 1583 558
735 773 2673
730 1462 558
20 756 2673
861 2330 2673
1057 1980 558
2060 475 558
83 1481 558
500 1008 2673
2457 36 558
2346 133 558
335 1939 558
704 1019 558
2251 901 558
814 4 558
1683 832 2673
451 716 558
2411 1574 558
2249 723 558
158 2158 2673
2330 573 2673
87 2267 558
1757 1417 558
1400 152 558
1940 1181 558
2071 1522 558
1038 1369 558
1941 2178 2673
1741 1021 2673
1996 1076 2673
1883 243 2673
252 1767 558
548 2439 2673
821 2068 2673
2088 323 2673
280 1682 558
252 1767 2673
1654 1562 2673
1797 1614 2673
2187 49 558
1201 1591 558
1525 1867 2673
1441 1944 2673
1697 2096 558
637 385 2673
835 1940 2673
22 485 2673
2453 995 2673
86 216 2673
2300 1734 2673
1621 1023 558
1824 142 558
694 263 2673
1740 226 2673
1518 315 2673
1485 2047 558
1788 2445 2673
2366 2345 558
1868 155 2673
627 2297 2673
1095 1479 2673
425 831 2673
737 1613 2673
866 632 2673
1865 435 558
2469 1981 558
1521 40 2673
160 413 558
947 1000 558
1449 2290 558
128 1992 2673
1152 1061 558
1915 752 558
1768 336 2673
1469 173 2673
563 2011 558
3 2350 558
1267 1638 558
2207 2041 2673
264 2309 558
2237 191 558
2210 1089 558
2440 242 558
389 942 2673
75 983 558
1432 1025 558
2068 1295 2673
2007 2405 2673
237 2248 558
668 2160 558
2066 427 558
1416 1993 558
1879 1747 558
690 59 2673
1111 1254 2673
1390 1517 558
2375 206 2673
467 126 2673
2485 1367 2673
2201 1176 558
1542 452 2673
933 325 2673
297 1954 2673
30 2188 558
1091 1198 558
1821 450 558
1559 1964 2673
337 941 2673
1342 300 558
1066 2476 2673
2202 182 558
1785 197 558
738 396 2673
2339 2281 558
152 7 558
811 1650 2673
1721 164 558
1456 339 558
2470 2098 2673
1533 728 2673
363 343 558
396 1832 558
2441 836 558
955 2499 558
1247 1739 2673
1927 223 2673
2344 1699 2673
1433 2378 558
867 218 2673
502 2123 2673
1402 2144 2673
1295 1835 2673
1818 588 2673
1326 1354 2673
2475 947 2673
1832 677 2673
224 1488 558
137 2403 2673
2199 2465 2673
2350 2472 2673
501 903 558
2222 889 2673
1796 1258 558
1031 992 2673
1222 1670 2673
157 1995 558
1822 1116 2673
355 1946 558
34 955 2673
907 791 2673
1118 1648 558
1732 514 558
1845 350 2673
236 1979 558
1387 1513 558
1579 2092 2673
2058 447 2673
256 2112 2673
2370 1811 558
659 766 558
1284 718 558
877 79 558
2292 104 558
1186 1080 2673
70 290 2673
1051 1398 558
1171 1892 558
1682 1497 2673
1923 229 2673
59 1385 2673
1562 33 2673
633 866 2673
1128 2356 558
1090 520 558
2426 275 2673
838 1934 2673
403 993 2673
441 1720 558
1650 1589 2673
369 761 2673
1561 403 558
219 2353 2673
1320 1573 558
453 1687 558
427 2420 2673
1215 556 558
1583 1843 558
1560 574 2673
752 2106 558
795 328 2673
2 1127 558
2156 1752 558
436 557 558
1627 122 2673
1297 1468 558
1826 195 558
1253 287 558
1871 740 2673
1959 1228 558
939 1102 558
671 373 2673
253 898 558
1004 1218 2673
1497 1635 558
1334 404 2673
273 2023 558
1687 2295 558
1610 32 2673
754 1011 2673
705 1301 558
2394 62 2673
78 140 2673
145 1286 2673
800 2374 558
1375 464 2673
2243 1610 558
491 1107 558
1244 2103 2673
26 2009 2673
673 1151 558
825 1533 558
227 1860 558
2473 1317 558
2087 1570 2673
150 356 558
66 1941 558
2197 1738 558
520 1155 2673
109 1549 2673
2117 680 2673
2297 2151 558
1401 312 558
1175 2303 558
1939 1664 2673
2398 890 2673
1237 72 2673
1053 344 558
181 2015 558
1539 1894 2673
2041 1184 558
2334 368 558
1407 846 2673
1360 847 2673
894 124 2673
1734 1877 2673
1035 2402 558
723 296 558
1359 386 558
914 146 558
2320 1542 558
1 727 2673
2091 486 558
590 2039 2673
849 316 558
135 1028 2673
1698 1453 558
1365 1572 558
596 1848 558
1263 219 558
1019 2162 558
267 381 2673
306 583 558
1663 1801 2673
382 342 2673
1594 1548 2673
1419 415 558
1064 2358 2673
910 1469 2673
1823 261 2673
381 2369 558
1918 641 2673
1624 2136 2673
4 974 2673
1188 1587 2673
1134 234 558
1774 1745 2673
2066 427 2673
1733 2461 2673
375 10 2673
318 288 2673
206 1761 558
2075 185 558
121 560 558
1827 240 2673
449 1368 558
849 316 2673
671 373 558
1117 844 558
907 791 558
984 1532 2673
965 2410 2673
366 306 2673
1129 347 558
491 1107 2673
720 333 558
836 1163 558
351 358 2673
1218 2367 558
639 579 2673
143 934 558
1323 1438 558
2286 946 2673
545 1432 558
662 1668 558
1196 912 558
624 134 2673
669 906 2673
1132 1288 558
2134 1853 2673
601 1009 558
791 1718 2673
1468 1889 558
1672 806 558
2225 1709 558
631 377 558
1370 720 558
547 2265 2673
361 1710 558
1200 1723 558
2413 1878 2673
1793 885 558
1617 1315 2673
627 2297 558
2121 1429 558
1318 363 558
1131 1090 558
1888 56 2673
1578 2407 558
68 2438 558
633 866 558
790 1261 558
855 1319 2673
1956 357 2673
718 484 2673
1211 106 558
2014 145 2673
2237 191 2673
1818 588 558
743 767 558
2429 1600 558
1605 1441 2673
2351 479 558
303 2491 558
2094 2277 2673
1847 860 558
1859 369 2673
609 217 2673
1541 1029 558
79 1729 2673
1362 593 558
93 2053 558
530 686 2673
1196 912 2673
1473 1085 558
2420 1173 2673
1866 967 558
1789 432 2673
650 1405 2673
279 1035 2673
269 383 558
1534 546 2673
2266 2145 2673
1822 1116 558
2140 521 2673
854 2255 558
792 1004 2673
2212 125 2673
183 439 2673
1836 2167 558
558 84 2673
2015 717 558
1695 1657 2673
1886 1660 558
342 1112 2673
228 670 2673
1487 1162 2673
2014 145 558
41 455 558
329 1950 558
1692 1715 558
1598 1625 558
430 1020 558
1562 33 558
2365 990 2673
1573 490 2673
1701 664 558
777 2049 558
1125 2275 2673
2013 1358 558
133 621 558
469 407 558
141 1087 558
416 916 558
876 2294 558
1965 1631 558
437 1207 558
2241 948 2673
1751 1003 558
672 987 558
1075 1957 2673
1764 2102 2673
1529 2276 2673
1633 626 558
307 313 2673
2026 393 2673
1224 401 2673
304 1328 2673
404 348 558
1346 395 558
1062 2233 2673
384 1482 558
1517 53 558
462 692 558
1690 2181 558
1282 2431 558
348 2279 558
1891 2260 2673
583 834 558
2020 894 558
2468 994 558
1081 184 558
1264 293 558
1653 1493 558
2277 1672 558
1686 437 2673
2410 1141 558
278 700 558
1290 779 2673
2219 1148 558
1448 1884 558
1955 1786 558
2317 2261 2673
1769 1695 2673
2336 960 558
1210 2060 558
2096 2332 558
51 224 2673
597 2284 2673
2247 2433 2673
1581 1093 2673
180 1480 2673
732 1969 558
393 575 558
1965 1631 2673
258 2091 558
1418 1084 2673
2073 236 2673
1649 545 2673
1904 400 558
2305 1816 558
1423 1247 558
150 356 2673
315 2397 558
769 2244 2673
2472 1528 2673
685 391 2673
98 1273 558
2491 1987 558
1094 77 2673
476 1466 558
33 1108 2673
557 928 558
1148 1281 2673
29 422 2673
1238 1622 558
1293 1935 2673
892 1270 2673
1527 2094 558
1042 2278 2673
1022 1292 558
2406 1694 558
908 57 2673
945 1458 2673
725 863 2673
2341 209 2673
658 1431 2673
1780 81 558
1516 2235 2673
192 1683 558
1574 569 558
1976 868 2673
1269 2087 558
2189 1459 2673
1037 1961 558
2391 2175 558
2471 2334 558
2046 1147 558
1058 114 558
2402 1036 2673
564 1177 2673
484 161 2673
167 1544 2673
787 1416 558
1428 1307 558
1260 577 558
956 2466 558
1314 656 2673
1092 2427 558
2118 1383 558
674 1428 558
462 692 2673
1807 679 2673
2453 995 558
621 1377 2673
697 69 2673
1995 1501 2673
484 161 558
747 1504 2673
979 607 558
1248 121 2673
1015 638 558
2053 1363 2673
420 2209 2673
2022 1138 2673
356 1223 558
2292 104 2673
1586 132 2673
1198 270 2673
84 2385 2673
768 2289 558
2091 486 2673
373 599 558
1873 235 558
1819 1585 558
2153 1783 558
2188 2408 558
1990 1471 2673
1661 2401 558
1924 524 2673
1162 98 2673
2004 201 558
1881 1209 558
2067 2169 558
1502 311 558
2486 1355 2673
1243 271 2673
931 1447 558
1867 2107 558
1119 1677 2673
1698 1453 2673
53 205 558
1849 1564 2673
1138 1316 558
2227 1345 558
1854 410 2673
936 2443 2673
1554 1634 2673
1964 1519 558
1047 1735 558
34 955 558
1771 1515 2673
1100 1826 2673
2103 1923 558
954 1812 558
116 1741 2673
1446 83 558
857 981 558
1525 1867 558
2036 1743 2673
350 775 2673
2128 2239 2673
1325 2024 2673
1927 223 558
1577 930 558
2291 749 558
1308 694 558
8 764 558
574 1122 2673
412 1514 2673
661 2366 2673
912 1409 558
1472 954 2673
1440 1174 558
1061 1520 558
1316 2207 558
1016 2118 558
1274 2354 558
976 2231 558
2333 2442 2673
1547 2450 2673
2112 699 2673
341 1287 2673
924 1608 558
1842 375 2673
1277 1415 558
1331 1850 558
1786 986 558
1072 1868 558
2122 498 2673
250 2219 558
2193 532 558
1237 72 558
1177 1448 558
1578 2407 2673
2029 810 2673
374 2157 2673
2017 622 2673
2294 611 558
803 1083 2673
598 1460 2673
1735 1149 558
1558 1376 558
1265 445 558
416 916 2673
161 148 558
440 1899 558
313 2304 2673
1946 924 2673
1041 2111 558
604 2316 2673
56 576 558
610 1078 2673
2044 2490 2673
51 224 558
427 2420 558
955 2499 2673
2448 16 558
2404 417 2673
1550 30 2673
114 1157 558
2185 750 558
602 814 558
2195 851 2673
1902 619 2673
392 286 558
2480 631 2673
1830 2361 558
2262 409 558
1034 1851 2673
2456 2116 558
316 854 2673
1599 2097 558
197 1766 2673
1172 500 2673
1458 1412 2673
1829 1897 558
2203 1071 2673
43 597 558
1843 75 558
1230 429 2673
332 2262 2673
1373 1793 2673
1761 2317 2673
2226 2147 2673
1754 1318 2673
1979 1858 2673
1070 470 558
1180 2137 558
1063 2477 2673
1091 1198 2673
1850 913 2673
879 2492 558
50 1909 2673
263 1133 558
268 21 2673
843 431 2673
613 1264 558
823 154 2673
2461 1818 558
2303 624 558
1337 481 2673
2086 327 558
2039 1311 558
190 2189 558
1548 1216 2673
2482 1754 2673
2123 1725 2673
759 2392 2673
204 2214 558
370 1153 2673
785 1109 2673
869 301 2673
1550 30 558
82 966 558
132 1693 2673
264 2309 2673
2065 2121 2673
2387 1645 558
319 1024 558
533 1617 2673
274 833 558
600 1774 2673
189 612 558
2025 1335 558
1002 2269 2673
1614 1656 558
1729 215 558
1611 1255 558
1855 109 2673
283 430 2673
2177 777 558
1707 426 558
2275 1891 2673
638 2055 558
1704 578 2673
1419 415 2673
1950 1918 558
860 1278 2673
2068 1295 558
1625 2451 558
2157 1375 2673
286 1348 2673
766 719 2673
460 2117 558
1634 305 558
1126 1639 2673
525 1505 558
1636 873 558
1881 1209 2673
739 2224 558
695 1966 558
1602 1933 2673
1586 132 558
1195 667 2673
1656 1924 558
1310 1527 558
2021 2196 558
1334 404 558
1331 1850 2673
477 1397 2673
2239 2173 2673
1000 902 2673
345 962 558
474 1696 558
83 1481 2673
2361 768 2673
1311 564 558
1984 1121 2673
1026 1170 558
1509 376 2673
601 1009 2673
1869 1925 2673
862 1742 2673
665 1495 2673
1189 283 2673
353 63 558
2414 2177 2673
287 482 2673
1841 2286 2673
1831 2063 2673
382 342 558
1588 2213 2673
415 2363 558
1643 2222 558
538 1045 2673
2084 1360 2673
1015 638 2673
1603 2448 2673
139 1291 2673
92 285 558
2455 2256 558
1641 491 558
535 625 558
2463 308 558
595 976 558
602 814 2673
1986 397 2673
539 711 558
402 2122 2673
1216 2072 558
1393 2030 2673
3 2350 2673
1648 1182 558
312 225 2673
1849 1564 558
2216 1602 2673
2328 227 558
448 2109 2673
1019 2162 2673
62 421 558
1903 320 558
2050 685 2673
2428 956 558
765 45 2673
508 1033 2673
1190 1733 2673
1729 215 2673
2023 1451 558
1971 2494 558
1114 871 2673
2309 510 558
1725 2296 2673
2024 1290 2673
1628 130 558
2218 244 2673
1925 1293 2673
1504 2399 2673
1390 1517 2673
2002 468 558
643 1445 2673
1080 85 2673
1481 1769 558
1642 701 2673
1933 563 2673
2154 543 558
1456 339 2673
243 2263 558
1309 1959 2673
101 2360 2673
2491 1987 2673
314 1349 2673
2498 1905 558
2220 1919 558
2390 1271 2673
2261 1124 2673
1749 2014 2673
1608 105 2673
2443 1630 2673
1492 2110 558
1031 992 558
1905 1236 558
2171 602 2673
1387 1513 2673
170 472 2673
1783 1034 558
1234 1910 2673
1522 232 558
63 1303 2673
1984 1121 558
2376 589 2673
219 2353 558
2219 1148 2673
2170 961 558
1799 940 2673
942 1337 2673
2466 528 2673
2026 393 558
114 1157 2673
2196 282 558
1852 1424 2673
1231 1611 558
1812 1862 558
2289 2322 558
1728 1353 2673
1320 1573 2673
142 2368 2673
912 1409 2673
929 1231 558
1845 350 558
55 2298 558
2006 1988 558
466 1673 2673
1769 1695 558
1675 1234 558
1340 735 558
1679 506 2673
471 957 558
1669 1169 2673
1282 2431 2673
884 816 558
890 1189 2673
335 1939 2673
799 1370 558
35 712 2673
2449 812 558
398 880 558
1715 2234 558
764 265 558
542 273 558
1502 311 2673
2072 268 558
479 760 558
1298 984 2673
455 1392 2673
1301 210 558
695 1966 2673
1611 1255 2673
794 1407 558
1482 1088 558
959 2131 2673
320 1333 2673
25 1977 558
2048 1968 2673
64 1492 2673
982 1478 2673
97 530 558
210 1062 2673
2379 281 558
2232 1212 558
684 1890 558
1155 1658 2673
726 259 2673
842 2411 558
1970 71 2673
1355 1456 2673
1813 2040 2673
388 1394 2673
1709 534 2673
1876 610 558
1815 892 558
1119 1677 558
497 245 2673
1208 1958 2673
1116 1796 2673
2355 2007 2673
2289 2322 2673
813 2342 558
2176 1474 2673
2165 2346 2673
1193 2362 558
1875 221 2673
903 782 558
778 1760 2673
2113 1208 2673
916 2114 558
707 2141 2673
2308 90 2673
615 2323 2673
74 251 2673
2461 1818 2673
616 1541 558
87 2267 2673
2366 2345 2673
298 2242 558
998 370 558
1491 1096 2673
702 1576 558
686 2329 558
1953 139 558
2059 1930 558
258 2091 2673
989 20 2673
784 1984 2673
1467 2185 558
1802 467 2673
178 2119 558
2231 1222 2673
1982 1243 558
174 1616 2673
1887 1830 558
1723 2004 2673
566 2061 2673
1935 2428 2673
2358 101 2673
177 1154 558
932 8 558
780 2217 558
1555 1712 558
1800 1038 2673
524 1051 558
362 1779 2673
2076 1708 2673
1533 728 558
1381 1323 2673
975 1297 558
789 2020 558
2100 905 558
1382 729 558
163 2225 558
1685 249 2673
1679 506 558
261 1632 2673
2393 1285 2673
2322 2051 2673
14 495 2673
13 2073 558
149 926 558
1726 1762 2673
2160 2202 558
108 387 558
2210 1089 2673
119 1834 558
1124 1697 2673
802 2379 2673
120 1782 2673
1538 1119 558
182 734 2673
1386 1180 2673
1139 1043 558
2400 608 2673
1604 776 558
1910 493 558
1090 520 2673
1202 1042 558
1590 896 558
2264 991 2673
1271 165 558
2372 1361 2673
1129 347 2673
1250 515 2673
155 2469 2673
84 2385 558
405 2211 2673
1264 293 2673
2359 2348 2673
2407 258 558
1600 231 558
281 1217 2673
1280 944 558
742 159 558
79 1729 558
433 108 2673
1115 1569 558
2216 1602 558
305 1226 558
74 251 558
230 2327 558
917 911 558
986 662 2673
2020 894 2673
1646 1581 2673
505 469 558
2427 304 558
1817 1277 558
133 621 2673
2340 423 2673
1891 2260 558
1206 1338 2673
578 609 558
378 2088 558
1272 1018 558
659 766 2673
418 813 558
48 1821 558
15 1444 2673
527 2341 558
894 124 558
1762 2028 2673
1337 481 558
1333 1823 2673
1302 591 558
60 416 2673
1350 1797 558
456 1633 558
1176 340 2673
239 2042 2673
937 869 558
130 2163 2673
2380 115 558
1405 1662 558
2157 1375 558
1447 2390 558
1515 1395 2673
234 2206 2673
612 2283 558
1752 1485 558
1804 674 2673
78 140 558
1702 794 2673
1804 674 558
753 420 558
651 855 558
1058 114 2673
310 129 558
1955 1786 2673
1877 2422 2673
763 80 2673
2178 1027 558
595 976 2673
1901 138 2673
963 321 2673
1827 240 558
224 1488 2673
1953 139 2673
1808 743 558
1170 1097 2673
2360 1948 558
882 501 2673
457 303 558
581 1098 558
496 2335 2673
2008 1192 2673
2116 1054 2673
330 451 2673
1487 1162 558
2117 680 558
1007 494 558
2083 2381 2673
1974 537 2673
709 82 2673
847 1057 2673
2053 1363 558
2374 1866 558
1189 283 558
816 586 558
594 1788 2673
1023 754 2673
1070 470 2673
1493 797 2673
1678 840 2673
2280 1534 2673
1003 552 2673
2404 417 558
50 1909 558
338 914 558
499 1643 2673
2447 1204 2673
195 169 558
822 2100 558
1048 931 558
568 2013 558
442 1091 2673
1935 2428 558
176 732 558
310 129 2673
1753 1132 2673
450 1168 2673
1211 106 2673
858 1612 2673
998 370 2673
1798 2050 558
588 440 558
299 1118 558
1447 2390 2673
1030 634 2673
215 571 2673
850 1164 2673
2182 1443 558
2352 179 2673
1576 1684 2673
770 1790 558
2010 704 2673
2283 850 2673
1041 2111 2673
66 1941 2673
1025 663 558
510 1917 2673
127 1931 2673
1166 1049 2673
985 441 558
634 933 558
1075 1957 558
47 18 2673
1118 1648 2673
863 559 558
723 296 2673
1263 219 2673
536 2027 558
1169 2328 558
543 753 558
57 414 2673
272 1859 2673
1736 135 558
2224 568 2673
640 839 2673
1316 2207 2673
1999 1619 2673
1615 15 558
2355 2007 558
2174 1698 558
1428 1307 2673
1617 1315 558
1806 2479 2673
2138 1989 2673
1082 1334 558
660 2002 558
1156 2409 2673
651 855 2673
832 2429 558
798 2475 558
973 2306 558
2136 1433 558
2232 1212 2673
1959 1228 2673
1228 606 558
292 547 2673
1083 525 2673
1685 249 558
1139 1043 2673
453 1687 2673
1645 509 558
58 433 2673
2252 2320 558
757 630 558
757 630 2673
188 2025 2673
1714 1171 558
2135 1389 2673
293 1763 2673
183 439 558
944 1605 558
1996 1076 558
2101 1186 2673
1296 2089 2673
1616 353 558
2240 1791 2673
2371 864 2673
1596 759 2673
1801 808 2673
703 1175 558
1457 2115 558
531 1436 2673
240 1817 2673
2438 1516 558
2388 1507 2673
24 861 2673
2028 360 558
1724 884 2673
918 1854 558
1327 1819 2673
217 842 2673
232 1015 2673
2343 1815 2673
1475 2238 558
2025 1335 2673
793 746 558
385 2424 558
1388 1999 558
949 2176 558
2036 1743 558
2430 1792 2673
848 830 558
2057 1464 558
2076 1708 558
1088 697 558
49 786 2673
1013 1454 558
1212 1799 2673
1494 326 2673
1006 1731 2673
712 220 2673
833 471 2673
1231 1611 2673
1104 443 2673
2107 1101 2673
620 1887 2673
2092 2460 558
1246 2058 2673
842 2411 2673
154 2076 558
784 1984 558
1514 460 558
1798 2050 2673
2074 1344 558
652 689 558
2290 570 2673
783 804 2673
2335 1922 2673
223 517 558
2186 1065 558
1674 1246 558
207 2090 558
1551 1059 558
837 1967 558
300 1166 558
1209 1205 2673
1016 2118 2673
1696 522 2673
1137 1690 2673
1304 2003 558
698 1242 2673
1131 1090 2673
2167 2447 2673
215 571 558
756 1332 558
1474 2394 558
2257 55 2673
824 566 2673
1828 1674 558
1438 143 2673
2248 922 558
580 2017 2673
357 907 558
2080 669 558
1858 949 558
1835 1642 558
445 87 558
1203 51 2673
2345 1160 2673
1906 1726 558
1040 1965 558
2162 953 2673
597 2284 558
380 189 558
1418 1084 558
1197 428 2673
2329 2383 2673
1241 100 558
1087 1052 558
1256 38 558
521 1986 2673
12 748 558
1202 1042 2673
603 2498 558
1589 13 558
1385 1470 558
1990 1471 558
292 547 558
1495 170 558
198 1721 2673
1652 1213 2673
876 2294 2673
600 1774 558
1328 1855 558
2427 304 2673
1833 2246 558
1228 606 2673
993 2081 558
2127 2227 2673
1592 1970 2673
1732 514 2673
129 2462 2673
1980 1913 2673
1688 780 558
451 716 2673
53 205 2673
2024 1290 558
1448 1884 2673
102 2019 2673
1465 12 2673
1133 541 2673
1005 1421 2673
605 2018 2673
1840 2113 558
533 1617 558
747 1504 558
805 972 2673
684 1890 2673
1919 1771 2673
2178 1027 2673
1303 1914 2673
495 2364 2673
2070 295 2673
950 94 558
248 978 558
626 390 2673
2450 706 558
716 453 558
2229 1847 2673
771 590 558
466 1673 558
202 772 558
629 1681 2673
159 1551 558
355 1946 2673
626 390 558
222 35 558
1898 1831 2673
256 2112 558
1103 1142 558
1687 2295 2673
921 1952 2673
880 1183 558
208 1827 558
888 637 558
1362 593 2673
1309 1959 558
1014 1321 2673
477 1397 558
2201 1176 2673
772 2456 558
1275 88 558
2003 2200 2673
254 1825 2673
893 2313 558
38 512 2673
636 1114 558
1844 1086 2673
687 1604 2673
624 134 558
1226 1194 2673
1056 1597 558
1033 459 2673
1426 2285 558
123 658 558
2279 1945 558
693 1326 558
905 151 2673
1098 41 2673
1167 1362 2673
486 1652 558
333 228 558
1140 1381 2673
729 1306 2673
364 2270 2673
2151 1838 558
1713 1620 2673
1084 1123 2673
423 1689 558
1254 1833 2673
1478 1125 558
2488 963 2673
1054 411 558
2384 78 2673
1262 870 558
2306 2440 558
2242 198 558
2458 628 2673
226 2186 558
1720 2129 558
1957 1489 2673
156 938 2673
2180 2349 2673
2238 893 558
1489 262 558
2107 1101 558
972 511 558
688 1953 2673
336 915 2673
648 1073 558
2145 755 558
2492 751 558
2285 1016 558
349 508 558
1004 1218 558
2027 2203 2673
305 1226 2673
721 1651 558
523 618 2673
2386 996 2673
868 6 2673
1709 534 558
2349 1128 2673
1691 713 558
1669 1169 558
28 1509 2673
1652 1213 558
2389 2190 558
2179 945 2673
2383 1511 558
2110 2495 558
1667 67 558
1242 1467 558
1257 1949 558
1035 2402 2673
214 1558 558
36 989 2673
1172 500 558
1259 136 558
2236 1915 2673
1634 305 2673
2198 657 558
1292 702 2673
717 549 2673
2296 2271 558
1305 1563 558
1633 626 2673
2442 1195 558
2376 589 558
830 502 558
2225 1709 2673
2190 1571 2673
2172 1640 558
1421 1331 558
715 1921 558
884 816 2673
694 263 558
106 505 558
1558 1376 2673
1353 690 2673
2396 2223 558
1267 1638 2673
1970 71 558
483 314 558
970 382 2673
1107 97 558
1438 143 558
229 1686 558
1008 39 2673
169 676 558
605 2018 558
527 2341 2673
886 1484 558
1150 1707 558
993 2081 2673
2244 399 2673
2123 1725 558
1736 135 2673
1854 410 558
103 2314 2673
1659 872 558
1728 1353 558
1838 112 558
925 1419 558
2290 570 558
649 438 558
859 89 2673
2464 34 558
1719 875 558
2218 244 558
1772 762 2673
311 402 2673
2074 1344 2673
922 1646 558
20 756 558
202 772 2673
2029 810 558
2013 1358 2673
289 1037 558
1882 477 2673
1072 1868 2673
738 396 558
190 2189 2673
1911 1012 558
1130 1391 558
734 2482 558
1768 336 558
1142 1105 558
1942 561 558
457 303 2673
433 108 558
1073 1842 558
2332 1158 2673
331 1300 558
438 757 558
52 1276 558
1011 1136 558
589 2250 558
1622 1324 558
692 365 2673
2257 55 558
1270 2280 2673
1461 2236 558
1278 2171 558
639 579 558
223 517 2673
1604 776 2673
575 536 2673
1396 1022 558
1876 610 2673
2151 1838 2673
105 103 2673
2435 2086 2673
115 2452 558
614 2230 558
2186 1065 2673
1206 1338 558
1519 1916 558
293 1763 558
1779 1943 2673
621 1377 558
44 886 2673
1386 1180 558
106 505 2673
1266 649 558
976 2231 2673
978 2069 558
1894 208 558
182 734 558
862 1742 558
2378 27 558
111 2417 2673
1028 1506 2673
1577 930 2673
1290 779 558
406 1644 558
678 1837 558
2339 2281 2673
848 830 2673
2221 398 558
121 560 2673
1621 1023 2673
2315 174 2673
1276 1994 558
1987 1473 558
1609 213 558
2455 2256 2673
294 1667 558
1559 1964 558
1532 1692 558
1853 707 2673
1424 1556 558
960 280 2673
1851 2062 558
125 337 558
962 919 2673
2235 1845 558
473 1629 558
1221 829 2673
2433 927 558
920 2291 2673
1144 1778 558
927 1134 2673
201 1529 2673
1627 122 558
245 1483 2673
1364 2302 2673
741 2326 558
435 1975 2673
984 1532 558
2214 1543 558
328 392 2673
119 1834 2673
1767 1829 2673
17 1521 558
1332 820 2673
826 2253 558
1369 2444 2673
631 377 2673
2096 2332 2673
1323 1438 2673
337 941 558
1811 1856 558
1079 1857 558
1312 2351 2673
276 405 558
1922 747 558
2163 1320 558
2224 568 558
732 1969 2673
430 1020 2673
176 732 2673
1638 603 2673
1175 2303 2673
992 2373 2673
2278 838 2673
2368 2054 558
1073 1842 2673
1841 2286 558
995 1179 558
1704 578 558
325 2056 558
2078 594 2673
638 2055 2673
376 1671 558
576 1594 2673
506 1609 558
1083 525 558
2409 1070 558
1093 446 2673
1067 2251 2673
1308 694 2673
168 2172 2673
18 969 2673
1492 2110 2673
2124 1309 558
1531 796 558
242 2386 2673
59 1385 558
1641 491 2673
1947 726 2673
1245 1094 2673
1644 1942 558
1135 1248 2673
65 1219 558
2352 179 558
2022 1138 558
660 2002 2673
724 665 2673
2422 425 2673
2082 2138 558
365 1524 558
94 278 2673
1967 1214 2673
409 1559 2673
2488 963 558
1437 1225 2673
326 141 2673
2459 2311 558
885 849 2673
1552 708 558
402 2122 558
1066 2476 558
1341 2496 2673
1807 679 558
1412 792 558
1106 683 2673
75 983 2673
1417 1232 2673
2434 518 2673
1665 66 558
413 2415 558
381 2369 2673
1921 2194 2673
1335 1536 558
2141 1956 558
655 1475 2673
978 2069 2673
2475 947 558
1862 1357 558
1792 1751 558
974 2387 2673
1725 2296 558
2421 1982 558
2440 242 2673
2093 1795 2673
1468 1889 2673
1549 1736 558
452 1077 558
2265 2395 558
801 774 558
1949 659 558
616 1541 2673
951 691 558
91 324 2673
400 230 2673
701 2199 2673
260 982 2673
122 1224 2673
1352 461 558
793 746 2673
1846 297 2673
2408 909 558
1793 885 2673
2367 523 2673
2196 282 2673
2230 803 2673
1321 2347 2673
811 1650 558
935 172 558
763 80 558
474 1696 2673
1380 1244 2673
1582 1592 2673
419 1836 2673
1623 1339 558
1944 1803 558
1377 2259 558
2135 1389 558
609 217 558
327 1111 2673
646 1227 2673
1310 1527 2673
745 1305 558
944 1605 2673
1275 88 2673
1109 2365 558
1809 253 2673
201 1529 558
353 63 2673
1977 1553 2673
2060 475 2673
911 600 558
1890 52 558
228 670 558
2130 1434 558
1013 1454 2673
515 1387 2673
525 1505 2673
278 700 2673
1279 463 2673
1693 1636 2673
61 553 558
1761 2317 558
1575 809 558
1143 1567 558
851 384 558
1306 1150 2673
2282 2412 2673
1989 899 2673
325 2056 2673
1628 130 2673
2078 594 558
126 551 558
2416 2228 558
167 1544 558
567 1748 2673
868 6 558
1626 2305 558
1529 2276 558
58 433 558
2080 669 2673
2195 851 558
1722 2471 558
295 187 558
324 99 558
818 1840 558
810 1554 2673
1680 1531 2673
374 2157 558
806 1230 2673
742 159 2673
295 187 2673
2260 1040 2673
1121 2474 558
865 715 2673
1140 1381 558
1006 1731 558
2367 523 558
468 2487 558
2055 1985 2673
835 1940 558
2243 1610 2673
175 1263 558
1587 1314 2673
165 627 2673
852 107 2673
1506 1627 2673
1926 2124 558
410 620 558
1355 1456 558
2166 538 2673
2197 1738 2673
946 921 2673
2008 1192 558
2152 1117 2673
824 566 558
1084 1123 558
32 279 2673
594 1788 558
55 2298 2673
23 2161 2673
2288 50 2673
2337 1410 558
2287 1702 558
316 854 558
447 1249 2673
629 1681 558
906 710 558
919 1749 2673
2319 2148 558
2439 65 2673
2452 2398 558
920 2291 558
39 1873 558
2156 1752 2673
1277 1415 2673
647 1960 2673
534 968 558
1147 276 2673
90 562 558
1478 1125 2673
571 1927 558
1339 1039 558
1096 1758 2673
2205 256 2673
1210 2060 2673
464 2315 2673
1300 587 558
1576 1684 558
100 2500 2673
246 17 558
1395 2467 558
2254 856 558
52 1276 2673
2291 749 2673
1269 2087 2673
1913 419 2673
2228 616 2673
505 469 2673
1592 1970 558
1280 944 2673
1501 2046 2673
1787 487 558
698 1242 558
132 1693 558
480 2232 558
486 1652 2673
460 2117 2673
1187 681 558
680 434 558
994 970 2673
1691 713 2673
1599 2097 2673
2444 2210 558
1399 1350 2673
1197 428 558
529 1518 2673
96 2432 2673
388 1394 558
892 1270 558
1372 526 2673
749 1379 558
107 795 558
1777 137 2673
276 405 2673
710 2127 558
999 2324 2673
1511 1722 2673
2256 2048 2673
1217 821 2673
358 548 2673
856 2340 2673
2306 2440 2673
2477 507 2673
865 715 558
1027 1500 558
2309 510 2673
2381 516 2673
953 1046 558
1998 1526 2673
2314 329 558
2159 1007 2673
345 962 2673
2148 2229 558
1012 2453 558
806 1230 558
1321 2347 558
1805 1135 558
1080 85 558
411 2319 2673
2487 1030 2673
591 1055 558
2429 1600 2673
1565 299 2673
328 392 558
2405 2187 2673
630 1582 2673
975 1297 2673
194 2437 2673
1703 1888 558
246 17 2673
2353 800 558
235 799 2673
1452 272 2673
2150 1680 558
1393 2030 558
1536 1031 2673
755 2426 558
1584 819 2673
341 1287 558
1315 1512 558
654 533 2673
308 918 558
2104 613 2673
214 1558 2673
1346 395 2673
257 1130 2673
1875 221 558
1753 1132 558
1221 829 558
231 2071 558
2095 1075 2673
1363 2165 558
1406 2352 2673
1671 335 558
100 2500 558
1987 1473 2673
77 827 2673
1049 1498 558
2303 624 2673
1828 1674 2673
574 1122 558
1997 1545 558
384 1482 2673
42 1352 2673
821 2068 558
95 2126 2673
1602 1933 558
967 2293 558
18 969 558
112 1552 2673
1684 2435 558
1439 572 2673
655 1475 558
225 2159 2673
1484 465 2673
146 997 558
1667 67 2673
288 730 558
2159 1007 558
666 418 558
1548 1216 558
2131 1806 2673
1299 162 558
1108 763 558
367 790 2673
1069 2237 2673
2358 101 558
1861 2008 558
2255 2052 558
1853 707 558
2293 1714 2673
1444 1649 2673
1055 1185 558
1145 44 558
1281 1115 558
1555 1712 2673
400 230 558
909 2274 558
2399 1041 2673
1087 1052 2673
1009 1167 558
2359 2348 558
981 1165 558
827 1068 558
2425 1423 2673
390 307 2673
1209 1205 558
165 627 558
2124 1309 2673
1986 397 558
1563 703 558
302 292 2673
2493 950 558
790 1261 2673
2047 264 558
1730 2012 2673
2132 1904 558
689 1759 2673
1811 1856 2673
941 2333 2673
1864 254 2673
656 1706 2673
127 1931 558
1896 2084 2673
1225 675 558
1127 1654 2673
1368 1561 2673
2258 684 558
1301 210 2673
825 1533 2673
485 1937 2673
1401 312 2673
2144 1190 558
1076 2174 558
611 798 558
113 535 2673
2320 1542 2673
218 1455 2673
115 2452 2673
1587 1314 558
1532 1692 2673
173 1584 2673
1571 929 558
2496 110 558
1760 2486 2673
1132 1288 2673
758 1784 2673
1800 1038 558
1258 825 558
1868 155 558
1968 643 558
1378 1343 2673
967 2293 2673
1495 170 2673
923 2133 2673
1914 171 2673
135 1028 558
487 289 2673
327 1111 558
971 1540 558
1779 1943 558
2244 399 558
957 28 2673
673 1151 2673
2379 281 2673
2001 372 2673
1395 2467 2673
429 1351 2673
1757 1417 2673
383 1590 558
2245 2468 558
1806 2479 558
239 2042 558
362 1779 558
750 119 558
733 1202 558
197 1766 558
1972 1425 558
977 48 558
2057 1464 2673
209 2371 2673
1543 2035 558
2133 1523 558
2131 1806 558
1044 2339 558
1388 1999 2673
662 1668 2673
498 1490 2673
131 793 2673
1857 1137 558
785 1109 558
140 462 2673
2234 639 558
1678 840 558
1991 1072 558
925 1419 2673
186 102 2673
2490 1496 558
543 753 2673
1655 424 558
1619 2 558
2470 2098 558
1885 1560 558
2167 2447 558
2356 1272 558
482 2044 558
172 1060 558
1516 2235 558
829 1794 558
542 273 2673
1340 735 2673
1746 1976 558
261 1632 558
1120 2418 2673
110 1006 2673
1682 1497 558
2019 1535 2673
1112 853 558
1591 1971 558
1957 1489 558
2249 723 2673
2274 1586 558
409 1559 558
291 1737 2673
1791 1446 2673
1781 2038 558
1943 1010 558
171 1250 2673
1105 2104 558
112 1552 558
2126 73 558
570 698 2673
1867 2107 2673
1375 464 558
540 1280 558
1437 1225 558
1869 1925 558
1936 737 2673
551 1325 558
2432 2031 2673
146 997 2673
1319 2208 2673
796 835 2673
636 1114 2673
1644 1942 2673
2357 1092 2673
122 1224 558
1787 487 2673
1715 2234 2673
2049 1081 558
251 1452 558
147 2282 2673
129 2462 558
1929 1002 558
858 1612 558
2349 1128 558
1427 876 558
558 84 558
1726 1762 558
666 418 2673
1298 984 558
1372 526 558
875 1411 558
179 1621 558
1528 2143 2673
812 2489 2673
608 1129 558
237 2248 2673
883 2254 558
1922 747 2673
1435 651 2673
508 1033 558
1565 299 558
837 1967 2673
1742 2470 2673
1897 341 558
751 54 558
2478 2074 2673
221 168 558
1549 1736 2673
2424 2083 558
913 2085 2673
2313 1804 2673
913 2085 558
968 2183 558
1730 2012 558
1750 367 2673
2097 1997 558
318 288 558
107 795 2673
2064 1775 2673
768 2289 2673
1911 1012 2673
1860 917 2673
249 389 2673
1713 1620 558
1603 2448 558
2223 980 2673
153 1983 2673
1930 2312 2673
322 2344 2673
14 495 558
983 2488 2673
1408 939 558
2234 639 2673
37 1161 558
2392 1463 2673
1961 2336 2673
2045 867 558
60 416 558
1168 1430 558
1343 1253 558
1296 2089 558
350 775 558
2073 236 558
1878 636 2673
1 727 558
2033 1047 558
354 623 558
1640 1757 2673
2007 2405 558
2381 516 558
2350 2472 558
2494 951 2673
361 1710 2673
1946 924 558
2012 2287 558
2245 2468 2673
891 2446 2673
2284 1912 2673
2490 1496 2673
988 1675 558
163 2225 2673
136 2416 2673
308 918 2673
1752 1485 2673
280 1682 2673
2395 731 558
696 1777 2673
2456 2116 2673
653 1221 558
1903 320 2673
690 59 558
120 1782 558
1541 1029 2673
179 1621 2673
1933 563 558
2406 1694 2673
1941 2178 558
1124 1697 558
371 351 558
1336 1886 558
2423 1251 558
1165 1599 558
1907 1382 558
411 2319 558
1589 13 2673
699 2425 2673
1168 1430 2673
277 1371 558
2424 2083 2673
2282 2412 558
681 91 2673
2239 2173 558
397 31 2673
1870 92 2673
1851 2062 2673
2361 768 558
731 848 558
1513 1655 558
2335 1922 558
2476 1538 558
2436 46 2673
779 2212 558
1222 1670 558
1888 56 558
1089 2155 2673
1582 1592 558
1122 666 2673
142 2368 558
417 733 2673
2136 1433 2673
752 2106 2673
1299 162 2673
2483 2484 558
1910 493 2673
1791 1446 558
241 1704 2673
1722 2471 2673
2369 1044 558
2348 1014 2673
2248 922 2673
990 480 2673
1327 1819 558
160 413 2673
606 1420 558
2189 1459 558
1724 884 558
227 1860 2673
2373 1067 2673
1774 1745 558
217 842 558
57 414 558
2304 617 558
2407 258 2673
1220 1998 558
2176 1474 558
1096 1758 558
2077 2321 558
1413 565 2673
1349 802 2673
1379 86 2673
714 1637 558
2311 1435 2673
1714 1171 2673
871 2195 558
329 1950 2673
2347 1282 558
1958 650 2673
1403 175 558
1020 738 2673
581 1098 2673
758 1784 558
1482 1088 2673
1645 509 2673
855 1319 558
1575 809 2673
1255 1106 2673
804 2459 558
887 1841 2673
1794 1882 558
1598 1625 2673
1230 429 558
490 1596 2673
2368 2054 2673
1863 1131 558
204 2214 2673
833 471 558
1454 598 558
393 575 2673
2085 837 558
511 2318 558
657 1139 558
1074 1962 558
804 2459 2673
2397 1172 558
2465 2375 2673
1036 1932 2673
1312 2351 558
1895 1789 2673
1797 1614 558
398 880 2673
1037 1961 2673
859 89 558
2032 862 558
488 1755 558
1763 2331 2673
1568 248 558
1271 165 2673
429 1351 558
359 2205 2673
153 1983 558
1544 1669 558
1411 1069 2673
233 1266 558
2101 1186 558
1745 2455 558
2492 751 2673
1511 1722 558
1274 2354 2673
1846 297 558
523 618 558
1444 1649 558
1710 2120 2673
1929 1002 2673
1417 1232 558
1032 858 2673
513 2057 558
903 782 2673
1900 190 558
1756 1911 558
1620 2029 2673
1583 1843 2673
2450 706 2673
1553 1781 2673
2039 1311 2673
1180 2137 2673
372 2434 558
2260 1040 558
737 1613 558
881 2338 558
1651 93 2673
1771 1515 558
1046 778 558
568 2013 2673
1976 868 558
1370 720 2673
1837 466 2673
1858 949 2673
2114 985 558
37 1161 2673
2168 5 2673
2209 1056 558
1716 354 558
2322 2051 558
343 1240 2673
817 449 2673
2485 1367 558
2240 1791 558
170 472 558
997 1665 558
546 156 2673
2111 900 2673
871 2195 2673
1384 1050 558
1163 2130 2673
1554 1634 558
1584 819 558
935 172 2673
1236 1863 558
1917 2273 558
1177 1448 2673
476 1466 2673
2102 1013 558
159 1551 2673
1952 2045 2673
1923 229 558
796 835 558
1580 2241 558
1834 920 2673
1833 2246 2673
2212 125 558
494 1577 2673
774 1990 558
2385 910 2673
922 1646 2673
2446 186 558
367 790 558
448 2109 558
553 739 558
2422 425 558
943 2380 558
1403 175 2673
1286 193 2673
2083 2381 558
2056 1839 558
1467 2185 2673
551 1325 2673
266 1907 558
2140 521 558
1825 805 558
255 2150 558
826 2253 2673
693 1326 2673
1654 1562 558
2425 1423 558
1609 213 2673
1262 870 2673
789 2020 2673
1319 2208 558
1065 585 558
2357 1092 558
2064 1775 558
1668 309 2673
1050 2064 558
76 2272 2673
1114 871 558
896 1356 2673
2205 256 558
1901 138 558
1017 1079 2673
1076 2174 2673
1506 1627 558
2493 950 2673
816 586 2673
724 665 558
899 2036 2673
713 1260 2673
125 337 2673
946 921 558
2213 2166 2673
953 1046 2673
893 2313 2673
553 739 2673
2211 975 2673
1184 1870 2673
559 322 558
1159 661 2673
67 1881 2673
1464 925 2673
522 1126 2673
1007 494 2673
184 2454 2673
1040 1965 2673
685 391 558
422 1813 558
2168 5 558
166 1365 2673
1239 2218 2673
1361 1663 558
1826 195 2673
21 1245 558
1710 2120 558
1764 2102 558
2431 823 2673
1681 1104 558
1660 1875 558
658 1431 558
1429 1701 558
1883 243 558
599 1530 558
1425 2497 2673
1364 2302 558
529 1518 558
130 2163 558
1461 2236 2673
1503 1588 558
1975 2026 558
1866 967 2673
1348 1546 2673
1830 2361 2673
1179 2184 2673
1145 44 2673
1606 959 558
1203 51 558
1086 1566 2673
1377 2259 2673
1169 2328 2673
344 1770 558
1475 2238 2673
1286 193 558
1359 386 2673
145 1286 558
1524 2463 558
1898 1831 558
155 2469 558
1200 1723 2673
2319 2148 2673
2051 693 2673
1256 38 2673
914 146 2673
1451 596 2673
1705 1191 558
1159 661 558
2238 893 2673
1181 379 558
1251 1593 558
1162 98 558
2221 398 2673
485 1937 558
683 1329 558
326 141 558
2113 1208 558
653 1221 2673
1943 1010 2673
886 1484 2673
1834 920 558
1383 1274 2673
1451 596 558
304 1328 558
2222 889 558
1745 2455 2673
1367 24 2673
2072 268 2673
702 1576 2673
1972 1425 2673
1167 1362 558
80 714 558
373 599 2673
2108 1145 558
1735 1149 2673
311 402 558
1186 1080 558
746 822 558
1430 1063 2673
2109 801 2673
2336 960 2673
109 1549 558
1718 1215 558
1143 1567 2673
644 2067 2673
377 879 2673
1494 326 558
2021 2196 2673
1161 247 2673
139 1291 558
841 160 2673
1552 708 2673
699 2425 558
208 1827 2673
1893 371 558
1756 1911 2673
1859 369 558
2414 2177 558
46 158 558
878 456 558
795 328 558
188 2025 558
407 1568 558
205 47 2673
889 1963 2673
514 881 558
199 1653 558
2497 1380 2673
391 131 2673
2010 704 558
1672 806 2673
1563 703 2673
1580 2241 2673
1815 892 2673
1479 1828 2673
465 2359 2673
2183 380 2673
265 331 2673
1542 452 558
148 1017 558
65 1219 2673
2477 507 558
1332 820 558
2109 801 558
781 2215 2673
1512 1308 558
733 1202 2673
2215 334 2673
1660 1875 2673
2208 96 2673
799 1370 2673
810 1554 558
1547 2450 558
1336 1886 2673
1218 2367 2673
1783 1034 2673
936 2443 558
1149 841 558
1287 412 2673
751 54 2673
1402 2144 558
2185 750 2673
2188 2408 2673
928 68 558
1183 1603 558
2413 1878 558
1146 291 558
1064 2358 558
2003 2200 558
1311 564 2673
1242 1467 2673
924 1608 2673
1524 2463 2673
1408 939 2673
552 784 2673
1755 1872 2673
1157 394 558
189 612 2673
489 1279 2673
1616 353 2673
645 531 558
2460 1508 2673
940 317 558
1351 70 558
2250 1372 558
726 259 558
524 1051 2673
1517 53 2673
879 2492 2673
492 672 2673
439 2310 558
2307 1787 558
1500 888 2673
68 2438 2673
1439 572 558
1655 424 2673
1782 2078 558
2476 1538 2673
515 1387 558
434 204 2673
1879 1747 2673
1662 815 558
1520 2093 558
449 1368 2673
905 151 558
985 441 2673
1648 1182 2673
981 1165 2673
1479 1828 558
1676 936 558
2198 657 2673
1173 2180 2673
1339 1039 2673
549 1727 2673
241 1704 558
479 760 2673
1348 1546 558
988 1675 2673
1613 1618 558
56 576 2673
1181 379 2673
1423 1247 2673
71 1026 558
2163 1320 2673
2104 613 558
1123 274 2673
1925 1293 558
418 813 2673
1474 2394 2673
415 2363 2673
556 2406 2673
116 1741 558
1734 1877 558
2032 862 2673
1564 128 558
834 529 558
394 668 2673
1527 2094 2673
463 877 2673
2200 1730 558
2116 1054 558
1134 234 2673
565 644 558
952 302 558
2441 836 2673
1937 1283 558
1229 2125 558
2338 188 558
306 583 2673
585 95 2673
2122 498 558
244 1503 2673
503 118 558
443 504 558
1690 2181 2673
187 973 558
1411 1069 558
549 1727 558
499 1643 558
192 1683 2673
885 849 558
1521 40 558
2409 1070 2673
950 94 2673
45 1753 2673
535 625 2673
1201 1591 2673
1723 2004 558
843 431 558
356 1223 2673
1174 14 558
841 160 558
874 436 2673
632 1871 558
519 2149 2673
236 1979 2673
1363 2165 2673
2451 1764 2673
2148 2229 2673
1878 636 558
2415 483 2673
630 1582 558
774 1990 2673
1149 841 2673
1716 354 2673
1894 208 2673
275 1200 558
901 1502 2673
618 1284 558
1776 2473 2673
1442 1606 2673
375 10 558
1693 1636 558
909 2274 2673
839 1615 558
2089 1883 2673
1958 650 558
1988 298 2673
1640 1757 558
1537 592 2673
2370 1811 2673
1739 1844 2673
9 769 558
1809 253 558
2204 1298 2673
1182 2245 558
2332 1158 558
1805 1135 2673
672 987 2673
1507 1340 558
2437 284 2673
2042 1099 2673
781 2215 558
910 1469 558
709 82 558
1839 807 2673
1930 2312 558
564 1177 558
1852 1424 558
1889 1196 2673
2338 188 2673
175 1263 2673
2405 2187 558
2302 2404 558
1535 1401 558
475 1005 2673
1899 709 2673
736 615 2673
2418 789 558
1572 25 2673
498 1490 558
1048 931 2673
1053 344 2673
220 1928 2673
1001 2221 558
844 2252 2673
1961 2336 558
786 2308 2673
492 672 558
196 2301 2673
623 745 2673
759 2392 558
979 607 2673
211 1477 2673
247 250 2673
1082 1334 2673
54 1235 2673
2301 194 558
1963 558 2673
851 384 2673
1632 2037 558
2312 891 558
2438 1516 2673
521 1986 558
1249 2142 2673
969 1849 558
1179 2184 558
1932 1442 2673
573 473 2673
1553 1781 558
464 2315 558
1662 815 2673
2263 1595 2673
1880 1110 558
1412 792 2673
1585 1457 2673
1908 144 2673
1744 724 558
410 620 2673
1904 400 2673
1902 619 558
856 2340 558
390 307 558
1848 2457 558
1784 2483 2673
283 430 558
1825 805 2673
1265 445 2673
736 615 558
2230 803 558
734 2482 2673
99 1210 558
7 1846 2673
1422 1364 558
968 2183 2673
1429 1701 2673
1183 1603 2673
36 989 558
614 2230 2673
136 2416 558
225 2159 558
2145 755 2673
1717 1476 558
2192 2140 2673
2369 1044 2673
2351 479 2673
1778 2128 558
2002 468 2673
1741 1021 558
2452 2398 2673
1670 943 558
386 765 558
1420 1206 558
1117 844 2673
1284 718 2673
1039 1583 2673
780 2217 2673
40 2108 558
2063 116 2673
29 422 558
1642 701 558
2181 1938 2673
1821 450 2673
72 1058 558
2035 239 558
2419 2164 558
354 623 2673
711 2226 2673
928 68 2673
1111 1254 558
1907 1382 2673
1999 1619 558
2200 1730 2673
149 926 2673
1842 375 558
679 181 558
1637 233 2673
481 2247 2673
622 2240 558
1071 167 558
640 839 558
1101 1299 558
403 993 558
701 2199 558
823 154 558
1455 1406 2673
1917 2273 2673
900 2082 558
973 2306 2673
1108 763 2673
1625 2451 2673
238 503 558
140 462 558
860 1278 558
1590 896 2673
1032 858 558
2254 856 2673
1413 565 558
272 1859 558
2478 2074 558
2458 628 558
706 2307 2673
717 549 558
339 1974 2673
634 933 2673
365 1524 2673
1036 1932 558
1792 1751 2673
1940 1181 2673
1086 1566 558
930 1703 2673
1720 2129 2673
663 178 2673
2175 1400 2673
778 1760 558
2081 1659 2673
1329 1744 2673
1956 357 558
1471 1908 558
991 2152 2673
274 833 2673
1993 3 558
1551 1059 2673
162 539 2673
2030 199 558
254 1825 558
2169 457 2673
1596 759 558
131 793 558
1440 1174 2673
1540 42 558
1247 1739 558
2362 238 2673
1928 448 558
606 1420 2673
2118 1383 2673
929 1231 2673
1246 2058 558
2316 2146 558
370 1153 558
2180 2349 558
2500 444 558
2203 1071 558
284 1852 558
1699 2070 2673
792 1004 558
628 2099 558
2354 1359 2673
2279 1945 2673
813 2342 2673
1135 1248 558
1360 847 558
1743 1685 558
1597 1641 2673
803 1083 558
891 2446 558
1754 1318 558
776 1152 558
1266 649 2673
2467 648 558
2233 1239 2673
775 965 2673
86 216 558
1071 167 2673
1520 2093 2673
999 2324 558
1204 653 558
539 711 2673
1463 1895 2673
2090 2101 558
1971 2494 2673
670 166 2673
815 2493 558
2261 1124 558
2085 837 2673
740 2198 558
456 1633 2673
648 1073 2673
1115 1569 2673
1914 171 558
1379 86 558
1861 2008 2673
2055 1985 558
209 2371 558
1847 860 2673
770 1790 2673
980 999 2673
28 1509 558
1307 1951 2673
1459 1666 558
1349 802 558
2050 685 558
294 1667 2673
1342 300 2673
2129 252 2673
42 1352 558
1491 1096 558
267 381 558
2362 238 558
682 2066 558
1966 1384 2673
1790 1294 558
1128 2356 2673
2274 1586 2673
1497 1635 2673
2160 2202 2673
138 2065 558
413 2415 2673
90 562 2673
689 1759 558
2090 2101 2673
1969 19 558
853 977 2673
608 1129 2673
1700 1575 558
561 1001 2673
1029 581 558
818 1840 2673
2006 1988 2673
760 1820 558
2384 78 558
2092 2460 2673
1994 212 558
1812 1862 2673
2343 1815 558
2421 1982 2673
1649 545 558
2444 2210 2673
181 2015 2673
2011 2377 558
570 698 558
1635 1312 2673
488 1755 2673
2065 2121 558
360 1996 558
906 710 2673
538 1045 558
1892 1900 558
1353 690 558
1244 2103 558
1647 601 558
2144 1190 2673
787 1416 2673
2398 890 558
1099 1713 2673
2174 1698 2673
1982 1243 2673
2018 1499 558
1510 2077 2673
2037 742 558
2017 622 558
1400 152 2673
2314 329 2673
1944 1803 2673
2133 1523 2673
2112 699 558
2298 1557 558
798 2475 2673
2371 864 558
1443 2022 558
1750 367 558
199 1653 2673
873 1396 2673
1195 667 558
872 1598 2673
677 1661 558
1711 2021 2673
995 1179 2673
1235 2266 558
635 180 558
1951 366 2673
1659 872 2673
1005 1421 558
2340 423 558
1733 2461 558
2464 34 2673
1093 446 558
2246 2243 2673
2253 1874 2673
2276 1144 2673
2486 1355 558
1567 826 558
1205 2220 2673
1366 660 2673
552 784 558
797 2481 2673
704 1019 2673
569 1510 2673
454 897 558
379 1765 2673
1347 241 558
822 2100 2673
641 2396 558
845 2080 2673
1044 2339 2673
748 61 2673
2226 2147 558
1618 319 2673
105 103 558
1622 1324 2673
424 932 2673
2423 1251 2673
1892 1900 2673
1255 1106 558
452 1077 2673
1775 1876 2673
1505 1926 558
839 1615 2673
1884 2355 558
2400 608 558
573 473 558
1488 567 2673
1636 873 2673
697 69 558
1837 466 558
2497 1380 558
731 848 2673
2150 1680 2673
423 1689 2673
2171 602 558
23 2161 558
285 1229 2673
957 28 558
270 192 558
2417 1268 558
470 113 2673
482 2044 2673
2049 1081 2673
722 1064 2673
1738 345 558
1967 1214 558
1664 595 558
579 1156 558
2087 1570 558
1612 771 2673
947 1000 2673
31 852 558
1857 1137 2673
309 655 558
24 861 558
463 877 558
2149 671 558
963 321 558
722 1064 558
166 1365 558
965 2410 558
2408 909 2673
172 1060 2673
590 2039 558
1865 435 2673
625 2179 2673
1367 24 558
2259 1408 558
137 2403 558
1029 581 2673
745 1305 2673
332 2262 558
1481 1769 2673
2442 1195 2673
2418 789 2673
1459 1666 2673
275 1200 2673
1235 2266 2673
1283 2343 558
2220 1919 2673
511 2318 2673
282 1864 558
1214 818 2673
1057 1980 2673
1054 411 2673
700 2204 558
437 1207 2673
989 20 558
1789 432 558
8 764 2673
1026 1170 2673
185 654 2673
1635 1312 558
1843 75 2673
714 1637 2673
2329 2383 558
2041 1184 2673
1952 2045 558
348 2279 2673
1052 355 558
2499 1750 2673
2037 742 2673
2162 953 558
216 1691 2673
2402 1036 558
1085 979 2673
1288 2193 2673
2130 1434 2673
1462 1861 558
1178 2268 2673
2341 209 558
1151 1740 2673
1233 908 2673
2181 1938 558
1313 1159 2673
2242 198 2673
2432 2031 558
368 824 2673
25 1977 2673
665 1495 558
719 1772 2673
2271 629 558
2353 800 2673
676 1373 2673
969 1849 2673
1382 729 2673
2263 1595 558
1213 2216 2673
2382 211 558
961 1679 558
908 57 558
1947 726 558
2000 1426 558
1591 1971 2673
220 1928 558
2268 964 558
956 2466 2673
546 156 558
1322 406 558
2454 408 2673
1712 338 558
831 1711 2673
1760 2486 558
2489 1032 2673
82 966 2673
2364 1241 558
1790 1294 2673
898 2000 558
1974 537 558
1719 875 2673
1605 1441 558
1694 349 558
1252 817 2673
234 2206 558
333 228 2673
983 2488 558
1051 1398 2673
1703 1888 2673
2267 153 2673
1317 673 558
1610 32 558
323 554 558
1366 660 558
2231 1222 558
809 2325 558
712 220 558
1151 1740 558
351 358 558
1074 1962 2673
2088 323 558
1980 1913 558
805 972 558
692 365 558
235 799 558
1164 388 2673
516 2288 2673
89 442 558
1240 255 558
1389 1578 558
1928 448 2673
755 2426 2673
1409 2201 2673
667 1187 2673
1537 592 558
1706 2264 558
1909 1399 558
1919 1771 558
2059 1930 2673
831 1711 558
277 1371 2673
2223 980 558
1518 315 558
1335 1536 2673
299 1118 2673
1354 478 2673
2411 1574 2673
64 1492 558
958 2478 558
1425 2497 558
352 1146 558
2281 183 2673
808 542 558
282 1864 2673
1045 1237 558
1545 496 2673
1187 681 2673
2093 1795 558
12 748 2673
2415 483 558
754 1011 558
2311 1435 558
2267 153 558
1199 1808 2673
1490 266 2673
1220 1998 2673
1747 260 558
674 1428 2673
560 1705 558
1130 1391 2673
330 451 558
610 1078 558
708 1074 2673
1273 2043 2673
1410 1901 558
15 1444 558
997 1665 2673
654 533 558
408 705 558
622 2240 2673
1436 1601 558
151 1082 2673
1796 1258 2673
414 203 2673
1300 587 2673
222 35 2673
1289 725 2673
376 1671 2673
1490 266 558
2069 2480 558
1758 64 558
1397 678 2673
971 1540 2673
1227 1991 558
1081 184 2673
271 120 558
206 1761 2673
756 1332 2673
2463 308 2673
1434 2197 2673
459 605 2673
1759 1 558
550 26 2673
1306 1150 558
102 2019 558
1113 2449 2673
820 1257 2673
273 2023 2673
1899 709 558
1182 2245 2673
1434 2197 558
320 1333 558
1816 1327 2673
2403 1393 2673
1748 1347 2673
1799 940 558
2194 1768 558
231 2071 2673
604 2316 558
2187 49 2673
1422 1364 2673
1142 1105 2673
9 769 2673
317 1203 558
1677 2258 558
664 1388 558
2256 2048 558
2115 519 558
2089 1883 558
1675 1234 2673
589 2250 2673
964 646 2673
1820 2299 558
873 1396 558
1098 41 558
1216 2072 2673
1954 1676 2673
1460 687 2673
80 714 2673
897 544 558
645 531 2673
1056 1597 2673
2235 1845 2673
817 449 558
1161 247 558
1860 917 558
728 1756 2673
716 453 2673
1538 1119 2673
2344 1699 558
1623 1339 2673
73 2441 558
2354 1359 558
541 1413 2673
1813 2040 558
2062 29 558
1978 22 558
846 177 558
1992 1313 558
1380 1244 558
562 37 2673
974 2387 558
54 1235 558
961 1679 2673
683 1329 2673
952 302 2673
899 2036 558
2363 1330 558
948 935 2673
1674 1246 2673
2206 361 2673
1905 1236 2673
526 127 558
681 91 558
2004 201 2673
478 988 2673
1463 1895 558
1350 1797 2673
1144 1778 2673
6 1785 558
39 1873 2673
469 407 2673
245 1483 558
98 1273 2673
844 2252 558
1385 1470 2673
364 2270 558
1509 376 558
800 2374 2673
1170 1097 558
1354 478 558
421 958 2673
554 1386 558
138 2065 2673
2323 1700 558
2495 2059 558
1324 1178 558
336 915 558
1404 2382 2673
2250 1372 2673
917 911 2673
1102 1341 2673
61 553 2673
2142 785 558
2190 1571 558
1579 2092 558
1153 1201 558
1313 1159 558
1136 741 558
2033 1047 2673
1328 1855 2673
2394 62 558
2079 1220 2673
1681 1104 2673
1009 1167 2673
1938 857 2673
424 932 558
123 658 2673
1632 2037 2673
840 237 558
915 788 558
2146 513 2673
124 1113 558
1033 459 558
1347 241 2673
399 2421 2673
926 2413 2673
1460 687 558
2278 838 558
1373 1793 558
1441 1944 558
1966 1384 558
1780 81 2673
1664 595 2673
1268 527 558
1219 1100 2673
814 4 2673
2297 2151 2673
126 551 2673
522 1126 558
1748 1347 558
1068 652 558
642 1418 2673
2175 1400 558
707 2141 558
1338 1095 2673
458 1906 558
938 359 2673
740 2198 2673
1399 1350 558
243 2263 2673
1519 1916 2673
607 1809 2673
357 907 2673
735 773 558
322 2344 558
765 45 558
1024 1211 558
67 1881 558
2334 368 2673
682 2066 2673
933 325 558
1420 1206 2673
93 2053 2673
1153 1201 2673
1268 527 2673
279 1035 558
2031 1422 2673
1261 828 2673
1626 2305 2673
1838 112 2673
1241 100 2673
1204 653 2673
470 113 558
1116 1796 558
1489 262 2673
1254 1833 558
2318 1366 558
1801 808 558
779 2212 2673
2287 1702 2673
2127 2227 558
213 2135 2673
1619 2 2673
2139 1805 2673
419 1836 558
461 688 2673
408 705 2673
986 662 558
1739 1844 558
2321 1869 558
2182 1443 2673
560 1705 2673
536 2027 2673
1392 1238 558
2038 2156 2673
664 1388 2673
1689 1256 2673
1530 2292 2673
1050 2064 2673
2069 2480 2673
1981 378 558
147 2282 558
743 767 2673
1504 2399 558
2035 239 2673
1223 787 558
2086 327 2673
21 1245 2673
340 2370 558
339 1974 558
686 2329 2673
878 456 2673
2325 352 558
104 604 558
1964 1519 2673
516 2288 558
1208 1958 558
210 1062 558
2294 611 2673
1156 2409 558
1638 603 558
2001 372 558
1297 1468 2673
211 1477 558
1148 1281 558
1405 1662 2673
1856 1066 2673
1505 1926 2673
617 952 558
249 389 558
1291 1465 2673
440 1899 2673
2251 901 2673
431 1378 558
401 874 558
625 2179 558
2184 1732 2673
1123 274 558
1666 1555 2673
1994 212 2673
180 1480 558
1887 1830 2673
1021 904 558
2482 1754 558
1078 2034 2673
26 2009 558
281 1217 558
378 2088 2673
2435 2086 558
1855 109 558
532 200 2673
1767 1829 558
2051 693 558
1415 1472 558
321 1800 2673
1279 463 558
2169 457 558
1011 1136 2673
178 2119 2673
1666 1555 558
679 181 2673
1773 2075 558
1694 349 2673
113 535 558
2102 1013 2673
1566 1486 558
2446 186 2673
1539 1894 558
537 971 2673
269 383 2673
2327 614 558
2 1127 2673
141 1087 2673
507 60 2673
1104 443 558
2479 454 2673
1706 2264 2673
244 1503 558
2469 1981 2673
1981 378 2673
1979 1858 558
1357 2464 558
1670 943 2673
380 189 2673
619 887 2673
177 1154 2673
1150 1707 2673
1926 2124 2673
1028 1506 558
2247 2433 558
1884 2355 2673
1234 1910 558
1236 1863 2673
173 1584 558
1991 1072 2673
81 2393 558
1147 276 558
2393 1285 558
1392 1238 2673
1661 2401 2673
2152 1117 558
874 436 558
446 2414 558
2158 895 558
1864 254 558
289 1037 2673
152 7 2673
2346 133 2673
1920 1310 2673
19 2257 2673
496 2335 558
1065 585 2673
16 1461 2673
2348 1014 558
1466 1437 2673
1126 1639 558
1824 142 2673
510 1917 558
587 1717 558
1629 2191 2673
394 668 558
593 23 2673
497 245 558
1345 744 558
1658 859 558
502 2123 558
771 590 2673
1472 954 558
938 359 558
592 811 2673
2487 1030 558
200 865 2673
1047 1735 2673
2305 1816 2673
2165 2346 558
1285 2016 2673
248 978 2673
1908 144 558
561 1001 558
144 2384 558
540 1280 2673
1369 2444 558
691 1972 558
478 988 558
2382 211 2673
2125 882 2673
2277 1672 2673
1069 2237 558
2141 1956 2673
991 2152 558
242 2386 558
2295 489 558
554 1386 2673
2499 1750 558
761 2005 558
290 1289 558
2323 1700 2673
1198 270 558
1581 1093 558
1499 937 558
1593 499 558
1711 2021 558
443 504 2673
2067 2169 2673
2479 454 558
870 783 558
30 2188 2673
104 604 2673
1409 2201 558
1557 1403 558
446 2414 2673
169 676 2673
750 119 2673
2321 1869 2673
1243 271 558
897 544 2673
840 237 2673
1146 291 2673
2236 1915 558
1536 1031 558
1829 1897 2673
618 1284 2673
1294 1902 2673
2401 362 558
541 1413 558
475 1005 558
395 488 2673
2016 1494 2673
212 1259 2673
762 74 2673
2459 2311 2673
900 2082 2673
1564 128 2673
2193 532 2673
1570 843 558
185 654 558
2397 1172 2673
2364 1241 2673
1731 1390 2673
334 1539 2673
187 973 2673
1557 1403 2673
2473 1317 2673
2390 1271 558
171 1250 558
2217 1336 2673
1424 1556 2673
2383 1511 2673
939 1102 2673
1534 546 558
596 1848 2673
1657 1267 558
2262 409 2673
728 1756 558
772 2456 2673
1154 1199 2673
5 374 558
2299 1103 558
1788 2445 558
229 1686 2673
1777 137 558
1840 2113 2673
1701 664 2673
40 2108 2673
404 348 2673
832 2429 2673
1567 826 2673
1988 298 558
2034 1719 558
2347 1282 2673
760 1820 2673
2155 1776 558
2229 1847 558
720 333 2673
2215 334 558
1759 1 2673
2121 1429 2673
221 168 2673
2038 2156 558
1613 1618 2673
2125 882 558
1913 419 558
2378 27 2673
598 1460 558
2472 1528 558
334 1539 558
1214 818 558
1803 2388 558
1740 226 558
1453 1724 2673
2040 1550 2673
1158 2389 558
2009 497 2673
259 1624 2673
727 1427 558
1601 1547 2673
2147 1920 558
2467 648 2673
2270 58 2673
1326 1354 558
191 1322 558
517 1525 2673
1569 1537 2673
422 1813 2673
1600 231 2673
1295 1835 558
1873 235 2673
2387 1645 2673
550 26 558
1302 591 2673
1637 233 558
89 442 2673
63 1303 558
161 148 2673
1717 1476 2673
2108 1145 2673
1173 2180 558
512 214 2673
1808 743 2673
1154 1199 558
2061 1929 2673
1276 1994 2673
1499 937 2673
43 597 2673
567 1748 558
1248 121 558
703 1175 2673
414 203 558
996 1580 558
2044 2490 558
1630 1140 558
923 2133 558
85 781 2673
557 928 2673
1708 117 2673
1176 340 558
472 222 558
489 1279 558
2047 264 2673
708 1074 558
1351 70 2673
1303 1914 558
1030 634 558
2265 2395 2673
1515 1395 558
1950 1918 2673
2204 1298 558
1546 645 2673
1194 1269 558
2082 2138 2673
358 548 558
368 824 558
591 1055 2673
861 2330 558
753 420 2673
584 1439 2673
890 1189 558
288 730 2673
641 2396 2673
1435 651 558
644 2067 558
1856 1066 558
1042 2278 558
2401 362 2673
372 2434 2673
1983 1197 2673
1443 2022 2673
773 722 558
730 1462 2673
2301 194 2673
1025 663 2673
966 1947 558
992 2373 558
1476 1780 2673
392 286 2673
857 981 2673
16 1461 558
2228 616 558
2120 196 558
940 317 2673
1896 2084 558
2468 994 2673
454 897 2673
1862 1357 2673
1462 1861 2673
33 1108 558
898 2000 2673
1960 1414 558
343 1240 558
1543 2035 2673
2331 2105 558
727 1427 2673
1810 1824 2673
1948 1810 558
2106 330 558
901 1502 558
1656 1924 2673
1341 2496 558
1094 77 558
1394 640 2673
2363 1330 2673
1043 269 2673
134 635 2673
1522 232 2673
615 2323 558
1705 1191 2673
2295 489 2673
1469 173 558
687 1604 558
919 1749 558
1823 261 558
579 1156 2673
1233 908 558
744 1936 2673
1431 458 558
501 903 2673
1194 1269 2673
1049 1498 2673
71 1026 2673
1620 2029 558
887 1841 558
2120 196 2673
2019 1535 558
2114 985 2673
1607 318 558
1962 1607 2673
1125 2275 558
1571 929 2673
1166 1049 558
2342 642 2673
1746 1976 2673
1924 524 558
17 1521 2673
828 1814 558
2396 2223 2673
314 1349 558
1453 1724 558
2410 1141 2673
363 343 2673
863 559 2673
1193 2362 2673
309 655 2673
2430 1792 558
1333 1823 558
490 1596 558
2273 1296 558
1778 2128 2673
2137 2400 2673
1906 1726 2673
2062 29 2673
69 1233 2673
846 177 2673
2161 1449 2673
951 691 2673
2132 1904 2673
391 131 558
349 508 2673
2273 1296 2673
2170 961 2673
537 971 558
2436 46 558
2214 1543 2673
2416 2228 2673
240 1817 558
2365 990 558
2138 1989 558
1205 2220 558
1795 277 2673
44 886 558
2155 1776 2673
450 1168 558
1512 1308 2673
47 18 558
1000 902 558
1389 1578 2673
257 1130 558
628 2099 2673
2465 2375 558
406 1644 2673
2105 332 558
2061 1929 558
97 530 2673
2302 2404 2673
1120 2418 558
2460 1508 558
718 484 558
2337 1410 2673
1407 846 558
646 1227 558
669 906 558
500 1008 558
27 1188 558
739 2224 2673
2403 1393 558
1239 2218 558
649 438 2673
148 1017 2673
200 865 558
331 1300 2673
2445 2001 2673
1647 601 2673
1174 14 2673
2462 2170 558
230 2327 2673
2046 1147 2673
1371 294 2673
1496 1262 2673
1650 1589 558
2119 1346 558
2391 2175 2673
2448 16 2673
1289 725 558
144 2384 2673
247 250 558
494 1577 558
2164 246 2673
1010 2010 558
45 1753 558
1766 1893 558
555 147 2673
896 1356 558
426 633 2673
2264 991 558
344 1770 2673
2481 878 2673
808 542 2673
1226 1194 558
1699 2070 558
1012 2453 2673
1773 2075 2673
1212 1799 558
1629 2191 558
1278 2171 2673
786 2308 558
301 2372 2673
958 2478 2673
1646 1581 558
1937 1283 2673
1803 2388 2673
675 123 2673
710 2127 2673
2285 1016 2673
1498 721 2673
652 689 2673
1795 277 558
1304 2003 2673
2098 682 558
1893 371 2673
2161 1449 558
612 2283 2673
2227 1345 2673
1921 2194 558
1507 1340 2673
1915 752 2673
2233 1239 558
632 1871 2673
238 503 2673
1136 741 2673
5 374 2673
2420 1173 558
2330 573 558
1612 771 558
741 2326 2673
1450 1728 2673
1190 1733 558
949 2176 2673
746 822 2673
1473 1085 2673
1975 2026 2673
620 1887 558
346 1955 558
1528 2143 558
1376 1880 558
613 1264 2673
1673 1302 2673
1432 1025 2673
520 1155 558
867 218 558
2286 946 558
941 2333 558
864 1053 2673
1836 2167 2673
2474 1885 2673
1573 490 558
156 938 558
302 292 558
2106 330 2673
2449 812 2673
1361 1663 2673
2471 2334 2673
1526 1143 558
2111 900 558
338 914 2673
576 1594 558
2331 2105 2673
2192 2140 558
916 2114 2673
584 1439 558
1318 363 2673
117 310 2673
96 2432 558
1510 2077 558
347 1879 2673
1356 43 2673
964 646 558
1089 2155 558
1038 1369 2673
661 2366 558
904 257 558
1531 796 2673
312 225 558
1569 1537 558
1977 1553 558
656 1706 558
2255 2052 2673
1138 1316 2673
2207 2041 558
1606 959 2673
764 265 2673
1199 1808 558
830 502 2673
1315 1512 2673
562 37 558
72 1058 2673
677 1661 2673
744 1936 558
1088 697 2673
881 2338 2673
2417 1268 2673
1330 770 558
517 1525 558
94 278 558
1251 1593 2673
1106 683 558
191 1322 2673
1631 550 2673
1426 2285 2673
921 1952 558
1544 1669 2673
1614 1656 2673
2084 1360 558
534 968 2673
99 1210 2673
383 1590 2673
556 2406 558
977 48 2673
1766 1893 2673
38 512 558
582 1678 2673
2392 1463 558
1455 1406 558
296 76 2673
1785 197 2673
11 2423 558
642 1418 558
1477 1487 2673
198 1721 558
307 313 558
134 635 558
2094 2277 558
586 2337 558
447 1249 558
1802 467 558
342 1112 558
1240 255 2673
509 163 2673
291 1737 558
1466 1437 558
1556 1623 2673
565 644 2673
1995 1501 558
1060 1440 558
934 1120 558
1874 1647 558
1747 260 2673
417 733 558
2317 2261 558
151 1082 558
1618 319 558
2097 1997 2673
1260 577 2673
2099 2192 2673
1639 150 2673
1535 1401 2673
2293 1714 558
2042 1099 558
2028 360 2673
467 126 558
300 1166 2673
1160 2458 558
767 1865 2673
1021 904 2673
2211 975 558
1445 758 2673
1178 2268 558
504 1798 2673
1110 580 558
389 942 558
1433 2378 2673
218 1455 558
2298 1557 2673
775 965 558
918 1854 2673
2031 1422 558
1545 496 558
587 1717 2673
619 887 558
1257 1949 2673
377 879 558
1585 1457 558
2272 2006 2673
81 2393 2673
2275 1891 558
2377 736 558
1436 1601 2673
495 2364 558
1100 1826 558
2480 631 558
1164 388 558
607 1809 558
2439 65 558
1683 832 558
1874 1647 2673
1414 923 558
504 1798 558
