1
2532 4998
755 179 3018
557 2081 3226
755 965 137
557 1155 2100
755 886 4559
1890 634 508
557 323 4009
755 2214 4715
557 2495 3719
755 1144 2400
1881 557 515
755 1258 3674
755 460 4264
755 2112 2206
166 634 3009
2419 634 4619
416 557 1059
557 1242 1482
371 557 2458
857 557 2166
1003 557 1885
755 670 4599
1476 634 2825
755 1867 2704
557 2177 2165
1639 557 4633
755 503 1459
1810 557 3303
557 412 3163
557 830 2594
2113 634 533
1754 557 4700
1461 634 1727
755 880 1236
557 720 1024
716 634 4283
557 1935 2024
1551 557 2657
916 634 4431
1936 557 512
2499 634 1456
723 557 1959
557 2266 10
80 634 4295
557 203 3819
1962 557 979
755 359 1400
521 557 2633
755 2406 2311
1171 634 1946
603 634 4190
670 557 114
934 755 4174
755 205 2263
557 2138 3862
557 1436 3054
573 634 4812
557 2178 4690
755 978 2119
557 932 3733
755 86 4430
755 1802 2861
2177 634 972
755 1817 305
557 204 4039
755 2281 2310
557 862 613
1436 634 579
2050 557 1546
2306 557 844
1951 557 108
185 557 2984
557 763 2761
1467 634 443
755 2328 221
336 634 1687
2496 557 2610
755 170 4965
755 1350 929
755 434 3530
1883 557 941
557 563 3460
2371 634 4998
2439 557 145
755 1581 3303
759 634 4306
684 557 3866
557 1408 3585
557 1033 864
557 2257 1829
557 2120 3277
555 634 4029
2254 634 1072
557 1322 2838
557 1662 2386
557 726 3625
1901 634 901
1172 557 2382
2045 634 4886
755 1903 694
755 1512 314
144 634 4825
1651 557 2769
1873 634 2804
773 634 3873
557 1334 1865
1669 634 3553
1988 557 309
158 634 2140
557 784 4496
755 393 1579
1363 557 3994
1479 634 4629
755 1744 57
755 1520 1415
557 19 1136
755 989 2874
67 634 3098
1911 634 2512
2053 557 3886
755 2360 2477
2485 634 4822
1399 557 3922
1370 634 808
755 1667 212
557 347 1122
557 1648 3773
1861 557 4645
637 557 1646
2374 557 2371
1373 557 2601
2152 557 207
1041 557 998
1200 634 3674
755 1474 1577
755 2489 3437
27 634 4540
755 312 3504
1102 634 3708
557 2267 4575
755 606 1021
557 747 4990
755 2476 4899
1658 557 953
372 634 4281
557 1560 1480
765 634 990
557 867 487
1755 634 3192
755 2481 1830
755 2251 4599
1756 557 3941
557 305 4396
745 634 3569
755 338 4509
755 2183 382
2502 634 4236
720 634 1387
557 1183 646
755 1537 2197
557 1134 55
557 987 2206
557 1010 2167
755 1971 2464
755 472 1175
557 2402 2305
557 2304 4737
117 557 4681
48 557 570
557 725 263
755 168 2061
755 118 4947
2153 557 27
755 692 3155
557 1884 4432
755 876 1734
2266 634 3039
557 893 3527
973 634 3906
755 1680 1516
755 517 3795
2402 634 2892
755 509 2860
755 1381 1675
1505 634 79
557 1952 1178
481 634 2390
1341 634 3301
799 557 4158
1416 634 3030
755 50 2104
809 634 2385
557 696 4723
2389 557 4945
755 629 599
1534 634 498
286 634 4167
755 1427 3782
709 557 2657
755 2308 4260
375 557 3849
755 1109 2774
557 2231 4859
755 2357 4394
1728 557 1240
755 1327 4330
755 1542 2622
1625 557 1337
2249 557 1710
755 857 4205
980 634 3974
1365 557 2431
557 533 3469
755 1362 2232
557 1418 2305
755 515 4870
1930 557 319
755 1756 2186
557 2184 147
557 378 2996
557 1727 1334
557 248 54
1464 557 3088
636 634 2525
557 1243 883
107 557 4641
278 557 3386
979 557 4467
557 1265 1907
557 519 4235
755 1899 2834
557 1075 4511
287 634 4876
755 1384 3466
1123 557 2736
755 1056 27
755 1415 2474
1441 557 3651
557 1535 4543
755 870 1927
557 945 55
325 557 3507
557 217 2307
558 557 564
557 1773 4358
557 2027 1662
550 634 168
755 2358 3910
763 634 1798
634 72 3151
755 1462 3483
755 106 2872
755 439 1737
557 1978 2628
557 2163 1020
2521 557 2379
928 557 4458
524 634 1124
2077 557 4397
755 1235 1961
1028 634 291
1927 557 796
755 4 4488
2332 557 3339
755 1285 38
2132 557 3236
557 163 1206
755 1721 1588
657 634 4879
1149 634 4537
1736 634 4859
755 1663 3232
1201 634 4527
1604 634 3008
2199 557 1761
755 2082 4844
2418 557 196
55 557 791
510 634 4275
591 634 1467
755 1916 4181
367 634 4317
557 624 576
557 1498 1771
1989 557 4080
1735 634 4769
1122 557 3214
480 634 497
2380 634 936
755 47 4920
755 290 894
755 1708 1990
557 724 1192
557 216 852
557 95 792
557 1145 4366
2433 634 4189
557 266 1907
1129 634 2985
2473 634 2199
57 557 2790
755 1466 3474
139 634 2098
557 641 1760
520 557 4726
201 557 2704
755 605 2785
755 2320 862
95 634 905
2255 557 3996
1264 634 4591
448 634 4870
2264 557 4265
755 2278 3056
755 1717 2657
293 634 4836
557 2109 4472
557 74 2680
579 634 3358
1762 634 2880
138 755 3477
1394 634 421
557 1832 2780
557 1837 658
557 957 1689
755 2232 2664
556 634 1032
755 1625 3769
1353 634 4504
557 1355 4614
1304 557 453
557 345 2454
557 231 1349
504 634 4982
626 557 448
557 2207 4713
755 500 235
1598 557 4553
755 165 1111
557 1980 1746
1407 634 1159
2348 557 2566
755 2173 1823
755 432 1317
557 1768 1460
557 1688 4790
557 188 4004
960 634 4481
938 557 3273
755 983 4522
557 1254 1879
2122 557 4951
557 1405 762
1504 557 2653
634 121 2871
755 1780 3240
1242 634 1990
1970 634 874
557 562 3761
2009 557 2867
309 634 3818
755 1463 811
1036 634 4146
2128 634 283
755 694 363
1235 557 1815
1916 557 1591
755 296 2759
755 1554 3106
2303 557 3263
993 557 693
755 1786 2250
557 660 3333
900 557 1866
755 2139 3768
15 634 3424
755 404 941
277 634 3964
2486 634 1713
557 2043 212
355 634 1535
1038 634 3548
2403 634 4634
381 634 2306
2091 557 3300
557 680 1112
1325 634 939
1212 634 3662
621 634 3269
557 1871 780
755 1865 198
755 1262 3811
2065 634 4607
755 1997 1632
2005 557 680
557 1458 2084
755 1367 4272
755 180 3680
263 634 792
191 634 1203
557 1085 1846
1398 634 3435
303 634 2822
429 557 3662
557 739 1537
557 2198 863
557 707 1429
557 146 566
557 388 3580
1286 634 2317
2262 634 1309
363 634 3065
2156 557 2765
1721 557 1282
557 2288 3910
557 1803 1826
557 2454 175
1869 634 4525
758 557 4334
953 634 2457
1937 557 2166
1737 138 3258
2415 557 4170
557 2019 3782
557 2394 1377
2219 557 1728
9 634 2441
557 363 2906
2282 634 3372
1528 634 2122
557 1216 2049
1473 634 4233
880 557 1417
557 1985 1733
557 219 3171
601 634 209
981 634 2854
1120 557 4580
755 812 317
755 915 3657
557 122 2836
557 1176 4453
557 1623 718
600 557 3052
2345 557 4196
1075 634 1329
1751 634 92
1277 634 4305
302 634 460
755 815 2675
50 557 4152
557 2526 3341
755 644 4663
755 846 335
557 1898 3547
557 2419 640
557 433 1714
755 1496 622
557 336 57
557 2399 110
755 1777 1868
1284 557 985
2129 557 2407
755 1961 1151
1257 634 3995
1731 634 3416
557 1843 4470
755 342 1327
557 270 2039
406 557 1163
557 852 1416
557 1637 4490
755 2296 2055
1706 634 4354
557 949 3099
1283 557 2324
1826 634 577
755 1846 4429
317 634 1273
1274 557 556
2309 634 196
557 49 81
557 988 566
755 2295 395
2105 634 270
755 662 1556
2363 557 1236
557 2155 3927
755 2429 654
755 1983 622
755 1526 1638
1447 634 345
557 1928 4409
755 2356 3605
557 2301 2219
2510 634 4956
557 2475 2418
338 557 711
557 895 4899
1732 634 1227
755 1794 3231
1372 557 3346
557 1103 2574
557 2026 1817
557 1779 2786
755 1615 3599
557 513 2566
748 557 1509
1548 634 3805
557 887 2779
308 634 3620
1824 557 729
1620 138 3512
557 331 3194
1329 557 2069
557 863 2093
755 1578 4117
488 634 3860
1958 634 977
557 1549 802
755 728 2027
1691 634 4588
292 634 3276
1446 634 3687
1609 634 2866
755 107 3660
1686 634 2891
557 1157 1934
2012 634 2654
755 1989 148
557 752 1926
755 803 518
755 923 3676
557 1704 1204
1487 557 2630
389 634 2586
2528 634 3421
1400 557 2755
557 1838 2219
378 634 4755
557 1959 1829
962 557 382
557 1240 3340
2204 634 2331
557 2179 397
755 1442 4078
755 1976 691
557 307 3072
755 671 1061
2183 557 4272
509 557 2356
1549 634 4972
755 1761 580
1438 634 2708
2047 557 1851
2239 557 3577
2196 755 3640
557 1238 259
1117 634 1294
1111 634 3070
1260 634 1211
2449 634 4998
755 1365 4873
557 104 2971
75 557 2532
61 557 1495
557 874 3373
124 557 3534
761 557 3864
755 2263 4990
557 1306 1500
557 1576 2249
2025 634 1171
755 2145 2947
1952 634 4825
1771 634 539
2480 557 3490
557 871 576
755 622 1490
62 634 4341
755 2524 2148
755 2405 752
755 1897 4028
557 2275 1533
1380 557 2523
557 2174 4189
557 2457 160
557 1673 2187
755 2212 3349
525 557 560
557 2007 130
557 652 3642
172 634 2165
655 634 3581
1897 557 901
755 94 1171
557 1966 4160
557 1277 3967
557 657 476
1940 557 4281
2487 634 1114
557 2509 1887
755 2203 2020
135 634 1384
557 1942 2295
1043 634 2646
695 634 2819
1794 557 870
1725 634 3613
677 557 1120
557 299 2751
557 2473 4831
557 514 479
2017 557 2038
755 2129 2526
755 105 4923
1248 634 4859
557 1610 3662
2335 634 580
1265 634 2508
1312 634 3901
557 2498 4399
561 634 4290
557 2052 821
755 732 50
571 557 577
755 2159 3024
2126 634 195
755 2396 4062
557 1371 1560
755 2416 2394
755 66 3053
755 1147 2897
676 634 1985
708 557 1574
85 634 17
1157 634 4802
404 557 4025
1278 557 443
1368 557 3461
1797 634 4884
1879 634 1386
690 557 1279
2288 634 2092
686 557 122
1742 634 2252
755 1931 2356
622 557 608
1290 634 679
755 675 899
2070 557 2118
1023 634 727
557 877 4617
578 634 27
755 699 2825
2033 557 2476
2472 557 1780
162 634 4827
755 1207 4761
2445 634 1392
1649 634 1685
2224 557 2739
755 548 2491
557 1710 1062
557 1657 2007
205 557 1535
1170 634 4571
755 1349 495
557 705 492
557 2056 2602
479 634 1847
755 1481 3680
755 686 3951
557 1111 2944
548 557 3650
557 1029 3928
755 587 858
755 1328 1603
1039 557 4841
557 1404 3886
557 1665 3466
1269 634 2041
1912 634 2747
755 908 2087
557 948 4238
628 557 3092
250 634 4408
473 634 3116
868 634 2183
978 557 2953
755 1653 1804
1163 557 822
474 557 3546
755 1733 4692
646 557 1133
2081 634 3422
755 1650 3220
1961 557 3084
755 2225 1021
755 456 2022
2482 557 882
557 534 601
1448 557 1371
1710 634 4303
557 1320 2291
98 634 2671
290 557 3439
557 2516 789
1865 557 2126
557 700 1863
262 634 479
557 443 4972
2471 557 121
933 557 2760
755 1441 634
755 1987 2963
785 557 3063
557 295 959
755 1532 625
132 634 3419
755 1730 2105
2394 634 3986
228 634 1597
557 1290 3432
557 10 3847
1321 634 2820
755 340 1125
755 1360 4077
79 634 768
1168 634 316
2068 634 2063
717 557 2734
755 2374 3189
755 2515 2488
755 1027 581
2109 634 3314
755 175 1644
2244 557 3237
557 1252 4281
755 1059 4231
901 634 2087
557 144 2561
2320 557 4590
1068 634 199
360 557 2174
557 2490 3243
557 1941 4476
2111 557 4980
557 1102 1643
1401 557 1366
755 1951 192
1347 634 2092
1617 557 2529
365 634 3030
557 234 3814
755 450 4586
1681 557 3635
755 322 4687
557 30 2549
557 991 3348
43 634 918
557 1420 1336
557 136 3440
755 941 3005
2359 557 1696
76 634 3745
2140 634 3507
1095 634 2725
1250 634 1942
577 557 460
2238 634 3375
2328 557 4000
557 839 4483
298 634 2946
203 634 4867
2063 755 3114
557 506 3621
755 181 1899
2120 634 2239
442 557 1954
557 1119 2464
2090 557 1926
239 557 986
755 1804 1389
557 678 1965
755 1052 240
11 557 4742
2166 634 2730
774 557 750
557 636 4534
557 2329 3751
2099 634 1093
557 277 4626
954 557 4572
557 1693 4643
1226 634 2175
557 60 2397
557 2038 870
557 2001 4245
439 557 4119
557 1312 4412
557 1153 507
426 634 4094
602 557 2994
557 2423 1014
283 557 1462
755 845 1752
755 667 2469
755 869 623
755 1945 1344
755 1678 4698
1048 634 3939
2148 557 4618
1700 557 483
2431 634 3421
755 970 4032
557 63 1620
557 929 3565
755 628 4700
557 805 2029
1971 557 2268
557 1036 1978
1133 634 731
755 709 3171
755 182 70
1225 138 4320
755 227 725
461 634 1421
869 557 1360
634 2245 2593
2390 634 1189
557 2128 3707
1521 557 1793
557 1634 4392
755 2277 143
1425 557 153
1268 557 4307
1903 557 3050
1529 634 1260
557 552 105
518 634 1867
409 557 4807
755 917 1990
755 1047 1879
885 557 2340
755 1236 551
248 634 3484
138 427 2137
557 1723 1802
2237 557 2204
83 634 1701
324 557 656
755 2115 461
2191 557 4728
755 1716 617
423 557 263
1822 634 3453
2002 557 4436
2084 557 3981
531 557 3488
1855 634 2995
1692 634 3583
557 2 2710
315 634 438
93 634 452
897 557 4666
2020 634 4865
755 1307 691
557 1200 2417
832 557 50
1066 634 4605
557 1354 3726
656 557 4164
274 634 3108
755 1619 2888
1621 634 402
557 1596 2407
755 224 3521
1 557 1187
755 2077 3894
1081 557 4982
557 1293 553
755 32 3841
2075 634 3164
557 819 2650
755 2194 1237
755 87 3992
680 634 2704
257 557 4609
557 689 830
755 808 2714
557 1968 188
755 2338 864
755 176 4695
35 634 563
1648 634 1304
802 557 263
557 527 2678
2267 634 4006
975 634 305
557 576 3182
557 596 2731
755 1314 1812
755 2506 2118
405 634 4355
557 2364 4589
491 634 1347
1045 557 2365
691 634 3461
755 1839 4047
1270 557 717
755 2182 1327
996 557 1875
557 194 527
557 798 3449
1211 634 3274
755 1482 213
791 634 451
755 1486 3084
1780 557 4516
755 41 2957
557 1432 1740
1215 557 4103
2089 557 1577
755 971 1498
557 1394 522
557 1759 1391
1294 634 4040
484 557 2580
2182 557 4951
557 608 1004
1713 557 3667
557 2092 2299
557 2326 1843
557 598 3013
755 1510 4379
513 634 2706
972 634 1071
755 1545 1503
1275 634 1101
1773 634 772
1835 557 882
2172 634 3619
755 1440 4496
755 1425 2597
755 1251 2407
1716 557 1490
24 634 2843
755 2064 4915
755 1700 2291
1510 557 3012
353 634 1121
1786 557 757
892 634 645
755 1224 1294
755 1104 2067
2147 634 558
1017 557 2168
2234 557 2644
755 1845 3412
238 634 2576
659 557 430
755 130 3418
356 634 3913
836 634 3992
408 557 2070
557 2294 3234
557 2522 2245
2036 634 1800
755 1533 3744
557 1743 1550
605 557 51
2085 557 4036
755 568 4178
755 301 3225
557 92 812
2315 634 4690
557 1422 4801
599 557 4793
557 54 3364
557 1250 1997
1777 557 1823
557 1398 1461
71 557 430
755 1487 4922
755 2130 2610
557 1614 3558
755 1606 1881
557 1272 980
207 557 350
2509 634 3344
2477 634 2293
755 1283 2981
557 355 190
1139 634 2078
755 1644 3699
557 742 4990
1894 557 996
557 2503 3394
465 557 1230
557 1194 804
2103 557 4171
864 557 2915
755 1872 621
755 1765 1245
557 1672 1157
755 1964 3492
123 557 389
755 1053 2305
557 1330 4088
2011 634 2209
557 1488 4496
557 156 3902
557 1917 3347
1004 634 4270
592 557 982
1305 557 497
198 634 2224
557 1950 2904
1842 634 3455
557 2422 1767
557 1229 4369
755 2466 4911
544 557 4345
2301 634 4794
258 557 168
755 574 4847
2404 634 2510
1491 557 3723
1867 557 3563
755 904 1580
557 64 4939
243 634 2087
2165 557 1314
557 233 2081
557 973 2100
712 557 2579
557 1437 513
552 634 4781
421 634 774
1176 634 2863
2430 634 3544
755 1460 1172
984 634 263
346 557 4174
1324 634 1924
755 1639 3580
755 926 548
1564 634 3708
755 642 4927
755 1642 3660
557 90 4785
557 585 3011
914 634 2321
557 2270 1254
1792 634 3029
557 1234 3487
755 1741 726
557 946 2487
755 925 3764
218 557 2055
464 557 4618
1027 557 4583
1516 557 205
755 1253 3227
148 557 1293
557 428 976
755 936 4103
557 2484 64
1034 557 3792
755 544 3523
2016 634 4321
858 634 3382
661 557 4727
755 993 2896
755 1136 204
557 960 1539
557 1117 3866
557 2283 18
1412 557 4894
755 2118 4082
755 679 1731
769 557 2173
755 40 2099
987 634 3738
1112 557 2791
1819 557 996
194 634 390
572 634 3450
131 634 4044
582 557 2129
1082 557 1608
755 1477 116
755 354 3521
755 2299 16
755 968 1990
755 44 3475
2314 557 1091
16 557 3540
1606 557 622
951 634 657
490 634 3432
755 939 2399
414 634 1921
557 2011 3447
1659 634 3163
755 593 1095
755 2137 1590
755 647 2290
1812 634 4448
838 557 3035
1128 557 3500
557 1808 4970
557 1336 3425
755 1206 2399
2523 634 221
190 634 2659
557 2119 4975
390 557 4764
755 2033 4672
557 303 2340
607 557 259
557 1993 2467
88 557 4533
755 1806 3516
755 1093 2604
755 967 2799
557 2269 1212
557 2282 4960
1189 557 3441
318 634 1416
1011 634 2119
430 557 4392
557 1621 563
755 53 219
557 792 453
755 55 678
755 1063 3525
150 634 1732
1650 557 110
1298 634 3076
755 2408 994
2393 557 2188
557 884 1595
755 143 2252
801 634 3283
977 634 1475
557 479 3584
557 1476 4149
1778 557 1592
2468 634 3909
941 557 864
539 634 2812
1964 557 4051
755 39 3908
1802 557 2122
755 2146 2501
755 1492 556
2454 634 4858
736 557 2210
2458 634 1212
1083 634 2061
557 1965 1278
557 1187 3359
557 2311 3604
1458 634 2931
1696 634 296
1839 557 3591
557 1797 1057
755 1617 3955
1145 634 896
755 520 635
755 2054 1864
20 557 1237
354 557 924
557 1087 782
755 1356 1815
971 557 3847
557 2172 4612
1340 557 1565
988 634 4443
557 127 4475
755 743 2078
755 2352 3000
40 557 3422
1005 634 865
557 809 2303
1978 634 2608
557 311 2023
241 634 1836
755 600 2396
1526 557 3827
110 634 619
755 1587 2251
459 634 4592
157 634 563
557 1795 3099
557 2407 2700
557 746 4343
557 1992 228
129 557 2537
46 634 1302
557 2169 3158
755 673 1981
1806 557 435
557 2230 3416
2108 557 4454
1817 557 3064
2291 634 1190
755 1363 1832
496 557 2438
755 1304 779
1602 634 1457
557 1509 3356
755 375 179
321 634 726
2491 557 4509
557 729 1851
557 292 2474
557 793 4687
1870 557 4668
755 1666 3352
2455 634 2677
589 634 3698
2381 557 1986
755 368 1221
755 289 1993
2424 634 2311
557 1245 4342
1592 557 4675
755 2080 3367
2101 557 3120
755 2086 1577
755 1241 1813
755 1593 1500
634 553 2616
2360 557 3142
755 1173 2657
755 343 1756
557 650 1988
2406 557 21
755 1025 4474
755 2393 4889
1064 557 779
557 1719 4376
755 2014 622
1782 634 824
1159 557 2406
755 1315 1110
755 1769 1869
755 142 2195
557 2020 1142
2520 634 4060
770 634 1056
755 1998 3128
949 634 3679
755 1559 1970
755 1516 4493
486 634 4401
2382 634 601
1309 634 2989
557 2500 1891
1711 634 2454
557 1359 2351
557 697 2592
2208 557 4915
557 951 1235
755 2426 4483
557 468 692
343 557 1064
755 959 1895
557 2456 4252
557 1387 4601
1477 557 1968
90 634 4705
1829 634 2572
2312 557 2898
557 26 2568
557 1519 3941
2275 634 744
755 222 1110
1213 634 1141
755 2470 1609
2181 557 843
557 2440 909
557 215 4768
1179 557 249
2015 634 2878
755 1495 496
1739 634 1468
1205 557 4720
557 566 2414
557 2350 3934
557 209 845
755 1815 2755
1703 557 2940
557 1984 4420
879 557 1301
755 761 1588
755 2302 1500
755 2032 278
755 425 967
47 557 1852
1859 634 1878
536 557 586
557 298 3209
755 310 1868
755 1166 1432
2493 634 2231
755 1918 4553
1546 557 4202
557 1659 3699
557 1829 287
755 2391 4196
732 557 2247
557 2508 3506
2133 557 1420
557 1188 2279
939 557 2056
738 634 3945
2300 634 2940
755 1388 1154
2217 634 1088
557 1601 879
1404 634 1849
1433 634 4488
755 70 2200
2318 557 1397
294 557 289
755 617 2294
557 955 4353
557 1180 2054
755 2389 406
557 1107 4757
755 653 1773
557 1702 1443
557 1257 4668
478 634 2544
755 1816 1554
1195 557 3928
557 1636 2457
557 1864 464
2195 557 2192
755 748 4242
2391 557 4609
1065 557 775
1229 634 2740
755 919 3372
2310 634 692
1623 634 1739
1429 634 652
755 470 945
2386 557 819
1096 634 3056
1559 557 2048
755 1508 4297
923 557 3509
755 2318 1139
755 268 1479
2023 634 1847
2475 634 4245
755 501 2548
755 2355 469
1450 557 4197
280 634 3006
557 2414 3715
1753 634 3260
557 2006 927
1135 557 2313
538 634 4716
755 239 4681
316 557 948
557 1021 1769
1610 634 1309
226 557 3142
2087 634 670
557 287 1451
669 557 1482
1597 634 2035
994 557 408
51 634 3456
1766 557 2649
557 2449 2589
2361 634 4119
140 634 736
814 557 1385
557 1649 1850
557 1247 8
755 411 3896
400 634 1167
815 557 1094
678 634 971
2399 634 2505
557 494 1696
755 1787 192
755 882 2606
557 816 943
2194 557 1576
643 634 3686
557 1907 1299
755 719 3548
557 1726 2248
755 1373 4675
608 634 3050
557 1553 1022
755 2255 2649
557 1915 4147
755 807 3815
2474 557 955
1995 634 3683
557 1631 3507
557 2371 1373
755 1504 713
557 1152 2571
557 2051 4786
755 1368 2143
557 1114 3659
755 1860 3988
755 559 2626
557 1126 1965
557 2206 2029
2174 634 329
1299 557 4566
557 1705 2239
755 2067 675
557 96 1345
1690 634 2614
625 634 3300
348 634 3837
1675 557 4724
557 2186 3495
755 242 4427
233 634 4615
2278 557 4196
968 557 336
557 1158 3524
1533 557 2887
557 1583 1981
557 1298 3095
755 1857 307
415 557 4696
634 446 2073
834 557 1109
1313 557 570
755 711 3208
431 557 4548
44 557 2444
932 634 2889
1484 634 158
557 286 750
557 2048 2341
2162 634 3838
1478 557 2201
2131 557 3376
557 1369 1632
742 634 1900
755 1396 954
755 2216 3292
2453 755 464
1712 557 4005
2260 557 3699
557 1525 4677
2071 634 32
755 230 2884
557 2127 2872
472 557 2421
557 621 2580
557 237 438
687 557 3030
542 634 3026
755 2021 3243
342 557 4007
811 557 4153
557 766 1353
557 1739 2696
557 372 4777
672 634 2278
1767 634 2621
557 795 1579
1227 634 1775
2432 138 1491
848 557 841
997 557 2715
2114 634 2087
557 1718 2059
557 98 362
756 557 2438
557 1308 2815
557 481 4002
557 228 337
755 1594 2728
617 557 3927
192 634 4456
755 255 1157
639 557 2933
2130 557 2730
215 634 362
2298 557 1866
557 157 6
798 634 4875
1641 634 712
1682 557 3449
1217 634 3512
2146 557 2976
755 1600 4659
557 2330 4632
217 634 4358
2519 634 432
1667 557 1472
1987 557 4660
842 557 251
557 491 3993
557 2300 3779
501 557 3841
698 634 4694
1244 634 3007
2526 634 438
755 418 2655
557 1641 2064
1545 557 3685
557 730 4522
1146 557 4653
755 1189 1474
1972 557 2099
1223 557 4867
755 788 4409
557 282 2069
557 1211 1936
557 238 869
850 557 1754
1852 557 1117
557 883 2820
557 2428 4216
2142 557 4608
557 2487 4569
557 698 175
755 1557 2838
111 557 3224
2124 634 2367
2368 634 298
1079 634 4396
755 814 2074
456 557 1096
755 2276 230
557 1260 2605
755 1772 3260
291 634 3991
2018 557 3090
559 557 2012
755 861 4645
755 1141 986
2444 634 1215
441 557 404
1933 634 2669
310 557 1851
557 1132 120
2525 634 1062
557 315 3000
1097 557 2699
755 1574 4312
1012 557 223
58 634 1518
557 1382 3032
557 1054 2018
920 634 4595
1376 557 1210
2127 634 1458
2353 634 4597
887 634 2974
557 2140 1200
1044 557 898
557 1421 2335
2290 634 4792
755 2345 2912
557 1652 2017
466 634 1547
755 269 3948
557 1536 4632
755 1590 3906
1240 634 4494
557 1015 1685
557 1300 3793
557 80 2426
467 634 4832
557 546 189
1361 634 2747
2163 634 1313
755 1774 941
755 1414 4884
755 2239 2101
755 101 753
755 2097 508
755 599 1635
2221 634 2686
2092 634 2987
755 702 4432
21 557 1725
557 67 4285
2365 634 210
557 169 2110
1488 634 172
557 2529 4490
1104 557 1249
557 77 369
839 634 2034
557 1782 4434
2501 634 370
2511 634 413
755 2413 2008
704 557 4196
1928 634 3613
152 557 3981
755 1464 2600
138 907 4260
755 2153 105
755 1944 4826
557 1309 3904
755 764 2836
2102 634 2148
755 512 4765
755 2165 2951
755 2243 2356
1635 634 819
944 557 4853
2202 634 1655
1801 634 2786
755 640 3637
2110 634 4590
557 530 4359
1059 557 171
2344 634 3153
755 1876 194
755 528 650
557 668 1637
1224 557 1549
411 557 1417
2274 557 888
755 1546 2042
755 2154 732
557 1684 4242
557 1110 1696
927 557 2020
743 557 3184
755 581 4096
2407 634 737
1695 557 1831
822 557 1735
2222 634 4369
2263 557 4041
755 2530 1535
1493 557 1775
1888 755 479
557 109 2793
1815 557 321
894 634 1692
755 774 274
755 445 4971
740 634 1345
471 557 4152
2500 634 4622
557 734 2257
1418 634 4552
1743 634 1258
1114 634 3488
557 361 2947
2313 557 15
1935 634 4302
819 634 4423
755 1239 2789
2515 557 3651
256 557 3126
755 782 4577
634 2505 3830
557 223 3434
1662 634 1604
2057 634 1794
69 557 328
392 557 3637
1996 557 3843
755 1654 314
755 416 1506
149 557 2914
557 140 4369
557 356 649
1141 557 2848
755 23 3636
755 2436 1699
1406 557 568
614 557 4127
31 634 268
729 634 4244
755 206 4282
557 1426 4781
714 634 4885
195 557 3225
557 65 752
919 557 3449
297 634 3234
755 872 1164
1349 557 1447
2395 557 1247
2139 557 1668
557 603 635
347 634 716
1613 634 3076
557 1248 1135
1640 557 2435
755 911 953
2427 557 3665
2286 634 4578
755 1819 4819
755 2274 3060
557 2431 1350
755 436 1155
1261 557 4061
1757 634 894
755 2343 1073
2326 634 2524
2032 557 848
1121 557 4932
557 1909 2057
557 457 2616
755 2199 4084
755 2321 1401
260 634 4935
557 935 2568
557 1902 1387
2210 557 137
2006 634 211
557 1849 1520
755 1142 3227
2115 557 3697
557 2501 2969
557 1990 4322
629 557 4855
557 797 906
102 634 3351
755 804 4206
667 557 764
755 1807 3240
1906 557 964
653 557 1755
2297 557 448
506 634 4187
918 557 2197
557 35 3917
755 251 2396
285 557 3448
557 398 3198
557 524 625
352 634 1080
783 557 1403
888 557 2423
2031 634 3579
965 557 3140
1307 557 4921
755 2111 4092
560 634 3715
2240 557 2815
755 954 839
1032 634 2671
197 634 2811
755 1906 2502
867 634 561
557 1732 3632
557 1767 4245
755 337 1258
557 1004 1712
755 1824 2975
557 1080 3832
557 1517 4247
557 858 1799
747 634 1644
755 927 2223
755 1975 4713
755 1287 53
755 822 4062
435 634 3381
498 634 1077
1046 557 1643
557 1911 1995
2327 557 1972
755 2373 109
557 2197 3991
557 1169 66
755 2306 59
755 829 3144
1025 557 2833
1969 634 1870
2027 634 4831
168 557 4270
741 634 2642
557 1566 1197
2038 634 2745
557 453 4258
1191 557 392
153 557 4692
755 769 1882
1608 557 35
755 665 4765
557 2065 3613
641 634 1676
2350 634 1222
755 2049 4459
755 2471 4963
755 571 1469
557 380 451
451 634 4901
557 370 4969
1385 557 290
557 2309 2822
755 2158 877
557 2211 4717
557 1923 43
755 1939 2938
1827 634 316
557 666 1219
557 770 3444
276 557 2962
557 2462 278
224 557 3113
755 1082 1236
1263 557 9
718 634 1818
728 557 850
755 487 4672
755 1720 3163
138 1982 1879
2478 634 4471
755 2381 2885
1014 557 3018
1262 557 375
18 634 1819
557 878 711
2086 557 4314
557 1416 1604
557 498 2454
557 1580 373
557 426 192
1776 634 2630
755 823 3224
755 826 1643
755 2227 4858
755 100 4358
755 2474 214
755 1875 706
1015 634 2804
557 2336 2819
1720 557 3425
1151 557 943
1383 557 4535
1125 557 2837
557 772 1138
557 981 1948
898 557 4456
896 634 137
557 1948 1322
713 557 1080
750 634 198
755 112 4448
1908 557 233
557 510 1461
1387 634 1671
755 2003 3197
1979 634 2848
2104 557 4490
557 410 865
557 1449 1721
2035 634 2101
1749 634 3121
755 2292 4624
1216 634 1091
755 1069 4536
32 557 4683
1948 634 749
1722 557 1492
557 377 3924
755 966 600
1566 634 2619
270 634 4668
476 634 1149
817 634 2285
2467 557 3473
557 1318 3649
2169 634 430
875 557 887
2205 557 3053
1199 634 5
100 557 3505
557 1569 2816
1875 557 1263
1047 557 753
1414 557 4075
557 777 4800
2134 634 344
366 557 886
982 557 3314
2429 557 792
721 557 2900
1980 634 2932
1234 634 3940
2235 557 442
65 634 2197
1571 634 584
2186 634 4393
1126 634 551
755 1364 2141
755 1703 612
1333 634 4133
755 516 351
755 1913 2415
1490 557 2610
755 982 2329
755 1611 622
2214 557 1005
710 557 3599
1138 557 436
535 634 453
329 557 3389
755 921 880
1161 634 3730
787 138 4428
755 423 4578
749 634 3130
557 865 4955
29 557 2577
1164 557 1558
2178 634 953
755 334 4708
755 330 411
114 557 4318
151 755 4428
755 177 2966
557 158 919
755 1612 411
1688 634 4344
1055 557 603
37 634 406
755 2039 17
2490 634 1607
755 1051 1192
1999 557 3072
2414 634 1579
755 1031 4346
1196 557 4710
1422 634 3288
755 1016 3734
755 654 1663
1677 557 1178
1430 557 1377
2034 634 824
437 557 1758
755 1380 4712
739 634 1140
557 2228 1901
1009 634 213
391 634 2425
1058 557 1824
557 2180 2308
2447 557 2263
2343 557 437
755 320 733
351 634 1090
557 1588 740
557 1757 3154
519 634 4099
755 2224 1795
755 2117 1460
1567 557 4972
2337 634 2564
1761 557 2387
1281 634 759
632 634 4038
755 785 157
755 1550 3524
557 2532 4203
755 1376 4249
377 634 1935
1946 557 1947
755 768 635
557 1338 2277
2014 557 2267
557 134 256
557 2069 4547
557 493 3064
557 1826 3213
755 1491 2753
755 690 545
1569 634 3653
557 2510 3385
651 634 3797
1474 557 557
1311 557 1743
755 567 1254
2078 557 4059
557 51 3648
154 557 2896
2074 634 2053
755 1563 640
1175 634 4707
557 1140 1049
557 985 4280
2094 557 3554
618 557 4276
96 634 3571
532 634 2608
2321 557 3104
755 474 737
307 634 1046
755 16 4775
2366 634 1884
422 634 1054
1889 634 2728
2281 557 4328
755 776 111
755 2332 2340
580 557 3827
755 294 1723
755 928 856
557 1751 1142
557 1850 651
755 626 4030
557 273 1734
910 557 882
122 634 4473
755 1854 3787
1088 557 4805
557 1202 1674
755 1605 4311
755 413 4732
2334 557 1424
1554 557 3015
1800 557 2556
755 2417 1442
755 406 4379
267 557 3789
557 1724 4565
1791 557 4435
1726 634 4762
1167 634 4339
1527 634 894
737 557 2232
755 1598 4932
557 2209 1554
755 1386 3105
1877 634 3006
699 557 2254
1077 557 2336
557 43 175
755 1383 2466
438 557 3995
557 2134 3504
755 1067 2575
2059 557 4586
1860 557 2696
494 634 2426
755 2167 2843
755 1084 987
755 2024 3540
755 396 1549
633 557 2003
970 557 14
156 634 2459
1730 557 4946
557 1801 4934
755 212 2740
557 1101 4915
2273 557 240
1119 634 3662
1924 634 863
2232 557 122
557 902 3547
1150 557 2041
557 2045 4836
557 253 2252
1670 634 3240
557 161 4254
557 980 4074
2064 557 1360
1537 557 4884
213 557 4665
642 557 2669
790 557 3346
557 2437 4667
1403 557 930
755 1618 1630
1556 634 1964
631 557 2883
1909 634 4844
155 557 2751
755 2237 63
557 1042 4626
547 557 1177
557 1776 277
1840 634 1612
755 754 2330
755 1835 4420
818 755 3764
806 634 2082
755 924 2887
1645 557 1625
755 1326 2908
2176 634 4186
755 1586 511
557 1411 4649
557 488 3795
924 557 1384
557 601 3703
1788 634 2330
957 634 2268
1186 557 221
755 850 1024
557 78 3098
230 557 527
1886 634 1676
557 538 3467
1359 634 2925
755 2094 4833
755 2307 1022
1770 634 1659
557 625 665
755 2055 2503
557 358 243
755 2347 1391
2259 634 4844
755 1122 3521
557 232 471
1825 634 542
755 483 500
755 1223 1930
755 496 407
2106 634 2471
136 634 1417
557 1836 276
2450 557 1110
755 947 2868
2212 557 4207
755 21 4747
692 557 2745
557 447 4425
755 1412 3233
755 1494 727
557 1023 32
1072 557 1131
1900 634 3489
755 2492 1081
771 634 2919
755 2464 3872
1326 557 3970
755 1775 1465
557 1168 3587
557 250 270
755 1996 3266
2013 634 3800
36 634 1383
557 1856 2576
755 1922 1686
755 285 3328
557 240 4597
557 1407 652
2357 557 1477
269 557 2307
2356 557 4469
2287 634 3802
725 634 3834
1944 557 1166
557 2114 3777
1158 634 3922
755 1833 4306
320 557 1997
755 1885 4398
755 1701 3896
755 1454 3291
652 634 4727
1357 557 4575
349 634 1077
1702 634 1416
946 634 651
755 1088 1732
2331 557 3807
755 999 2002
755 1830 3519
755 1627 4218
557 2284 4663
755 1677 1684
1892 634 275
1098 634 2952
755 442 3107
595 557 155
755 1030 2586
566 634 3508
1254 634 242
1611 557 4823
557 59 1871
1110 634 2141
557 685 2175
1760 634 406
755 715 1137
755 1003 3758
755 1821 2828
1471 557 2626
804 557 4401
557 1924 4568
557 2037 641
1558 557 12
755 452 4607
557 1090 1053
2161 634 267
1644 557 1773
557 102 2097
755 339 604
1302 557 3671
2158 557 3813
1445 557 1685
557 1341 206
2004 557 2860
138 2030 95
1880 634 2845
359 557 1002
557 1222 1135
557 2061 2261
1210 557 3459
557 586 669
755 1430 185
2362 557 1091
1276 634 134
557 1280 2837
755 1740 4267
755 2504 2397
755 475 219
234 634 4833
1947 557 2134
557 672 2967
1654 557 1378
755 525 2737
755 1608 3645
755 2218 379
2230 634 591
1665 634 2147
2293 634 4691
247 634 926
755 637 1616
502 557 1718
777 634 3823
179 557 1592
1634 634 1256
557 1879 3579
345 634 4038
312 557 2198
265 557 805
1354 634 2760
755 463 4780
557 1970 3148
755 333 1497
2289 634 4123
703 557 270
1292 634 2120
755 1954 768
852 634 1988
755 2108 1923
755 1820 499
755 938 729
755 1000 223
1204 557 4785
1655 557 1648
1220 557 4371
755 185 3949
755 1967 50
681 557 2272
755 2370 4159
755 756 2159
1747 557 2301
961 557 2279
1332 557 2322
755 2046 426
760 634 133
755 2213 535
843 557 4385
1956 557 1362
755 384 2766
755 580 2415
549 634 3279
755 2386 2317
755 2354 465
557 1227 2959
755 1077 3908
557 1770 4896
557 2116 311
755 2268 4309
242 557 3768
1975 557 4726
91 557 2586
2484 634 4531
593 557 3735
635 557 2137
557 1470 1775
1099 634 957
2302 557 1931
755 1870 2452
2518 634 818
119 557 1929
755 2093 2203
685 634 3142
200 557 1546
557 1161 2416
755 464 4717
2164 557 576
755 669 1695
413 557 4555
722 557 1511
755 1184 1379
755 137 3349
755 2122 4000
755 2250 3327
1344 557 3467
755 324 2270
755 1729 3683
755 1186 4453
449 557 1364
1599 557 1270
557 344 2554
990 557 4574
755 1798 520
557 1683 2501
755 1108 1727
557 1048 4190
1218 557 558
2401 557 602
557 2252 2568
557 1468 2632
81 557 203
755 607 552
557 2166 787
402 634 2608
2242 634 3604
707 634 265
755 319 3729
755 2363 772
755 360 1114
755 1722 3676
212 557 956
557 1190 2942
2088 634 3060
755 252 3920
1362 557 4596
755 1695 3469
733 634 3318
1715 557 156
2421 634 2853
557 1914 1924
557 397 4667
755 1697 4855
2058 557 1957
130 557 321
2283 634 3917
1338 634 761
557 1167 3508
557 1028 2941
1541 557 4672
223 634 2391
755 178 3661
755 663 2382
1377 557 1761
557 1011 147
755 1828 4843
2285 634 3796
1831 557 4987
557 1417 557
755 2098 4861
1323 557 1143
755 267 4975
1796 634 1502
675 557 1563
1854 557 3213
2384 634 1136
1136 557 3617
146 634 4048
755 2131 4206
596 634 613
634 2261 2293
2040 557 2851
851 634 1940
557 454 864
2532 634 1518
755 2459 3035
2367 557 4173
1607 634 4455
755 61 497
755 431 3912
1808 634 1872
755 687 46
138 1616 537
526 557 2162
755 875 697
1872 557 1841
1208 634 1267
1945 557 1998
1393 557 3350
557 1428 665
557 1009 2173
755 126 1367
289 557 877
727 557 2085
2227 557 4696
755 825 2956
755 994 683
1809 557 3936
2436 557 4387
1968 634 3623
557 632 2343
912 634 3048
557 45 2224
557 1788 2174
557 1100 2469
2189 634 1473
557 651 4643
1497 557 1139
755 2160 2991
299 634 3004
557 399 668
1887 634 2159
557 2075 2259
2531 634 3532
755 1385 3027
557 171 571
17 634 3567
1603 557 4426
755 790 4322
1976 557 2030
1318 634 124
104 634 3876
557 1602 3074
1181 634 825
557 2365 4382
755 847 1738
976 557 88
1848 634 4835
755 1585 2501
2173 557 4579
755 471 43
755 881 4970
2226 557 1014
1330 634 2967
755 327 3262
755 1403 4309
658 634 4245
557 1933 709
755 1962 4823
576 634 3184
983 557 1310
755 2168 4922
340 557 3451
1300 634 2455
808 557 4906
557 1790 4931
1437 634 2519
1981 557 481
829 557 696
1627 557 1713
1787 557 323
1784 634 335
755 89 446
1758 634 3907
557 1297 3579
557 773 3577
266 634 3
557 1784 347
1455 557 4659
557 1571 24
1562 634 4935
755 837 3991
557 1057 1662
755 2451 4303
2316 557 232
557 2387 1455
557 2171 1633
1322 634 3255
755 727 3975
755 123 3643
902 634 1684
755 1164 1657
557 645 9
755 1345 3899
1895 634 612
755 1465 673
557 451 2803
1910 634 3489
755 789 2648
755 864 1391
369 557 2549
444 557 1669
1020 634 3736
797 634 168
755 73 3512
557 110 405
557 1753 114
1116 634 2087
755 1682 1486
557 2486 2551
254 634 3464
339 557 2181
755 114 137
557 1670 697
795 634 1344
557 2110 388
1579 557 1329
1451 634 4574
66 557 4787
1816 557 4966
138 1379 4298
557 1273 2975
557 1859 2523
557 2126 84
557 1351 2395
557 2105 3486
1515 634 1557
1193 634 482
755 2372 4251
1581 557 384
25 557 3502
557 1812 4680
755 2151 4325
1525 634 427
138 1763 1375
755 1766 2481
755 1014 3727
755 2401 2025
505 634 1474
1483 557 2011
755 937 4809
863 634 3429
557 247 3552
557 1771 2887
963 634 56
702 557 2959
903 138 1277
755 1120 4321
755 196 266
183 634 3361
557 542 4500
1823 557 1807
1520 557 3903
557 964 4890
557 778 682
557 2144 2621
967 557 4684
557 511 4068
835 557 3562
557 2434 2393
755 1261 1447
133 634 4197
755 526 4160
557 569 3905
1337 557 3703
755 736 4407
755 2249 4255
1221 634 3089
1705 634 4758
557 2236 2349
557 405 3154
557 1068 3590
1674 557 2528
755 2136 3953
557 2031 2737
2118 557 1179
1397 634 4113
1173 557 797
755 2004 3044
1100 634 2285
557 2102 2737
1955 634 1994
557 424 3689
1258 557 2133
2252 634 4243
557 794 2175
537 755 2211
275 634 2897
33 634 3966
2460 557 3373
755 1675 68
2481 557 470
557 532 1849
557 381 4055
2149 557 452
557 1696 3237
689 634 2762
755 278 2460
755 1847 1466
557 851 3612
755 1044 740
998 557 4800
557 740 2062
333 557 4616
1698 557 3107
2049 557 4555
1998 557 2845
952 634 1563
755 2192 668
989 557 4182
755 82 3600
557 1050 734
557 1086 3860
557 352 1778
1805 634 2268
755 2235 2292
2295 557 3519
557 1035 1225
84 557 2590
557 1591 4216
557 1198 2517
477 634 2486
557 414 3397
557 1370 3487
1513 557 2964
1915 634 623
1759 634 61
99 557 2742
557 304 4095
906 634 2479
495 634 3561
78 634 4553
557 1374 1161
1547 557 921
557 1507 3519
1131 634 2112
744 634 242
1738 634 4085
1783 557 3594
2270 634 4105
755 1946 339
1127 634 516
755 706 3749
557 676 2254
755 1851 4121
755 2234 4006
557 2424 4746
557 1098 3021
1931 557 2893
1074 557 4938
557 2254 3536
237 634 4261
557 931 1675
557 1070 1396
755 1018 1861
557 387 945
557 1078 2355
557 1325 2648
1779 634 4481
557 281 3422
557 2042 2579
418 557 1524
1395 634 2887
755 2443 4118
755 1259 1729
755 148 2861
826 557 4878
1185 634 4877
755 633 2206
557 246 3552
1489 634 814
1524 634 1896
1188 634 3292
417 557 3588
930 557 3249
56 634 2297
755 492 3459
557 389 1593
755 444 1240
1563 557 3634
1152 634 1027
557 2221 1917
755 2047 1155
557 1529 1524
755 712 2915
1745 634 4067
557 555 1937
557 2483 2530
755 1163 168
557 2259 4978
2247 557 1775
557 1534 2209
557 1020 3152
828 634 3633
557 2349 1793
991 634 4381
2200 557 1737
508 557 3926
755 950 2524
1140 634 2651
755 38 4322
1932 557 1005
412 634 3284
1233 138 4126
1016 557 4886
755 767 207
326 634 146
904 557 6
755 1366 3262
2512 557 3173
2498 634 3560
755 577 2411
701 634 393
557 1538 253
457 634 2738
611 634 692
440 634 4945
1575 755 75
755 2362 46
1271 634 1713
755 1196 3056
554 557 2731
557 896 2375
557 1148 4624
181 557 3358
557 422 2875
52 557 1911
1144 557 3887
755 2083 931
557 184 4947
557 1008 3564
557 1203 4498
2385 557 2762
557 738 4260
1315 557 3657
1356 557 318
1486 557 4113
948 634 60
755 2022 477
755 2187 3142
1922 557 1513
209 634 1679
942 634 1516
2323 557 187
755 584 4810
546 634 958
755 2133 4254
1511 634 379
142 557 96
557 2410 2567
419 634 4610
1502 634 3182
1642 557 4223
557 1582 2899
1070 634 3966
764 557 168
755 1343 3830
19 634 1559
557 62 1647
385 634 4606
2375 557 2214
1296 557 3595
945 634 3184
1457 634 2210
755 2312 540
1768 634 4834
445 557 4090
557 561 1205
1818 634 1086
755 379 2698
557 1925 2410
755 2210 2984
1917 634 1902
165 557 4144
1006 557 227
522 557 287
755 1513 936
1328 557 4576
557 674 193
1080 634 2526
557 293 4258
755 996 416
755 1017 1790
1518 557 3840
755 465 1214
726 634 797
755 2260 231
557 2124 2254
557 385 4440
755 1377 743
755 592 875
683 634 2472
807 557 2320
755 12 1138
755 48 725
557 745 4981
2125 634 3227
1421 634 1300
557 1451 1491
1355 634 925
755 1645 44
557 750 48
755 1905 1763
1977 557 2284
557 619 4353
1366 557 3713
922 634 2732
1371 634 4199
557 2448 3456
1154 634 2202
755 1551 2151
2358 557 610
1811 557 154
1413 634 133
2168 557 4205
557 615 4443
1155 634 3606
1832 634 4247
1868 634 114
557 22 4192
174 557 1811
860 557 2610
1615 557 20
3 557 2327
2469 634 4082
557 1174 339
755 1540 1231
557 664 1847
557 1019 1186
755 1073 1787
950 557 4378
468 634 4407
1845 557 4952
755 1195 4447
1744 557 294
2119 634 1565
1093 557 2192
755 120 2655
2351 634 276
557 183 2174
41 557 1144
557 2478 1111
557 1938 2805
557 2013 1179
1026 634 3943
755 1981 315
825 557 1991
1919 634 434
959 557 2172
755 1778 714
1153 634 3386
921 557 2163
1228 634 593
557 1231 134
1514 634 784
557 1500 3909
557 159 2933
557 1866 1278
755 1178 174
2530 557 2324
2347 557 2582
762 634 124
208 634 3272
557 1113 1418
1431 557 4468
557 901 1161
788 557 1025
193 557 3471
1942 634 1877
557 1453 3903
755 2181 1359
557 2379 2127
755 2400 4875
755 489 1732
755 265 1550
755 2085 4803
403 634 158
755 891 3655
755 1622 3929
2340 634 4813
1793 557 3499
557 630 3166
1943 557 4100
1069 557 2130
557 455 828
2413 557 3146
755 522 81
557 2176 417
830 634 4017
557 2366 4559
557 1127 2002
2231 634 2997
755 383 2485
1914 634 4537
1266 634 1155
557 160 1463
590 557 2679
557 2520 3636
755 2383 948
755 885 1812
964 634 1897
557 473 3525
1586 557 3766
755 944 2998
557 2015 4183
1444 634 4560
755 1862 2390
1594 557 2621
755 2091 3675
624 634 2283
222 557 2020
557 391 4740
755 1128 1977
1021 634 1535
755 1823 3639
557 2442 1140
557 1607 403
1207 557 1124
557 1745 2262
705 634 165
755 1390 3239
1050 634 679
1601 634 4894
755 221 3397
2010 557 2129
557 1438 2765
1035 634 1568
28 634 3582
557 952 2866
557 1564 3907
755 1974 384
557 1130 1628
380 634 3384
755 2123 3918
1679 557 4013
755 547 1618
557 1805 3967
1197 634 3242
557 1484 3409
755 2507 987
1689 634 3821
2272 557 2634
1709 634 3385
1243 634 4020
557 1842 542
557 1061 724
557 1738 3103
268 557 2233
755 856 32
557 461 3362
557 2204 1655
755 1883 1179
755 1651 490
1485 634 1288
557 210 1526
86 557 1260
565 557 2080
557 2333 829
557 1694 1547
755 1138 1610
780 634 1837
527 634 860
557 309 4753
755 1599 3616
557 1869 785
755 2157 391
557 1447 1273
301 557 3676
755 284 2272
1838 634 3457
986 634 1814
557 1294 4754
551 557 2807
594 557 4495
755 350 2605
557 2100 3571
12 557 581
755 2388 4543
1194 634 617
854 557 4890
557 1353 4064
755 2435 2233
178 557 3450
306 557 1736
211 634 502
755 2298 4118
755 2317 3091
755 264 2690
1280 634 2341
1986 138 2957
557 1868 3733
931 634 3574
755 618 1877
1954 557 3113
755 693 2624
1590 557 3517
2003 557 74
755 207 3980
1475 634 2649
755 2200 206
2076 634 4224
557 1706 3628
399 634 4859
187 634 895
557 113 933
755 958 2153
755 1936 4000
755 1567 1323
2159 557 1486
557 1467 1579
2420 557 1085
511 634 1839
755 1584 1796
1923 634 3812
227 557 2152
1272 634 325
1974 557 1008
557 831 1398
517 557 1975
2448 634 2459
905 557 4336
947 557 434
557 975 861
755 1658 511
557 1597 3475
755 1214 4660
755 261 3221
755 2053 3546
1993 634 894
232 634 230
540 634 2570
755 583 1284
755 2005 1028
557 1568 2038
2452 557 2284
755 1423 4482
500 557 4772
1335 634 4956
1983 557 3770
557 1548 4479
557 2346 3883
557 716 1855
557 849 3254
2451 557 4060
1008 634 3405
2022 557 1762
755 1640 2153
557 300 2239
557 1822 992
557 211 83
755 1339 11
755 2314 1157
368 557 4889
557 1572 3932
118 557 3514
436 557 1258
755 155 4062
755 976 4481
1236 557 2662
557 33 2397
557 353 4413
755 848 2421
120 557 1427
755 2375 3962
1426 634 2619
1550 557 1597
557 197 2630
2488 634 4402
2243 557 804
1443 634 3055
2083 557 3833
557 2256 4879
557 1461 3059
1463 557 3496
2504 557 3326
755 371 1499
1519 634 1596
557 1321 3889
820 557 2939
492 557 556
557 2502 1764
557 1228 4832
557 1762 2869
314 634 4755
755 2265 4507
634 2513 3114
1142 557 4334
557 589 64
1542 557 4094
1187 634 1766
557 974 3533
557 2062 4566
39 557 1068
2465 634 1036
433 634 3485
557 139 805
1844 557 1642
755 13 157
792 634 3052
557 2519 50
755 990 2205
557 480 895
755 390 3339
755 1296 3512
557 827 4849
557 274 1640
1871 634 585
1209 634 4280
1345 557 1413
557 1565 1303
730 634 3387
557 741 2644
557 1429 601
1108 557 4977
755 1956 2578
1492 557 2315
557 2162 2800
755 565 1017
557 841 3920
833 557 3323
2258 557 4081
1764 557 2131
755 256 3667
782 557 1008
557 627 2698
175 557 1310
87 557 3088
125 634 3570
557 2190 4658
755 961 4438
188 634 1545
2428 634 2528
755 174 4393
128 557 4476
462 634 3930
557 1556 4519
259 634 4817
755 2095 1952
361 634 4750
186 557 1972
557 1083 2134
755 392 541
557 2074 1106
2330 634 4351
876 557 649
755 2334 2433
1417 634 3671
1256 634 3658
755 2303 3787
1582 634 1163
161 634 4815
528 557 1021
557 1735 1588
755 152 53
1134 634 2403
382 557 3660
557 1669 3687
557 2099 1329
1033 634 39
82 557 1536
2137 557 1101
866 634 3827
557 1506 3170
755 1045 4878
1030 557 3458
557 2335 2469
557 2380 2240
755 786 28
557 1664 4344
755 1329 1248
620 557 3253
74 634 4041
557 695 1804
557 963 1653
1259 557 637
1884 634 4457
2370 557 4614
557 791 634
557 2465 645
755 2367 4308
999 557 4932
328 557 2125
557 1255 4926
755 1046 3202
1990 634 2724
865 634 639
755 531 3900
755 1452 623
1245 634 1595
557 1267 3254
557 765 4932
557 913 2195
1863 557 352
755 1713 2757
1555 557 3973
755 99 3971
755 1655 350
1183 634 4167
112 557 608
2522 634 721
2061 634 4884
337 557 4573
2426 557 1916
616 557 1975
49 634 363
755 1013 543
1396 557 2471
755 2164 1532
557 2023 1894
1850 634 2503
557 1457 469
755 1340 736
383 557 3479
557 2479 3570
1090 634 3814
755 614 3947
755 71 988
1343 557 3903
557 1692 470
2470 557 635
755 1342 1999
755 2040 3122
1442 557 1215
264 557 59
164 634 104
1522 634 3740
2039 557 393
557 868 1927
2211 634 3113
1672 634 3649
755 1065 2934
660 634 1397
697 634 2128
557 478 2582
1415 557 4645
755 2418 1763
755 362 1270
837 557 4807
2079 557 286
1392 634 2850
755 1151 3811
755 1074 4537
63 634 4653
1508 557 2229
755 276 3327
755 1182 3963
557 1668 1520
755 2395 2703
755 1205 3596
1295 557 4227
557 1626 4715
2121 634 1235
305 634 36
755 521 983
244 557 1073
557 610 2495
557 1096 1495
755 558 2927
1701 557 1453
557 1840 1065
1853 634 4388
557 150 156
557 1043 479
1830 557 3346
171 634 481
557 2125 150
755 153 2380
1507 634 4174
640 557 749
2054 557 2635
755 1999 3398
755 154 1793
557 1934 721
700 634 3738
432 557 69
557 208 2664
557 2325 3789
557 1818 1914
557 2170 3958
557 97 1777
10 634 4314
2229 557 1652
1056 557 3359
1967 557 2331
22 634 2326
1498 634 1944
2250 557 4243
2364 634 1779
1699 557 1715
1913 557 4308
2464 557 3960
755 2385 2693
38 557 2779
755 417 4291
1087 634 1532
332 634 3919
202 634 4341
557 2378 4725
755 2079 4958
2185 634 1716
1439 557 3963
557 317 4054
557 573 4550
1232 557 2853
1807 557 631
755 1844 2235
1618 557 1221
755 1399 1315
604 634 3779
1973 634 1090
557 1479 1428
1785 557 4093
557 2285 4812
1907 634 1685
570 138 4384
1898 634 3699
755 1932 671
1156 557 4879
871 634 4093
755 684 4873
557 992 4906
2434 634 2042
113 634 465
460 557 3675
2507 557 2959
2051 634 4968
557 2315 1860
1814 557 4136
379 557 1946
755 2491 1339
796 634 785
755 639 2024
755 437 2334
557 1266 1474
755 508 2879
557 2441 4989
1239 557 1537
1668 634 498
755 834 4481
1137 557 4724
1630 634 3563
755 1124 4702
755 933 2087
755 1352 265
755 14 4830
557 1022 1962
2279 634 3867
557 467 2216
557 462 4448
225 634 2979
557 2066 3496
557 1475 3047
1512 557 1351
557 2279 1065
1697 557 4053
755 1480 4769
2144 634 3250
350 557 4471
1752 634 3029
2190 634 4213
2253 557 1695
755 2348 96
755 979 4248
557 2016 3386
755 1313 1279
755 1632 251
755 2496 3597
557 1226 2471
4 557 2563
755 1431 1519
1882 557 1204
557 262 4227
755 2009 3167
2463 634 3541
755 1628 2370
323 634 74
935 634 2931
755 802 922
557 853 4425
557 824 254
890 634 304
1388 557 1606
557 1921 3326
281 634 3594
1500 634 1637
755 1448 3554
694 557 2591
755 1800 2104
557 1038 3542
755 1793 3906
755 781 2374
1637 634 763
557 1960 2662
108 634 4390
755 366 3496
557 1139 3735
2251 557 2470
1966 634 4492
557 579 3834
755 1106 2704
557 1473 3483
781 557 887
1804 557 1533
1314 557 2583
1000 557 2312
557 46 1316
557 1887 4281
557 477 343
557 198 119
557 2121 3033
557 691 1721
955 634 3201
1022 634 3428
204 634 4334
1925 634 1920
2143 634 1313
1182 557 1254
557 108 3348
755 2427 1008
557 1789 3504
755 1589 4292
557 1958 544
330 557 3025
2409 557 3503
2154 557 2144
755 2072 1728
755 1270 2786
755 441 2133
2095 557 4064
755 1434 4125
752 634 210
206 557 4670
557 658 2672
251 557 2868
755 1940 3795
557 2527 4859
557 341 64
2284 634 1843
557 1799 746
755 1687 1965
755 245 1090
557 141 4446
755 1579 4720
2060 634 3258
755 346 1285
458 557 769
1666 557 3634
1073 557 3900
126 557 1232
755 1305 85
557 1149 2191
755 1378 2880
557 421 2994
1963 557 1610
557 1032 536
386 634 4585
557 2368 2946
557 164 4576
1729 557 3023
141 634 4762
755 1647 435
557 1115 2588
1687 557 2700
755 502 3057
1985 634 4362
706 557 636
60 634 1068
116 634 519
557 2087 4302
575 634 3719
1306 634 2309
557 2286 126
862 634 2919
877 634 3075
2029 557 4197
557 2238 1011
557 1208 1946
1536 634 2628
1632 557 4212
64 634 3631
755 75 4343
755 2482 1593
557 1221 1318
557 2485 2773
755 2233 2092
755 193 2792
755 620 4824
1052 557 1239
755 1049 4977
1042 634 3694
755 833 3660
557 187 4679
2322 557 559
755 2280 2343
557 1604 2895
755 1058 4646
1580 634 538
610 634 4756
1626 634 594
1408 634 2934
755 1177 4893
755 2156 3728
1540 557 603
2392 557 3430
627 634 178
585 634 1973
1115 634 3214
514 634 2936
755 1852 3561
1374 634 2687
755 1785 294
755 1039 1774
755 1284 1644
755 1861 799
246 634 4790
755 1521 453
755 1490 1582
557 374 3215
557 906 380
755 147 2651
755 195 3433
755 1121 3728
557 85 3931
666 634 2639
884 634 633
2462 634 1509
974 634 2596
557 1979 4469
1561 634 1811
376 634 878
2203 557 3325
1010 634 505
557 1092 4587
755 84 4353
557 1511 2089
794 634 3003
557 1217 2372
557 1749 1704
755 235 2765
2197 634 3570
557 1199 3965
755 616 2555
755 1988 423
2024 557 1805
1633 634 4638
755 1040 3185
755 2497 2302
331 634 4914
447 634 4397
493 634 589
824 634 3650
1614 634 3083
557 1638 3607
755 682 1675
647 557 1304
755 1908 3248
751 557 3966
557 2068 775
557 254 3675
2072 557 3932
2280 557 3959
1517 634 783
322 557 1313
557 920 589
557 2242 3482
236 634 252
2296 557 2837
1572 634 1250
755 329 557
557 402 3538
2044 557 4052
282 634 1142
557 1910 1650
755 1541 644
245 557 1176
557 1877 1161
1683 634 3795
557 2488 3976
557 249 1559
2437 634 2096
1775 557 420
606 557 1116
272 557 1093
30 634 2588
654 557 3874
1841 634 649
214 634 4555
755 713 3546
1544 557 4130
634 1656 689
557 191 203
755 1400 324
557 922 3782
2466 557 857
1568 634 2603
2116 634 761
2100 634 3738
557 2290 1403
557 133 985
557 2499 2326
557 202 3421
755 2271 3845
557 2036 516
800 557 811
1789 634 2244
755 1699 1025
674 634 4325
755 1274 1206
557 297 277
557 17 4929
755 2415 1380
682 557 1206
755 2452 1920
396 557 4894
557 1076 319
755 283 2269
755 81 3680
1440 557 4968
1469 557 2737
557 308 2637
1552 634 698
557 940 1377
557 131 1896
1893 634 1816
2160 557 1250
1247 634 3336
1352 557 4188
557 236 1378
755 2412 4621
1885 557 4
1285 557 1949
755 1501 4940
557 995 3208
1949 557 3424
1718 634 4042
755 335 3521
443 634 1708
557 718 405
2001 634 741
2220 557 4183
755 2084 2268
1619 557 797
557 31 4104
1799 634 1595
755 2229 1135
755 1747 4422
908 557 2337
847 557 4199
1899 557 2607
344 634 4256
1765 557 1582
557 1523 1477
557 2369 4118
2495 634 2075
1494 557 4250
645 634 1403
755 258 1465
420 634 2017
557 499 3955
425 557 1546
755 551 2685
1612 557 3476
557 2223 1144
2342 557 3968
2307 557 4453
1496 557 4657
2019 634 3201
715 557 2348
1061 634 3143
755 1210 3829
557 1181 1954
296 557 3153
755 42 3657
557 2161 2233
755 2446 3840
295 634 1149
1685 557 531
755 218 3509
1570 634 2165
557 1037 1566
665 557 4563
755 29 1878
1178 557 1909
845 557 2333
755 1278 281
1162 634 2789
2339 557 2488
177 557 1628
909 557 4758
557 440 1625
557 1561 481
2304 634 3903
1538 634 2289
755 594 2177
557 220 181
199 557 1342
2349 634 681
2489 557 2581
940 634 163
1997 557 3488
755 2319 4143
755 2439 2415
557 2262 2832
1565 634 21
1001 557 2334
2517 138 2001
2042 634 405
557 2351 3081
755 199 2743
755 909 2621
755 2521 4571
252 557 4318
2265 557 793
557 604 4189
1067 557 2452
2216 557 4236
755 1891 3787
734 634 224
755 2247 1775
557 2035 1060
755 1012 1841
2372 557 1998
13 557 2218
143 557 4976
557 1953 2078
755 536 3302
557 2458 2159
2193 634 2496
1660 634 1705
53 557 3808
755 1406 2897
557 817 3461
557 2340 1140
755 2028 953
613 634 686
557 1515 4206
1694 634 4492
1798 557 1625
2028 557 4946
831 634 4686
693 557 3880
1851 557 1816
410 634 2229
755 226 315
557 1002 2372
1874 557 3093
755 1249 3040
1308 634 3312
696 634 1422
755 1268 493
757 557 3595
45 634 4219
557 1162 2876
557 714 3634
2443 557 79
755 2070 120
1856 634 833
557 225 3250
755 2409 1641
755 648 4363
557 1609 1585
557 1413 2685
1733 557 245
557 1880 114
557 9 710
261 557 3921
755 1071 48
755 1874 184
557 683 4211
755 588 3713
755 1728 4044
926 557 472
407 557 3373
1849 634 403
557 1209 3004
557 1736 2751
2396 557 526
1316 634 3037
1503 634 141
1180 634 4553
1310 557 2425
755 888 4455
755 523 1571
755 1707 1535
97 634 1584
2410 634 4351
2223 634 4047
755 2226 4678
1449 634 3775
77 634 3798
557 1731 351
1631 634 1601
1864 634 655
755 1064 4246
2218 557 1824
755 677 3794
557 701 156
2043 634 2516
755 1179 518
557 638 1103
873 634 4210
1279 634 3650
1891 557 358
755 1160 4973
755 1810 1617
1293 634 2914
789 557 2993
145 557 4099
557 243 4114
2175 634 1910
755 2148 179
557 1929 1713
424 634 4326
874 634 2548
557 1895 4148
2508 634 438
557 1091 3000
557 1062 479
755 1125 3842
2422 634 826
1622 557 4607
1057 634 1271
557 1292 3484
755 1679 581
755 1455 614
557 572 4800
755 2219 2210
557 1286 4939
755 2460 2254
755 2331 4361
1509 634 3198
767 557 950
755 2002 1510
755 1943 1257
557 1630 2280
557 1848 4677
1991 557 3893
755 407 216
557 1758 2975
2069 634 1642
2277 557 1340
557 1725 3597
2527 634 1397
755 1299 108
1481 557 1361
357 557 1767
755 905 2228
523 557 3644
2048 634 3902
1113 634 3829
1663 557 2193
557 1347 4017
859 634 558
805 634 1647
755 854 830
557 1796 2089
219 634 255
557 2246 2615
557 469 2685
1369 634 376
1076 634 52
755 409 2657
574 557 134
512 557 2535
1130 634 3906
2408 557 2579
755 1685 1078
1267 634 4270
1596 634 1471
995 634 1003
755 844 1990
557 1131 4625
557 1825 1275
755 200 422
557 76 2841
1531 557 220
1495 557 3827
2046 557 3223
755 57 3355
557 1522 2663
1588 634 4524
557 1348 4793
485 634 4778
1543 557 4512
755 1712 3525
1724 634 4669
210 634 875
1638 634 55
557 1691 3111
755 1337 2560
755 811 4252
2192 557 1038
557 2390 3483
2319 557 1488
2354 557 1826
374 634 3402
279 634 1633
755 1750 3217
755 2073 894
2325 634 3807
755 1882 3549
557 214 618
68 557 2316
163 634 4731
755 213 2262
557 435 1390
755 1172 4338
2206 634 172
557 192 4977
1926 634 2691
1375 557 4603
557 2528 3641
557 1562 2042
2007 634 3608
1560 634 2616
89 557 2224
106 557 2211
557 2493 173
755 1393 2492
1661 634 1691
911 557 2428
557 2353 4854
557 1288 4309
755 590 3515
434 557 2298
358 634 4125
1085 634 905
1573 634 3025
557 1711 2295
588 557 3829
557 1502 385
557 539 989
755 2152 4234
1523 634 4155
755 69 3497
557 1246 4200
395 557 1819
755 288 60
755 1878 2738
755 2297 2087
755 1595 1619
557 560 3525
2387 634 971
557 1893 872
1231 634 489
985 634 2430
1103 634 3588
755 2327 1991
1351 634 1718
1105 634 2994
755 1123 2406
878 634 101
755 704 1473
2008 634 1570
1585 557 892
557 597 4047
598 634 3386
557 2430 1788
755 2090 3140
755 1055 379
755 2191 3206
557 753 146
755 1310 1735
1781 557 3277
821 634 1727
755 842 1912
1007 557 182
1719 634 1657
755 1323 4354
564 557 2768
73 557 3620
428 634 77
557 36 2228
1301 634 382
1678 557 3961
755 1034 2660
229 634 2720
557 291 2912
557 275 520
755 2447 2309
557 486 914
1282 557 3452
1434 557 608
563 634 269
557 2107 1373
557 2287 1964
619 634 19
557 643 3480
557 1301 2706
1553 634 2904
755 1764 3218
557 1633 1852
895 634 2833
557 2193 4066
755 737 4072
2379 634 2287
1600 557 638
167 557 2755
2524 557 4138
557 2421 3508
846 557 131
557 459 1116
755 111 4348
755 2420 1121
755 900 3439
557 2076 682
755 1592 2712
335 557 2437
557 1079 626
557 376 3316
755 2411 4212
557 2291 3719
1629 634 4874
159 634 1702
557 2106 3925
1904 557 967
557 116 4869
1018 557 2528
755 8 2852
557 2147 1806
469 634 3207
557 2384 4189
1938 634 3058
557 771 4695
755 11 2443
557 866 2026
557 2189 2071
937 557 3617
1847 557 1109
483 557 3149
755 1391 3389
755 1471 3605
755 408 3895
557 2217 2934
855 634 1098
557 83 2301
557 2344 2987
755 722 4818
1382 634 3276
755 2132 2581
394 557 1036
557 1613 1173
530 634 4773
755 1439 4833
2256 634 3840
557 1193 744
2503 634 4058
755 582 4054
755 1834 1813
2026 634 2455
557 780 3986
2066 634 2824
1506 634 2658
746 634 3980
2117 557 766
557 166 4366
1165 634 2187
1409 557 4298
557 1358 169
2416 557 4834
943 557 4842
557 1489 2214
557 1269 910
812 557 3050
755 2103 3922
1346 755 1948
557 1527 2905
1950 634 2963
557 1919 3162
891 557 578
1423 557 2706
557 367 1754
755 438 3743
273 634 4498
755 1424 206
755 2514 4142
220 634 4936
2184 634 3507
557 1889 2882
557 890 3695
557 518 2528
557 326 1357
42 557 2171
557 1099 4786
755 918 3908
1148 634 260
557 1573 1176
755 1681 3425
557 2188 3054
1094 634 1452
1643 634 3257
557 1397 616
2157 557 2696
755 1389 2164
1714 634 1791
557 2397 1820
2333 634 3740
755 2244 4321
557 609 3593
755 879 2883
2516 634 489
364 634 4081
755 1204 4775
503 557 883
755 799 3932
557 775 3197
2198 634 3626
557 914 2233
557 855 1941
634 138 3477
1465 557 1469
2241 557 4060
870 557 3943
557 1170 3560
2483 634 3317
557 24 4563
755 1 1499
755 2220 3274
562 634 4996
543 557 989
557 1402 3176
160 634 1484
2400 557 4964
5 634 4434
1348 634 3999
2233 557 2866
755 656 2041
557 2463 2790
2246 634 4550
557 1714 416
1062 634 6
1339 557 2183
755 369 3194
557 550 1934
2442 634 829
557 859 3067
398 634 4578
1273 634 4070
755 1469 3211
755 1858 1374
1091 634 277
816 634 4345
1427 557 2993
1287 557 3652
755 1220 1217
1589 557 1276
711 557 4269
917 557 2403
2417 557 3324
1595 557 1196
2096 557 3729
557 2403 4301
557 18 1231
755 1896 4403
755 820 4477
766 634 4058
755 2044 1279
384 557 4549
557 476 2147
755 2313 2404
1902 634 584
557 321 292
1941 634 4719
849 634 2025
1106 557 1702
1723 634 4629
557 1118 2156
1499 634 826
455 634 2896
755 731 796
861 557 4198
2213 557 1937
2376 557 3586
1432 634 3280
755 832 4256
138 1317 1051
1013 557 2219
1410 557 4038
557 744 1916
557 1201 4789
2383 557 2679
557 2041 2641
1053 557 288
755 1218 4324
1636 634 4719
1331 557 1929
755 149 4815
755 1435 427
755 997 3755
1574 557 1501
755 394 4556
755 1671 3290
557 1660 1152
1251 557 3172
1092 634 3352
557 759 374
755 1445 2943
755 1409 3418
557 448 1258
755 1456 3248
557 1892 2414
182 557 1704
755 751 4989
557 5 3185
1583 634 3665
755 2017 4545
2248 634 4559
755 721 3553
755 2392 1760
557 1165 3866
557 1957 731
755 838 3489
557 1472 1744
284 557 1750
755 244 4905
557 977 460
401 557 4293
2461 557 4368
2257 634 2538
1953 634 1672
557 1185 699
557 2324 3490
755 1674 2974
755 810 1413
755 1991 4063
755 758 1032
1002 634 3288
1821 557 4873
300 634 1713
755 2494 1304
557 1094 4083
688 634 4504
557 749 3435
557 1690 1408
755 2264 1069
253 634 1444
755 1813 2417
755 1963 4728
196 557 3452
755 1303 2247
778 634 1856
470 557 1730
271 634 4004
1435 557 1621
755 1097 3688
1320 634 1744
2497 557 2786
755 1746 4046
755 1543 2568
557 2523 2571
557 58 3238
772 634 3675
2000 634 1375
755 306 4305
1957 634 1709
557 365 627
557 889 407
1965 634 4348
755 969 2209
557 1443 4345
755 1809 1156
913 634 2609
1472 634 2891
2107 634 4283
557 1528 623
755 1089 2008
755 1041 880
541 634 3372
1336 634 1411
755 2359 4836
1584 557 1769
249 634 2368
1419 634 825
304 634 3146
557 2185 2141
1994 634 1076
2171 634 3687
1107 634 188
2225 557 2711
755 1263 4074
14 557 4657
2377 634 2506
557 1689 1157
793 634 3954
755 1237 3427
1673 634 359
311 634 3045
341 634 141
557 279 2945
516 557 2815
334 557 472
2201 634 1552
755 1135 4626
557 1212 3258
2440 634 866
1828 557 3710
557 2175 2049
557 2468 1795
1384 557 137
2123 557 1560
557 189 4948
557 762 1141
899 634 3422
1593 557 4656
755 1894 3602
557 796 3783
755 800 1482
1297 634 4186
557 1853 4124
557 2525 4031
557 349 833
1459 557 1351
557 2477 2918
1031 557 2653
856 557 3382
557 2511 625
370 634 4310
755 1811 2154
1693 634 281
1241 557 4197
1289 557 3173
557 1446 26
557 1197 1788
755 708 1276
840 557 4607
557 2425 3801
557 37 2454
23 557 222
755 1558 3951
557 1395 4922
1934 634 1067
755 661 312
173 634 3366
557 1973 4997
2514 557 2073
649 634 1565
557 1827 891
105 557 3808
373 557 4631
557 1192 2897
557 1244 2438
557 801 2942
557 2469 2971
557 1686 3881
2446 557 4233
557 1171 3549
1424 557 3379
1192 634 3714
1203 634 398
827 634 4365
2388 557 3174
1222 634 3520
881 557 2511
2494 557 3690
755 1357 4068
755 2467 213
557 351 3606
1319 557 2067
755 2104 289
2215 634 2501
803 557 1770
1717 557 1364
1177 557 2311
557 575 64
1664 634 401
557 1539 4751
889 634 3922
1866 634 1861
755 956 1615
755 2240 2449
755 7 1602
755 507 466
755 1291 279
557 2141 3485
755 843 3793
1358 634 455
557 259 4484
557 556 1379
557 2337 199
2311 634 2038
1029 634 1926
557 2201 1620
755 635 694
557 540 1706
664 634 1340
489 557 2416
482 557 2139
557 1955 2958
557 2518 3742
2136 557 1066
557 1890 1577
853 634 3329
557 688 4855
557 2000 132
557 984 2467
755 2398 1936
936 557 2546
755 1577 3299
487 557 1088
623 557 2320
147 557 2192
557 125 3650
7 557 2012
1334 634 1711
313 557 4556
1846 557 4318
557 271 2766
2294 634 2250
1918 557 222
755 2149 3661
2457 634 66
497 634 3265
1054 634 1914
1452 557 4246
1774 557 3836
755 717 2881
755 2376 995
557 332 999
557 2060 3488
1501 557 2185
1748 634 2582
2041 634 1517
755 2339 609
1557 557 3198
768 557 4868
2141 634 1775
137 557 464
755 646 1885
1350 557 3660
557 28 4665
1862 557 3252
557 836 1328
1238 634 4573
638 634 2321
557 813 1640
755 602 1948
2145 557 4784
557 2008 4871
1652 634 4058
1342 557 2402
463 557 2899
557 1646 4623
755 201 189
1480 557 4628
1303 557 103
103 557 2053
755 1289 4457
557 1995 4755
1750 557 179
2292 557 3141
1939 557 176
1386 557 2545
586 634 1081
557 899 1188
755 1734 4744
557 1635 478
2269 634 4515
557 135 1149
475 557 2551
2268 557 1368
966 557 3964
755 1493 758
755 564 4574
755 2029 804
1628 557 2052
2324 634 4826
755 1547 4295
1453 634 250
557 821 3660
755 1072 945
515 557 962
1843 634 1799
557 15 3698
2052 634 2985
755 1904 1620
557 1969 1547
557 1755 3189
557 1116 4047
557 466 2584
755 373 697
557 241 2553
557 1433 2642
1921 634 4177
557 1570 181
634 34 1570
557 2404 520
557 2025 2728
1803 634 1813
557 2361 4054
719 557 4794
755 1024 4503
1878 557 1174
1390 557 1585
755 554 409
557 364 1566
755 2142 4536
1253 557 1874
70 557 690
755 1676 538
557 1629 2411
1741 557 1896
557 1419 2311
1734 557 4168
2476 557 3910
92 634 625
755 703 3520
327 557 1923
557 649 284
557 1748 50
557 1361 3254
1166 557 1919
557 1901 776
755 860 654
673 557 1691
755 1977 1140
581 557 200
1184 557 1053
1577 557 3623
755 91 2260
1249 557 3350
1089 557 2111
755 1081 660
1704 634 3443
2341 634 1186
755 1219 4853
755 1302 3198
755 2316 778
557 612 3126
612 634 641
557 497 1828
557 27 3642
1202 634 32
557 1264 2177
1657 634 3865
755 1483 3536
755 1831 3427
557 578 494
557 733 2755
2056 634 1527
557 1276 3361
2411 557 1913
557 873 2762
609 634 2509
1381 557 3027
648 557 2653
755 723 4186
841 634 102
557 485 1304
755 316 4608
1707 557 3442
557 1624 1912
755 1972 2929
1959 634 747
663 557 1151
557 1661 4457
2067 557 2004
1833 557 2417
1109 557 4076
755 1332 3755
2338 557 4130
2097 557 3425
786 557 82
1836 634 1998
755 430 3474
2369 634 99
557 2377 691
1992 634 1516
362 557 2041
755 3 1857
557 591 2980
2308 557 1871
597 634 2237
755 1372 511
755 103 258
557 2382 4061
557 549 1758
557 1552 1082
557 1279 1427
1460 557 4266
1049 557 1912
755 1781 4016
755 382 993
557 1060 274
1470 634 2753
1071 557 4002
189 634 4445
115 634 4168
755 1531 346
755 395 1312
397 634 1862
755 449 1330
1929 634 120
755 1311 1723
557 2455 1746
557 1213 662
1147 557 1742
755 962 3541
755 543 4488
1535 634 4227
755 2450 4149
557 490 1425
176 557 3669
8 557 2561
755 2101 3539
1063 557 3333
557 2438 4859
755 2078 2669
1905 557 1274
925 557 363
557 495 3565
557 892 3023
557 1505 1801
1411 634 4554
755 1555 317
2441 634 4566
958 557 2328
755 1232 2543
557 1912 2618
2155 634 1439
507 557 3608
2317 557 3778
755 2342 1379
1252 634 1798
1837 634 1060
557 1275 1446
755 1497 1512
529 557 1807
2 634 2412
776 557 1807
755 545 3283
2346 634 3985
1708 557 2845
453 634 3428
557 828 4561
454 634 245
753 634 2718
557 2071 1005
755 1814 1147
2150 634 2707
557 1230 3710
557 1175 2664
755 1295 22
1237 557 2303
557 1133 84
755 357 3547
2135 557 1732
557 1129 487
671 557 3667
755 1001 2811
755 68 2677
929 634 3494
755 998 1667
557 1643 4885
557 302 1587
499 634 3415
240 634 2795
557 132 241
557 894 4187
755 710 4940
557 1026 4199
557 986 4109
557 1392 2112
2098 557 2708
755 313 4431
882 557 3125
557 1444 1583
1230 634 1210
557 190 3796
557 172 2184
2425 634 3928
557 1900 921
2188 634 1768
755 186 4434
886 557 2663
2299 557 64
1684 634 3391
615 634 3053
557 2057 535
557 1271 4290
755 2461 2705
169 634 2923
755 1949 4414
1206 557 452
755 145 1322
755 2253 2785
569 634 3191
388 634 4299
1214 557 1595
755 2135 2064
1420 634 4958
1190 634 1210
1578 557 144
557 1005 2202
1834 557 3976
319 557 2684
755 1401 2064
755 401 4193
872 557 750
557 613 795
1857 557 2080
755 595 3971
1646 634 2906
1795 634 1714
557 953 4434
557 2215 832
1468 634 4500
2037 634 3591
557 1742 2235
755 1159 4756
138 6 909
755 328 4034
1364 557 3043
755 1783 3182
557 2202 212
1246 634 2924
557 1256 1507
735 557 3412
557 1143 550
387 634 3647
755 1344 880
1896 557 3892
1367 557 4641
2187 557 692
557 56 2513
1101 634 616
755 1331 1850
755 2272 4310
2093 557 1015
755 124 3290
1084 557 1908
180 557 3981
1576 634 3126
755 1603 4836
2329 634 2472
557 1752 3205
583 557 1211
1132 634 867
755 2258 3939
1920 557 4265
755 835 2518
755 119 77
557 419 4671
1676 557 4704
567 557 1387
755 1146 1013
557 400 73
568 557 3730
1255 634 1588
2506 557 3576
755 681 549
452 557 1471
755 2089 3143
1587 557 4302
1086 634 4164
557 2310 47
2167 557 3782
755 2050 1641
393 557 2527
557 162 4858
1530 634 2823
915 557 4143
755 1215 108
170 557 1881
557 2293 4700
755 529 4032
755 2322 604
557 1792 3357
755 1927 1572
755 1319 3486
755 1156 1137
755 910 3783
1960 634 3673
587 557 988
755 1459 1151
450 557 3616
1624 634 4796
557 1095 635
101 557 1279
755 429 1037
1040 557 2359
1653 557 406
1591 634 1254
755 2273 687
1647 557 1160
2180 634 3716
557 2289 4010
755 757 4567
1391 557 1385
2438 634 4636
54 634 4401
755 1698 3079
1772 557 3123
662 557 4834
1051 557 3297
813 634 4057
883 634 2729
755 2323 3280
755 2472 1934
127 634 4124
557 504 2088
557 348 2440
731 557 3817
557 1886 777
2336 634 1185
2398 557 1468
755 1112 306
755 1518 3962
1727 634 1741
557 2222 906
679 557 4153
584 557 1372
755 325 4791
557 2444 4221
138 2305 2860
2112 557 3929
557 420 3031
2055 557 2748
2209 634 1685
755 1947 1034
557 1873 4566
557 1709 3311
1198 634 4949
557 1514 431
557 611 1952
755 2205 977
1858 557 2322
755 840 1400
1019 634 421
755 1754 2040
779 634 3982
668 634 907
755 1282 2502
1746 557 3302
1462 557 1499
1428 634 2090
755 272 4256
1820 557 3602
2492 557 2087
26 634 474
755 1715 3800
533 634 2850
1876 557 412
545 557 4192
557 2341 4627
557 260 4324
557 2531 2133
755 1791 443
557 2143 337
94 557 2603
755 1881 414
1984 634 1316
2276 557 356
557 942 3175
557 318 2236
2456 634 2440
557 1066 216
216 634 4617
288 557 4925
1169 634 4752
1456 557 3100
1124 557 1508
755 2208 3618
755 20 1731
1680 557 1604
755 129 804
755 2059 2577
650 634 2827
755 2480 3092
1060 634 2267
755 1410 3549
557 535 4763
557 972 1663
557 1333 3480
534 634 4228
755 88 3119
2405 557 4681
2228 634 367
755 117 4028
557 1485 2730
630 634 2415
1174 634 2595
1327 557 3896
1389 557 1894
969 557 3089
1143 634 1309
1402 634 3005
1454 557 1882
557 115 4386
557 1316 2698
134 634 2141
1378 557 2836
755 1191 1502
2378 634 1438
755 1450 258
231 634 455
755 1930 2469
2352 557 2458
755 2018 1923
1288 634 2199
1219 557 881
2179 634 4372
557 263 2789
557 760 76
992 634 1925
755 2241 2598
755 897 2822
755 128 2956
557 1926 2710
2207 634 4846
2397 634 3061
557 79 1395
755 2096 3851
557 1841 3974
784 634 1356
557 2113 4900
59 634 3357
755 1544 157
557 1760 4061
557 2433 3580
755 631 4085
2170 634 2133
2236 634 1793
755 1006 2854
755 623 1173
755 898 476
755 1863 3794
184 634 1352
1291 557 188
1160 557 1388
755 257 1833
557 1994 682
557 2088 3993
755 1137 1102
755 484 1398
755 458 4705
724 634 874
557 2150 678
755 167 1421
557 1524 4643
1024 557 4224
557 229 158
557 403 612
557 2034 3495
109 634 671
755 1007 2803
823 557 2447
2479 634 1035
2271 557 2113
755 1920 4044
755 659 3415
1405 634 2902
755 1375 4300
557 1281 3735
2021 557 472
557 1499 4034
754 557 2513
1078 634 2235
755 943 4287
893 634 569
557 806 4233
755 1937 2272
1671 557 2700
557 912 2890
235 557 3830
755 735 1747
1532 557 1143
755 2512 1366
557 1530 1125
755 415 2586
755 1478 4373
1482 557 1401
557 386 2739
775 634 646
557 2445 4471
755 25 3079
557 2248 1466
557 173 4262
844 557 3586
755 482 2254
1539 634 2764
2435 557 527
2062 634 3355
1790 634 1133
557 280 4927
2423 634 3054
2529 634 2930
1605 557 1993
2073 557 2574
1118 634 2381
557 1503 3606
2151 557 465
255 557 2303
2355 557 4866
1037 634 4516
755 783 761
755 2058 4
755 1150 2131
755 930 4641
557 2012 311
2080 557 851
755 2195 763
956 557 212
810 557 882
2138 634 4889
1813 557 895
755 2010 718
557 541 1717
755 52 49
557 1154 3365
