1
5000 4999
3124 161 1748
161 1949 1748
161 659 1748
161 2218 1748
3343 161 1748
2490 161 1748
161 3334 1748
161 4558 1748
1603 161 1748
161 4239 1748
161 3848 1748
690 161 1748
161 3382 1748
4748 161 1748
161 2871 1748
161 4425 1748
3735 161 1748
1076 161 1748
161 832 1748
33 161 1748
3544 161 1748
161 1272 1748
161 2875 1748
161 4936 1748
161 176 1748
161 3115 1748
3288 161 1748
556 161 1748
4087 161 1748
347 161 1748
161 1290 1748
4586 161 1748
161 1415 1748
161 1043 1748
161 1212 1748
161 2529 1748
161 2550 1748
161 4226 1748
518 161 1748
161 3894 1748
2449 161 1748
161 4568 1748
339 161 1748
2599 161 1748
4244 161 1748
161 52 1748
161 4735 1748
161 3884 1748
161 3437 1748
2891 161 1748
161 4876 1748
161 2181 1748
3190 161 1748
161 2654 1748
613 161 1748
2586 161 1748
161 3771 1748
161 3726 1748
161 4821 1748
161 1481 1748
397 161 1748
161 4672 1748
4619 161 1748
4886 161 1748
4499 161 1748
161 30 1748
4216 161 1748
161 1640 1748
4809 161 1748
161 3588 1748
161 3195 1748
3611 161 1748
161 269 1748
161 517 1748
161 2302 1748
2324 161 1748
161 631 1748
1972 161 1748
161 742 1748
3817 161 1748
161 1509 1748
2163 161 1748
2569 161 1748
161 997 1748
161 1826 1748
1062 161 1748
3522 161 1748
2726 161 1748
161 64 1748
161 4344 1748
1462 161 1748
92 161 1748
639 161 1748
3024 161 1748
161 3250 1748
161 4164 1748
161 4424 1748
4754 161 1748
161 1317 1748
161 1659 1748
1366 161 1748
1609 161 1748
4637 161 1748
161 2300 1748
4125 161 1748
890 161 1748
161 2985 1748
161 678 1748
161 227 1748
161 2216 1748
3972 161 1748
575 161 1748
3627 161 1748
3355 161 1748
118 161 1748
161 1895 1748
161 1452 1748
161 1995 1748
161 3860 1748
161 2772 1748
1796 161 1748
161 1866 1748
4942 161 1748
3679 161 1748
161 2030 1748
1363 161 1748
797 161 1748
161 1075 1748
2947 161 1748
566 161 1748
161 4067 1748
3711 161 1748
1539 161 1748
161 219 1748
3026 161 1748
161 3071 1748
161 89 1748
161 103 1748
4836 161 1748
161 3217 1748
161 4174 1748
1180 161 1748
3720 161 1748
161 3980 1748
161 4630 1748
161 873 1748
161 3222 1748
4780 161 1748
161 2685 1748
4561 161 1748
3428 161 1748
18 161 1748
161 1017 1748
4437 161 1748
161 2471 1748
1035 161 1748
161 1971 1748
2136 161 1748
161 3616 1748
2554 161 1748
2282 161 1748
161 2964 1748
161 3290 1748
4227 161 1748
161 4864 1748
3044 161 1748
3676 161 1748
4446 161 1748
2012 161 1748
3963 161 1748
161 855 1748
3657 161 1748
161 948 1748
1563 161 1748
95 161 1748
161 3747 1748
4723 161 1748
161 4291 1748
161 217 1748
161 1409 1748
3420 161 1748
161 4471 1748
4214 161 1748
623 161 1748
4479 161 1748
1626 161 1748
161 1719 1748
2718 161 1748
161 604 1748
161 1928 1748
4321 161 1748
1413 161 1748
2946 161 1748
1011 161 1748
161 4230 1748
499 161 1748
161 2804 1748
3242 161 1748
1098 161 1748
161 1686 1748
161 2923 1748
3462 161 1748
4702 161 1748
161 2922 1748
161 448 1748
161 1642 1748
161 909 1748
17 161 1748
161 1641 1748
652 161 1748
2576 161 1748
161 2250 1748
40 161 1748
2631 161 1748
330 161 1748
1632 161 1748
4507 161 1748
1373 161 1748
161 3590 1748
161 4599 1748
4677 161 1748
334 161 1748
2789 161 1748
161 1063 1748
3216 161 1748
161 3516 1748
161 4458 1748
161 2117 1748
161 1327 1748
161 4245 1748
913 161 1748
161 4998 1748
161 188 1748
3545 161 1748
3272 161 1748
161 4229 1748
161 1225 1748
1745 161 1748
161 738 1748
161 3500 1748
161 3784 1748
340 161 1748
165 161 1748
2926 161 1748
725 161 1748
1392 161 1748
161 4714 1748
4535 161 1748
161 2859 1748
161 4543 1748
161 3273 1748
161 3944 1748
2488 161 1748
1082 161 1748
2629 161 1748
4237 161 1748
161 2407 1748
161 4813 1748
161 970 1748
161 676 1748
1497 161 1748
2026 161 1748
161 198 1748
4275 161 1748
161 1510 1748
1499 161 1748
161 1577 1748
161 1298 1748
161 3346 1748
3851 161 1748
161 4793 1748
161 4349 1748
161 2799 1748
161 3188 1748
455 161 1748
161 3224 1748
161 2106 1748
2439 161 1748
2406 161 1748
3585 161 1748
551 161 1748
161 4956 1748
161 1139 1748
1636 161 1748
161 1765 1748
161 4750 1748
161 4318 1748
161 1854 1748
161 963 1748
161 2625 1748
161 3525 1748
161 1561 1748
2266 161 1748
1235 161 1748
4744 161 1748
4894 161 1748
161 1806 1748
3204 161 1748
3006 161 1748
1252 161 1748
3029 161 1748
161 149 1748
4132 161 1748
161 2957 1748
161 1277 1748
161 3040 1748
1916 161 1748
3648 161 1748
1553 161 1748
2934 161 1748
161 1678 1748
161 2249 1748
161 3568 1748
3313 161 1748
161 4485 1748
161 2074 1748
161 4072 1748
161 2583 1748
311 161 1748
3741 161 1748
161 4022 1748
161 1234 1748
1812 161 1748
2886 161 1748
161 2527 1748
161 4756 1748
161 1374 1748
4631 161 1748
161 142 1748
4622 161 1748
1194 161 1748
161 1050 1748
161 865 1748
3531 161 1748
161 3665 1748
161 2692 1748
161 2354 1748
1597 161 1748
161 290 1748
161 3850 1748
161 2739 1748
2265 161 1748
1959 161 1748
4725 161 1748
4865 161 1748
161 2716 1748
161 2212 1748
161 2547 1748
161 450 1748
3233 161 1748
161 2018 1748
161 3389 1748
3036 161 1748
161 1463 1748
3366 161 1748
2895 161 1748
161 3415 1748
4583 161 1748
4629 161 1748
161 2646 1748
1550 161 1748
161 4013 1748
3737 161 1748
2852 161 1748
4576 161 1748
161 3948 1748
161 4872 1748
161 4633 1748
1491 161 1748
2750 161 1748
161 3283 1748
135 161 1748
2414 161 1748
161 2016 1748
532 161 1748
161 1102 1748
4415 161 1748
161 4822 1748
161 4074 1748
161 2638 1748
960 161 1748
4376 161 1748
161 4898 1748
4094 161 1748
3132 161 1748
2189 161 1748
3693 161 1748
161 4640 1748
3317 161 1748
161 1113 1748
161 1865 1748
4968 161 1748
2713 161 1748
161 880 1748
2281 161 1748
161 1130 1748
161 2847 1748
2149 161 1748
3606 161 1748
3815 161 1748
4307 161 1748
161 2758 1748
161 4790 1748
4904 161 1748
161 2711 1748
161 3160 1748
1150 161 1748
161 699 1748
161 56 1748
1077 161 1748
161 776 1748
161 545 1748
1164 161 1748
2221 161 1748
161 1732 1748
2332 161 1748
161 296 1748
4699 161 1748
161 2516 1748
161 1710 1748
161 3818 1748
161 1915 1748
161 4710 1748
3448 161 1748
161 80 1748
2937 161 1748
161 2508 1748
45 161 1748
943 161 1748
161 700 1748
161 289 1748
1107 161 1748
161 2519 1748
3610 161 1748
161 1590 1748
161 3998 1748
161 3356 1748
161 3762 1748
161 881 1748
218 161 1748
3838 161 1748
161 1162 1748
2524 161 1748
161 1808 1748
161 1869 1748
161 2056 1748
391 161 1748
3947 161 1748
4019 161 1748
161 3349 1748
161 4309 1748
326 161 1748
161 1368 1748
161 3331 1748
161 917 1748
161 4368 1748
161 1586 1748
4900 161 1748
2509 161 1748
2073 161 1748
161 2842 1748
161 2341 1748
4740 161 1748
2202 161 1748
1281 161 1748
1431 161 1748
4146 161 1748
4550 161 1748
161 914 1748
4055 161 1748
161 4945 1748
161 3411 1748
161 3041 1748
161 1739 1748
161 4773 1748
1308 161 1748
161 422 1748
2523 161 1748
161 2624 1748
161 4670 1748
2570 161 1748
2458 161 1748
4378 161 1748
161 1119 1748
3286 161 1748
1168 161 1748
3332 161 1748
4988 161 1748
4433 161 1748
2872 161 1748
4966 161 1748
4755 161 1748
161 4819 1748
4589 161 1748
4000 161 1748
161 1192 1748
161 4861 1748
161 1716 1748
161 3812 1748
352 161 1748
161 2430 1748
161 2352 1748
3767 161 1748
1217 161 1748
161 2416 1748
500 161 1748
3293 161 1748
161 4331 1748
3163 161 1748
161 186 1748
161 4926 1748
161 3177 1748
161 1224 1748
4532 161 1748
161 3550 1748
133 161 1748
161 4114 1748
161 853 1748
161 3328 1748
3456 161 1748
161 486 1748
1876 161 1748
1284 161 1748
161 1125 1748
16 161 1748
161 987 1748
161 2286 1748
2234 161 1748
161 4901 1748
4128 161 1748
4423 161 1748
1297 161 1748
161 257 1748
3943 161 1748
161 66 1748
3083 161 1748
1858 161 1748
161 1770 1748
161 3148 1748
4140 161 1748
161 2607 1748
210 161 1748
3768 161 1748
2740 161 1748
161 4729 1748
161 1747 1748
4642 161 1748
1040 161 1748
161 4580 1748
197 161 1748
4137 161 1748
2405 161 1748
2535 161 1748
161 834 1748
870 161 1748
161 3526 1748
950 161 1748
161 1793 1748
161 1817 1748
2719 161 1748
161 1988 1748
161 3974 1748
161 4698 1748
161 2760 1748
808 161 1748
161 4950 1748
3517 161 1748
161 2193 1748
3214 161 1748
161 449 1748
161 4845 1748
3783 161 1748
2626 161 1748
829 161 1748
3351 161 1748
1733 161 1748
161 4247 1748
161 2023 1748
2107 161 1748
656 161 1748
161 4722 1748
161 4422 1748
3912 161 1748
161 3950 1748
161 3325 1748
161 2884 1748
161 4941 1748
1759 161 1748
161 1468 1748
161 458 1748
161 4795 1748
161 1188 1748
161 154 1748
2548 161 1748
4570 161 1748
161 1500 1748
161 1419 1748
161 1183 1748
161 4187 1748
3291 161 1748
1256 161 1748
161 3294 1748
161 2645 1748
161 3049 1748
4889 161 1748
161 2007 1748
2697 161 1748
161 2933 1748
161 1153 1748
3849 161 1748
4358 161 1748
161 2696 1748
1342 161 1748
4696 161 1748
746 161 1748
1570 161 1748
4805 161 1748
161 336 1748
4454 161 1748
161 3196 1748
2333 161 1748
161 2111 1748
161 3101 1748
3530 161 1748
2497 161 1748
161 2348 1748
161 2381 1748
161 2138 1748
161 3801 1748
148 161 1748
161 4096 1748
161 4339 1748
1996 161 1748
663 161 1748
4342 161 1748
161 3239 1748
161 4090 1748
2335 161 1748
161 4501 1748
161 3961 1748
2798 161 1748
161 2040 1748
1844 161 1748
161 3393 1748
4105 161 1748
4999 161 1748
4117 161 1748
2917 161 1748
161 1181 1748
2037 161 1748
161 4719 1748
161 904 1748
161 1333 1748
161 4432 1748
161 892 1748
2098 161 1748
161 4776 1748
161 2661 1748
2899 161 1748
2237 161 1748
3718 161 1748
161 4760 1748
161 2010 1748
161 1257 1748
161 975 1748
4297 161 1748
25 161 1748
161 3565 1748
2014 161 1748
2425 161 1748
941 161 1748
2660 161 1748
2168 161 1748
161 2667 1748
1764 161 1748
1818 161 1748
4787 161 1748
3971 161 1748
2827 161 1748
442 161 1748
161 2794 1748
4041 161 1748
3872 161 1748
3297 161 1748
4724 161 1748
161 1259 1748
1093 161 1748
4575 161 1748
3899 161 1748
2477 161 1748
4077 161 1748
161 4792 1748
4231 161 1748
3245 161 1748
161 3664 1748
3215 161 1748
161 1003 1748
161 2004 1748
2836 161 1748
161 1711 1748
161 3149 1748
99 161 1748
1653 161 1748
1494 161 1748
2823 161 1748
161 4466 1748
4770 161 1748
161 4463 1748
528 161 1748
161 3746 1748
161 3594 1748
161 3014 1748
3105 161 1748
161 3509 1748
161 11 1748
2432 161 1748
161 4717 1748
161 607 1748
161 2133 1748
161 477 1748
161 3341 1748
161 4887 1748
755 161 1748
112 161 1748
161 560 1748
161 4464 1748
161 594 1748
2913 161 1748
161 2154 1748
38 161 1748
209 161 1748
161 417 1748
4656 161 1748
4925 161 1748
161 2841 1748
3226 161 1748
4943 161 1748
161 1111 1748
161 4274 1748
161 708 1748
161 4005 1748
546 161 1748
26 161 1748
4908 161 1748
3641 161 1748
160 161 1748
161 4343 1748
161 3859 1748
4600 161 1748
1015 161 1748
2929 161 1748
2694 161 1748
4144 161 1748
1756 161 1748
161 203 1748
161 1743 1748
161 1216 1748
4029 161 1748
161 822 1748
4799 161 1748
161 2487 1748
161 2948 1748
100 161 1748
1532 161 1748
161 2370 1748
169 161 1748
4538 161 1748
161 2245 1748
161 191 1748
161 488 1748
161 4601 1748
701 161 1748
161 389 1748
2994 161 1748
1846 161 1748
4895 161 1748
161 4660 1748
1002 161 1748
1885 161 1748
681 161 1748
161 4659 1748
161 4361 1748
161 4461 1748
958 161 1748
4093 161 1748
2889 161 1748
4798 161 1748
161 780 1748
161 1092 1748
3158 161 1748
1244 161 1748
310 161 1748
3436 161 1748
301 161 1748
161 2988 1748
2102 161 1748
161 3271 1748
161 2075 1748
161 1137 1748
3086 161 1748
2378 161 1748
161 1507 1748
161 2795 1748
3320 161 1748
1221 161 1748
161 588 1748
1695 161 1748
1967 161 1748
1 161 1748
161 1069 1748
2594 161 1748
161 194 1748
161 704 1748
161 2515 1748
3921 161 1748
161 2145 1748
161 3814 1748
161 3424 1748
161 2069 1748
3691 161 1748
161 1713 1748
3666 161 1748
441 161 1748
161 3727 1748
798 161 1748
4325 161 1748
3059 161 1748
161 4774 1748
161 774 1748
161 4726 1748
161 4113 1748
8 161 1748
2089 161 1748
161 3701 1748
4738 161 1748
1160 161 1748
2088 161 1748
4869 161 1748
1420 161 1748
548 161 1748
1339 161 1748
161 843 1748
1684 161 1748
4033 161 1748
161 628 1748
3353 161 1748
161 2027 1748
161 2445 1748
161 1488 1748
161 3400 1748
161 4952 1748
1926 161 1748
161 3387 1748
161 1352 1748
4615 161 1748
4977 161 1748
4824 161 1748
871 161 1748
161 274 1748
846 161 1748
3369 161 1748
1584 161 1748
4441 161 1748
1326 161 1748
161 491 1748
161 4552 1748
161 2339 1748
2417 161 1748
161 3554 1748
1381 161 1748
1496 161 1748
2613 161 1748
161 429 1748
3324 161 1748
1520 161 1748
4567 161 1748
161 3081 1748
161 4195 1748
161 2910 1748
161 1255 1748
3631 161 1748
2207 161 1748
161 994 1748
453 161 1748
161 4965 1748
161 1349 1748
4829 161 1748
161 3583 1748
3089 161 1748
161 4794 1748
161 324 1748
161 2092 1748
3096 161 1748
161 4964 1748
2755 161 1748
161 3361 1748
2084 161 1748
161 3463 1748
4468 161 1748
3046 161 1748
564 161 1748
161 816 1748
4848 161 1748
3615 161 1748
161 145 1748
161 4863 1748
161 2914 1748
157 161 1748
161 3772 1748
161 2974 1748
1142 161 1748
161 408 1748
1455 161 1748
161 3774 1748
161 705 1748
161 2635 1748
2579 161 1748
161 3556 1748
91 161 1748
2134 161 1748
161 3370 1748
161 1762 1748
2153 161 1748
161 4610 1748
3809 161 1748
161 581 1748
3078 161 1748
3682 161 1748
3844 161 1748
161 1917 1748
161 765 1748
161 1790 1748
161 4032 1748
2781 161 1748
161 4923 1748
4763 161 1748
2185 161 1748
37 161 1748
161 3457 1748
161 1367 1748
161 4037 1748
2100 161 1748
161 4525 1748
161 420 1748
3045 161 1748
161 2580 1748
161 3 1748
3806 161 1748
1054 161 1748
3008 161 1748
161 1624 1748
161 1667 1748
161 4513 1748
161 1973 1748
4429 161 1748
161 1681 1748
161 3867 1748
485 161 1748
2472 161 1748
161 1572 1748
1650 161 1748
4390 161 1748
161 4482 1748
161 3497 1748
161 1689 1748
161 3211 1748
161 3902 1748
2881 161 1748
161 3348 1748
161 413 1748
3459 161 1748
3645 161 1748
161 2263 1748
161 1837 1748
3820 161 1748
4352 161 1748
3304 161 1748
3431 161 1748
1580 161 1748
161 632 1748
842 161 1748
161 935 1748
4689 161 1748
161 2105 1748
2564 161 1748
161 2359 1748
161 445 1748
1800 161 1748
161 2979 1748
161 4704 1748
1213 161 1748
161 3725 1748
4914 161 1748
161 4430 1748
1787 161 1748
2905 161 1748
161 2620 1748
954 161 1748
161 3712 1748
161 3102 1748
3567 161 1748
4364 161 1748
161 1152 1748
161 4385 1748
1163 161 1748
1680 161 1748
192 161 1748
577 161 1748
2307 161 1748
161 1294 1748
3769 161 1748
1658 161 1748
161 2647 1748
199 161 1748
3302 161 1748
161 4768 1748
161 3322 1748
4149 161 1748
161 3266 1748
161 490 1748
161 3621 1748
161 2150 1748
161 1938 1748
3262 161 1748
3504 161 1748
447 161 1748
3489 161 1748
161 83 1748
402 161 1748
161 3992 1748
161 770 1748
161 4838 1748
1236 161 1748
3951 161 1748
161 1903 1748
161 1593 1748
3862 161 1748
161 4955 1748
636 161 1748
2597 161 1748
4071 161 1748
2904 161 1748
1094 161 1748
161 3643 1748
161 2971 1748
161 2590 1748
161 3070 1748
161 332 1748
161 4658 1748
161 3794 1748
161 4705 1748
161 2295 1748
1794 161 1748
3734 161 1748
4635 161 1748
161 4974 1748
161 757 1748
161 2978 1748
161 758 1748
4743 161 1748
161 4989 1748
161 1012 1748
3392 161 1748
161 3118 1748
161 2783 1748
2612 161 1748
985 161 1748
161 1619 1748
4270 161 1748
4557 161 1748
161 306 1748
3203 161 1748
2468 161 1748
1540 161 1748
161 3739 1748
1044 161 1748
161 2403 1748
170 161 1748
4524 161 1748
2540 161 1748
131 161 1748
161 2666 1748
161 3547 1748
4934 161 1748
161 4166 1748
161 2182 1748
161 1132 1748
4034 161 1748
161 4086 1748
3624 161 1748
1569 161 1748
4038 161 1748
161 778 1748
161 3113 1748
161 2126 1748
2079 161 1748
161 443 1748
161 3619 1748
2674 161 1748
161 1890 1748
161 2412 1748
4045 161 1748
1208 161 1748
161 1742 1748
161 3491 1748
161 3173 1748
451 161 1748
1209 161 1748
206 161 1748
161 201 1748
161 674 1748
161 1676 1748
1943 161 1748
3460 161 1748
184 161 1748
161 2865 1748
3637 161 1748
161 275 1748
4081 161 1748
161 2975 1748
161 4932 1748
161 3267 1748
161 473 1748
161 1953 1748
161 4929 1748
161 20 1748
260 161 1748
161 3764 1748
4732 161 1748
161 1356 1748
2494 161 1748
1047 161 1748
161 527 1748
161 645 1748
3306 161 1748
1559 161 1748
1267 161 1748
161 3039 1748
161 882 1748
161 3002 1748
161 125 1748
161 3241 1748
161 2851 1748
828 161 1748
2486 161 1748
161 1644 1748
1405 161 1748
1124 161 1748
2924 161 1748
773 161 1748
4040 161 1748
4435 161 1748
3781 161 1748
2071 161 1748
541 161 1748
2179 161 1748
793 161 1748
1479 161 1748
161 606 1748
4823 161 1748
1385 161 1748
161 3292 1748
4171 161 1748
2247 161 1748
161 2475 1748
710 161 1748
2805 161 1748
161 1338 1748
161 3918 1748
3573 161 1748
161 2824 1748
161 903 1748
161 2387 1748
4503 161 1748
3953 161 1748
3186 161 1748
4439 161 1748
161 2559 1748
3120 161 1748
161 4653 1748
1803 161 1748
3299 161 1748
161 1169 1748
161 1647 1748
161 3626 1748
3571 161 1748
161 4208 1748
161 284 1748
161 907 1748
4172 161 1748
1475 161 1748
161 3282 1748
161 1583 1748
161 1714 1748
161 1613 1748
4476 161 1748
161 1489 1748
360 161 1748
161 4063 1748
3788 161 1748
2493 161 1748
4783 161 1748
1610 161 1748
737 161 1748
287 161 1748
234 161 1748
161 2491 1748
4733 161 1748
161 3981 1748
1645 161 1748
1588 161 1748
1832 161 1748
648 161 1748
4133 161 1748
1571 161 1748
161 4547 1748
161 624 1748
161 4472 1748
3146 161 1748
4280 161 1748
4592 161 1748
161 440 1748
2316 161 1748
161 305 1748
4130 161 1748
728 161 1748
161 1612 1748
3305 161 1748
161 4545 1748
161 787 1748
4747 161 1748
161 3753 1748
161 2800 1748
161 123 1748
3793 161 1748
161 672 1748
161 1089 1748
161 1783 1748
285 161 1748
2152 161 1748
161 2159 1748
1136 161 1748
1376 161 1748
2757 161 1748
161 4844 1748
847 161 1748
161 2162 1748
161 2050 1748
161 1048 1748
161 4972 1748
161 1361 1748
161 2312 1748
161 4511 1748
161 1219 1748
839 161 1748
1617 161 1748
161 1693 1748
279 161 1748
3278 161 1748
1847 161 1748
1307 161 1748
1987 161 1748
195 161 1748
161 228 1748
294 161 1748
2520 161 1748
215 161 1748
161 1544 1748
3942 161 1748
4645 161 1748
161 1085 1748
161 4175 1748
161 489 1748
106 161 1748
161 1966 1748
2028 161 1748
161 3408 1748
161 1546 1748
161 4369 1748
161 3870 1748
2544 161 1748
254 161 1748
161 1786 1748
1396 161 1748
161 2665 1748
161 1099 1748
2365 161 1748
161 2239 1748
2932 161 1748
2862 161 1748
4655 161 1748
4434 161 1748
1220 161 1748
143 161 1748
161 789 1748
161 3649 1748
3033 161 1748
161 2788 1748
161 4948 1748
161 4804 1748
1197 161 1748
161 539 1748
866 161 1748
1527 161 1748
161 383 1748
161 4842 1748
161 1424 1748
161 2991 1748
161 2973 1748
3100 161 1748
161 3888 1748
4347 161 1748
161 4870 1748
2095 161 1748
161 4663 1748
3047 161 1748
1992 161 1748
161 1696 1748
161 2592 1748
161 4993 1748
161 799 1748
161 2963 1748
4372 161 1748
3938 161 1748
4883 161 1748
161 4110 1748
161 749 1748
3471 161 1748
161 741 1748
297 161 1748
161 4182 1748
161 2938 1748
161 357 1748
1423 161 1748
161 4520 1748
161 544 1748
4765 161 1748
3259 161 1748
161 2305 1748
161 58 1748
962 161 1748
161 2369 1748
825 161 1748
161 1562 1748
3289 161 1748
926 161 1748
161 4261 1748
4469 161 1748
161 717 1748
161 4035 1748
161 4751 1748
621 161 1748
161 707 1748
571 161 1748
3066 161 1748
161 3581 1748
161 2925 1748
161 3048 1748
161 740 1748
3925 161 1748
2966 161 1748
1230 161 1748
4121 161 1748
221 161 1748
1657 161 1748
161 1950 1748
1066 161 1748
161 615 1748
161 312 1748
1629 161 1748
4559 161 1748
161 1410 1748
2803 161 1748
81 161 1748
4428 161 1748
161 1408 1748
1611 161 1748
161 3157 1748
4675 161 1748
1896 161 1748
161 430 1748
161 1836 1748
3632 161 1748
161 727 1748
167 161 1748
161 2017 1748
161 1073 1748
161 2679 1748
4483 161 1748
161 1023 1748
1258 161 1748
4419 161 1748
161 205 1748
161 4597 1748
161 4695 1748
4802 161 1748
161 1940 1748
4010 161 1748
4577 161 1748
877 161 1748
2857 161 1748
161 3126 1748
161 229 1748
161 3702 1748
3678 161 1748
161 3053 1748
161 3298 1748
480 161 1748
3907 161 1748
2421 161 1748
3993 161 1748
1175 161 1748
161 762 1748
1694 161 1748
3751 161 1748
161 4628 1748
161 1541 1748
161 3185 1748
161 4398 1748
161 3198 1748
161 1718 1748
592 161 1748
161 1442 1748
161 3106 1748
161 3661 1748
161 1646 1748
161 4310 1748
3904 161 1748
161 2206 1748
161 2821 1748
1207 161 1748
2858 161 1748
161 4447 1748
161 4120 1748
161 2581 1748
161 374 1748
161 2480 1748
4026 161 1748
3546 161 1748
4730 161 1748
2944 161 1748
161 3941 1748
644 161 1748
2538 161 1748
161 4151 1748
161 2577 1748
161 3326 1748
161 4350 1748
4951 161 1748
161 4289 1748
161 4416 1748
3653 161 1748
1295 161 1748
2460 161 1748
4154 161 1748
2898 161 1748
4353 161 1748
161 667 1748
161 4881 1748
1176 161 1748
161 2883 1748
161 132 1748
4078 161 1748
161 3152 1748
161 479 1748
161 818 1748
1677 161 1748
2118 161 1748
161 4837 1748
2617 161 1748
161 4808 1748
1864 161 1748
161 3935 1748
3893 161 1748
4283 161 1748
161 2496 1748
161 3344 1748
1921 161 1748
161 1785 1748
2560 161 1748
161 4126 1748
220 161 1748
3978 161 1748
2693 161 1748
161 584 1748
3480 161 1748
183 161 1748
3495 161 1748
161 2382 1748
378 161 1748
161 1458 1748
161 1628 1748
4800 161 1748
1430 161 1748
2681 161 1748
1960 161 1748
2254 161 1748
293 161 1748
2935 161 1748
1134 161 1748
891 161 1748
161 2319 1748
2628 161 1748
1752 161 1748
2363 161 1748
640 161 1748
161 1978 1748
4492 161 1748
161 469 1748
2593 161 1748
2171 161 1748
5000 161 1748
3390 161 1748
4189 161 1748
161 884 1748
161 2653 1748
4491 161 1748
161 3277 1748
161 4664 1748
4613 161 1748
2611 161 1748
161 2743 1748
4279 161 1748
161 1934 1748
161 4693 1748
161 1777 1748
161 3956 1748
2765 161 1748
161 2441 1748
2200 161 1748
161 3421 1748
2473 161 1748
161 1965 1748
4830 161 1748
3501 161 1748
3122 161 1748
2782 161 1748
161 4363 1748
161 2911 1748
161 322 1748
1319 161 1748
4905 161 1748
4397 161 1748
161 3744 1748
161 3352 1748
1291 161 1748
4371 161 1748
161 4614 1748
4604 161 1748
161 4587 1748
161 3566 1748
792 161 1748
3778 161 1748
2927 161 1748
161 3473 1748
240 161 1748
161 2314 1748
861 161 1748
161 1746 1748
161 2169 1748
1687 161 1748
3368 161 1748
2807 161 1748
161 4142 1748
161 4431 1748
1485 161 1748
4697 161 1748
2103 161 1748
161 1195 1748
3745 161 1748
3830 161 1748
4083 161 1748
1528 161 1748
161 4075 1748
2528 161 1748
266 161 1748
161 3061 1748
161 2423 1748
161 3507 1748
161 373 1748
161 2861 1748
590 161 1748
161 3165 1748
161 2042 1748
3405 161 1748
2984 161 1748
1065 161 1748
3010 161 1748
161 4413 1748
3285 161 1748
161 2394 1748
161 2166 1748
161 2164 1748
161 4345 1748
161 4555 1748
161 4167 1748
3521 161 1748
161 3212 1748
161 1545 1748
161 4939 1748
1211 161 1748
4681 161 1748
1804 161 1748
161 174 1748
2289 161 1748
161 3321 1748
161 2940 1748
161 869 1748
161 1769 1748
1933 161 1748
161 139 1748
3228 161 1748
3412 161 1748
646 161 1748
161 934 1748
161 3703 1748
4775 161 1748
161 3945 1748
664 161 1748
3073 161 1748
4636 161 1748
4160 161 1748
4832 161 1748
4990 161 1748
161 1529 1748
3854 161 1748
161 1059 1748
3577 161 1748
161 1001 1748
161 4997 1748
4537 161 1748
1730 161 1748
161 4954 1748
3377 161 1748
161 2959 1748
161 124 1748
161 1302 1748
161 1618 1748
161 2855 1748
161 3493 1748
3690 161 1748
795 161 1748
1523 161 1748
4510 161 1748
161 583 1748
1324 161 1748
1671 161 1748
161 796 1748
3984 161 1748
2174 161 1748
2021 161 1748
2192 161 1748
4981 161 1748
161 3143 1748
161 4676 1748
4801 161 1748
4611 161 1748
161 127 1748
161 4815 1748
3487 161 1748
161 1274 1748
161 1511 1748
4877 161 1748
3749 161 1748
161 2909 1748
161 10 1748
1983 161 1748
1243 161 1748
161 559 1748
2277 161 1748
4648 161 1748
2246 161 1748
161 4298 1748
3435 161 1748
161 2813 1748
161 3257 1748
3450 161 1748
44 161 1748
161 1229 1748
161 1026 1748
161 4498 1748
113 161 1748
161 1578 1748
161 4846 1748
161 190 1748
161 1296 1748
3846 161 1748
2955 161 1748
161 878 1748
1112 161 1748
161 3260 1748
161 3837 1748
2507 161 1748
161 1447 1748
161 1095 1748
1643 161 1748
161 392 1748
161 979 1748
161 2097 1748
161 2998 1748
161 4265 1748
161 2463 1748
161 62 1748
2702 161 1748
161 27 1748
161 2518 1748
161 4053 1748
161 4667 1748
161 2479 1748
70 161 1748
161 175 1748
2967 161 1748
3028 161 1748
161 2243 1748
675 161 1748
161 4256 1748
2190 161 1748
3261 161 1748
161 4299 1748
161 4903 1748
3490 161 1748
2814 161 1748
161 2294 1748
161 4817 1748
161 4009 1748
161 2047 1748
161 4253 1748
1470 161 1748
1734 161 1748
161 4912 1748
4727 161 1748
1930 161 1748
161 3379 1748
161 1467 1748
2357 161 1748
4527 161 1748
1357 161 1748
2457 161 1748
3706 161 1748
161 382 1748
161 2651 1748
4860 161 1748
161 3099 1748
1149 161 1748
161 549 1748
2832 161 1748
3796 161 1748
3752 161 1748
161 4855 1748
161 96 1748
161 366 1748
4357 161 1748
2503 161 1748
161 1118 1748
161 3705 1748
161 4209 1748
161 2052 1748
161 303 1748
161 703 1748
4489 161 1748
2388 161 1748
161 4273 1748
161 4337 1748
161 815 1748
3452 161 1748
161 3174 1748
4777 161 1748
161 2915 1748
161 686 1748
161 4177 1748
161 3668 1748
161 2918 1748
161 1282 1748
3376 161 1748
161 505 1748
2183 161 1748
161 4502 1748
3529 161 1748
2754 161 1748
161 2712 1748
4147 161 1748
161 3168 1748
2280 161 1748
94 161 1748
161 506 1748
2130 161 1748
4915 161 1748
161 4409 1748
161 1245 1748
161 3813 1748
161 4302 1748
2686 161 1748
161 602 1748
3776 161 1748
161 1275 1748
3738 161 1748
2272 161 1748
513 161 1748
3363 161 1748
161 4455 1748
245 161 1748
161 2251 1748
3506 161 1748
161 2428 1748
161 1576 1748
161 982 1748
161 4556 1748
161 1726 1748
2310 161 1748
161 2269 1748
161 1027 1748
161 3609 1748
161 1911 1748
3172 161 1748
3965 161 1748
2762 161 1748
1665 161 1748
2982 161 1748
161 4044 1748
706 161 1748
161 1064 1748
1306 161 1748
161 1116 1748
161 3154 1748
4718 161 1748
161 2609 1748
161 4907 1748
1939 161 1748
2268 161 1748
2128 161 1748
3940 161 1748
622 161 1748
161 4313 1748
161 1199 1748
161 1596 1748
161 1190 1748
161 3079 1748
115 161 1748
161 4885 1748
4100 161 1748
2761 161 1748
2091 161 1748
2241 161 1748
3410 161 1748
161 4123 1748
161 1378 1748
1565 161 1748
161 543 1748
4203 161 1748
161 3724 1748
161 2346 1748
161 2093 1748
845 161 1748
161 13 1748
3238 161 1748
161 483 1748
161 4827 1748
2404 161 1748
1156 161 1748
161 2132 1748
3559 161 1748
161 3871 1748
161 1833 1748
161 3409 1748
2392 161 1748
161 4351 1748
161 4269 1748
161 3511 1748
2866 161 1748
4579 161 1748
161 2350 1748
3919 161 1748
161 4985 1748
161 649 1748
2178 161 1748
2605 161 1748
161 1083 1748
161 2165 1748
3595 161 1748
161 3952 1748
1700 161 1748
161 1476 1748
1492 161 1748
161 751 1748
161 2996 1748
1311 161 1748
161 3789 1748
4893 161 1748
938 161 1748
60 161 1748
161 2709 1748
3999 161 1748
161 4143 1748
2792 161 1748
1737 161 1748
161 55 1748
1330 161 1748
2561 161 1748
161 4336 1748
161 2060 1748
3391 161 1748
161 2115 1748
161 4474 1748
147 161 1748
161 718 1748
161 2499 1748
1807 161 1748
2704 161 1748
965 161 1748
1824 161 1748
161 2329 1748
988 161 1748
1623 161 1748
1173 161 1748
161 3129 1748
2505 161 1748
161 4221 1748
161 1877 1748
161 4305 1748
161 3576 1748
161 3263 1748
161 2006 1748
1501 161 1748
1013 161 1748
161 320 1748
620 161 1748
1963 161 1748
161 4356 1748
161 1388 1748
161 2916 1748
161 2419 1748
2383 161 1748
2952 161 1748
4937 161 1748
161 4159 1748
1432 161 1748
400 161 1748
161 4665 1748
1512 161 1748
161 3444 1748
161 2817 1748
161 1058 1748
161 4784 1748
161 4456 1748
1773 161 1748
4392 161 1748
161 3694 1748
3518 161 1748
161 633 1748
3782 161 1748
161 2447 1748
161 2337 1748
161 4054 1748
161 3924 1748
3451 161 1748
1276 161 1748
161 1379 1748
2896 161 1748
748 161 1748
193 161 1748
244 161 1748
161 3819 1748
161 1964 1748
161 1867 1748
161 925 1748
161 1477 1748
161 2727 1748
161 1731 1748
161 2986 1748
65 161 1748
694 161 1748
161 4008 1748
3119 161 1748
161 4661 1748
3213 161 1748
161 2199 1748
161 3558 1748
161 4057 1748
161 3969 1748
161 4236 1748
2349 161 1748
1310 161 1748
3785 161 1748
714 161 1748
1736 161 1748
153 161 1748
161 3103 1748
3329 161 1748
211 161 1748
4786 161 1748
3708 161 1748
3032 161 1748
702 161 1748
1608 161 1748
161 1079 1748
3880 161 1748
3875 161 1748
161 3600 1748
1535 161 1748
346 161 1748
161 2469 1748
2700 161 1748
161 152 1748
161 3218 1748
1755 161 1748
3117 161 1748
161 146 1748
161 2127 1748
1985 161 1748
161 1947 1748
2587 161 1748
2513 161 1748
161 3508 1748
161 2204 1748
161 520 1748
1285 161 1748
161 4184 1748
1831 161 1748
161 2226 1748
161 2608 1748
942 161 1748
161 1753 1748
161 647 1748
1936 161 1748
4068 161 1748
4978 161 1748
660 161 1748
161 3777 1748
161 3658 1748
3756 161 1748
161 2882 1748
2738 161 1748
3539 161 1748
161 2311 1748
2146 161 1748
161 2109 1748
850 161 1748
161 507 1748
4249 161 1748
523 161 1748
161 4772 1748
3388 161 1748
161 732 1748
2467 161 1748
1666 161 1748
161 2046 1748
2315 161 1748
161 3515 1748
894 161 1748
161 2147 1748
1634 161 1748
3689 161 1748
2462 161 1748
3874 161 1748
3189 161 1748
2669 161 1748
161 1595 1748
3561 161 1748
2801 161 1748
4686 161 1748
161 609 1748
161 1709 1748
48 161 1748
161 454 1748
2600 161 1748
3533 161 1748
161 3574 1748
161 1039 1748
161 7 1748
1165 161 1748
161 3710 1748
4243 161 1748
1288 161 1748
161 986 1748
161 867 1748
3959 161 1748
161 2345 1748
161 1495 1748
4851 161 1748
161 2464 1748
161 4050 1748
900 161 1748
3869 161 1748
1798 161 1748
719 161 1748
2139 161 1748
161 414 1748
3975 161 1748
161 1625 1748
1101 161 1748
161 3732 1748
4652 161 1748
1515 161 1748
4910 161 1748
2901 161 1748
161 3235 1748
3378 161 1748
161 3151 1748
161 1958 1748
161 3877 1748
670 161 1748
1637 161 1748
1505 161 1748
4246 161 1748
161 2650 1748
161 4626 1748
161 3892 1748
3865 161 1748
161 1240 1748
1189 161 1748
161 586 1748
161 3209 1748
161 535 1748
161 684 1748
161 4879 1748
4949 161 1748
3287 161 1748
161 1155 1748
3012 161 1748
161 1728 1748
1946 161 1748
161 2210 1748
1782 161 1748
161 249 1748
2549 161 1748
3527 161 1748
161 2446 1748
182 161 1748
2958 161 1748
3340 161 1748
1621 161 1748
161 3396 1748
2701 161 1748
2211 161 1748
161 3017 1748
161 898 1748
161 14 1748
161 4862 1748
2051 161 1748
4651 161 1748
161 3443 1748
3625 161 1748
161 3715 1748
4994 161 1748
3634 161 1748
426 161 1748
2230 161 1748
4047 161 1748
945 161 1748
2830 161 1748
161 1032 1748
4383 161 1748
1706 161 1748
1974 161 1748
161 2498 1748
3284 161 1748
161 2558 1748
3150 161 1748
161 735 1748
161 4179 1748
3133 161 1748
3333 161 1748
3695 161 1748
161 642 1748
824 161 1748
3406 161 1748
3438 161 1748
161 137 1748
4163 161 1748
4868 161 1748
2542 161 1748
4417 161 1748
3920 161 1748
161 4445 1748
4594 161 1748
161 1046 1748
1893 161 1748
161 2330 1748
1178 161 1748
161 2618 1748
1976 161 1748
3927 161 1748
1171 161 1748
1962 161 1748
161 3433 1748
161 4548 1748
161 1549 1748
161 452 1748
3265 161 1748
161 2317 1748
161 2334 1748
3248 161 1748
161 3644 1748
161 3295 1748
161 3740 1748
3799 161 1748
161 715 1748
161 314 1748
3125 161 1748
662 161 1748
161 2572 1748
161 3076 1748
161 4779 1748
2969 161 1748
161 2802 1748
161 2977 1748
161 3957 1748
823 161 1748
2874 161 1748
4569 161 1748
161 1725 1748
161 4278 1748
729 161 1748
161 838 1748
3505 161 1748
3169 161 1748
3803 161 1748
1531 161 1748
161 319 1748
161 3003 1748
2259 161 1748
161 1582 1748
1446 161 1748
161 43 1748
161 4632 1748
161 2708 1748
161 1266 1748
161 4694 1748
1129 161 1748
1031 161 1748
2610 161 1748
4384 161 1748
161 1514 1748
161 47 1748
4500 161 1748
3716 161 1748
1457 161 1748
3964 161 1748
161 345 1748
161 4451 1748
161 2203 1748
4002 161 1748
4565 161 1748
467 161 1748
161 976 1748
972 161 1748
161 2194 1748
1702 161 1748
161 2431 1748
2022 161 1748
161 2461 1748
2506 161 1748
161 3184 1748
2442 161 1748
3300 161 1748
4382 161 1748
161 1334 1748
1944 161 1748
161 4064 1748
999 161 1748
161 2371 1748
161 21 1748
2119 161 1748
4746 161 1748
4638 161 1748
161 356 1748
4238 161 1748
1161 161 1748
161 2025 1748
161 1533 1748
161 4739 1748
161 4242 1748
162 161 1748
1358 161 1748
4896 161 1748
161 946 1748
161 4497 1748
161 4027 1748
161 1840 1748
2238 161 1748
161 4141 1748
161 4679 1748
161 4444 1748
4341 161 1748
3722 161 1748
951 161 1748
161 4406 1748
161 3381 1748
3955 161 1748
161 1655 1748
161 2573 1748
161 3153 1748
3528 161 1748
3913 161 1748
161 1622 1748
161 158 1748
161 4102 1748
161 1825 1748
879 161 1748
2436 161 1748
161 2474 1748
161 2689 1748
161 4678 1748
161 2673 1748
3440 161 1748
161 4810 1748
161 2945 1748
4192 161 1748
713 161 1748
4303 161 1748
161 478 1748
161 4088 1748
161 1902 1748
161 1389 1748
161 3670 1748
3553 161 1748
161 927 1748
3087 161 1748
161 4205 1748
196 161 1748
214 161 1748
161 1036 1748
2304 161 1748
161 4330 1748
161 3605 1748
161 151 1748
161 3310 1748
3274 161 1748
161 3642 1748
161 3015 1748
2011 161 1748
161 3630 1748
161 230 1748
4065 161 1748
161 1656 1748
4178 161 1748
161 3933 1748
161 4590 1748
161 4173 1748
4024 161 1748
335 161 1748
161 3098 1748
161 4460 1748
161 1177 1748
161 4156 1748
3067 161 1748
4745 161 1748
3234 161 1748
161 4781 1748
302 161 1748
1482 161 1748
2144 161 1748
161 2057 1748
2606 161 1748
161 4669 1748
161 1660 1748
161 3613 1748
161 971 1748
161 283 1748
161 3841 1748
161 2546 1748
4091 161 1748
161 4250 1748
161 2340 1748
2512 161 1748
3989 161 1748
161 2698 1748
3757 161 1748
1037 161 1748
1891 161 1748
2880 161 1748
161 1074 1748
2215 161 1748
4759 161 1748
161 4517 1748
4841 161 1748
1223 161 1748
161 768 1748
3564 161 1748
438 161 1748
1436 161 1748
161 3575 1748
4766 161 1748
161 2041 1748
109 161 1748
161 2536 1748
161 1727 1748
2435 161 1748
3536 161 1748
1556 161 1748
161 3080 1748
3673 161 1748
161 949 1748
4059 161 1748
2680 161 1748
4210 161 1748
161 1393 1748
2440 161 1748
161 299 1748
1633 161 1748
161 4996 1748
2366 161 1748
3675 161 1748
161 353 1748
161 3916 1748
161 3982 1748
1870 161 1748
161 107 1748
161 1304 1748
161 3719 1748
161 939 1748
161 1991 1748
161 4157 1748
161 665 1748
3372 161 1748
161 2323 1748
4721 161 1748
161 1402 1748
4814 161 1748
161 1868 1748
1287 161 1748
3822 161 1748
114 161 1748
161 4079 1748
4753 161 1748
161 4486 1748
161 1395 1748
161 2797 1748
3713 161 1748
1391 161 1748
2806 161 1748
2262 161 1748
161 969 1748
161 608 1748
3064 161 1748
161 76 1748
3237 161 1748
4785 161 1748
161 2764 1748
3398 161 1748
3662 161 1748
161 2683 1748
1440 161 1748
161 492 1748
4917 161 1748
161 2361 1748
161 2893 1748
1534 161 1748
161 384 1748
161 806 1748
856 161 1748
161 3510 1748
161 415 1748
2253 161 1748
3659 161 1748
161 4707 1748
161 1506 1748
161 1761 1748
161 1792 1748
4608 161 1748
2180 161 1748
2291 161 1748
777 161 1748
235 161 1748
3023 161 1748
161 4708 1748
161 12 1748
2191 161 1748
161 1303 1748
161 2448 1748
2568 161 1748
161 2393 1748
161 849 1748
2968 161 1748
161 3638 1748
161 3110 1748
4581 161 1748
902 161 1748
3780 161 1748
388 161 1748
1918 161 1748
3890 161 1748
4595 161 1748
161 4335 1748
2456 161 1748
161 1516 1748
908 161 1748
161 1042 1748
161 399 1748
161 2099 1748
1721 161 1748
161 4124 1748
161 1614 1748
1390 161 1748
1068 161 1748
161 2897 1748
161 1551 1748
3612 161 1748
4892 161 1748
161 3824 1748
3449 161 1748
2283 161 1748
161 4220 1748
161 1140 1748
161 3847 1748
161 3007 1748
161 1508 1748
161 101 1748
161 1751 1748
2543 161 1748
2113 161 1748
161 3454 1748
161 4935 1748
1067 161 1748
3928 161 1748
4058 161 1748
161 61 1748
181 161 1748
161 2684 1748
161 514 1748
2731 161 1748
1412 161 1748
1969 161 1748
161 267 1748
1945 161 1748
161 3620 1748
3458 161 1748
2413 161 1748
1888 161 1748
128 161 1748
161 2240 1748
161 4334 1748
957 161 1748
1332 161 1748
4650 161 1748
161 4391 1748
2176 161 1748
4223 161 1748
161 168 1748
2070 161 1748
161 3786 1748
1108 161 1748
2151 161 1748
161 2786 1748
161 2495 1748
3742 161 1748
2826 161 1748
1398 161 1748
161 1364 1748
161 207 1748
1970 161 1748
404 161 1748
161 3878 1748
161 744 1748
161 3534 1748
1989 161 1748
247 161 1748
2484 161 1748
2869 161 1748
161 3532 1748
2418 161 1748
2695 161 1748
3804 161 1748
161 3031 1748
161 4104 1748
161 4946 1748
4671 161 1748
2737 161 1748
161 1887 1748
161 534 1748
4076 161 1748
161 444 1748
4399 161 1748
4969 161 1748
161 3050 1748
161 316 1748
161 3816 1748
161 3688 1748
253 161 1748
161 2596 1748
161 3996 1748
161 3446 1748
1387 161 1748
3519 161 1748
161 3826 1748
161 3307 1748
161 2308 1748
2309 161 1748
161 476 1748
1503 161 1748
915 161 1748
161 1325 1748
161 4528 1748
3685 161 1748
161 3464 1748
4666 161 1748
161 1982 1748
1052 161 1748
1820 161 1748
161 1138 1748
3650 161 1748
1841 161 1748
161 2649 1748
2776 161 1748
161 4516 1748
161 3139 1748
161 4213 1748
161 521 1748
161 1421 1748
2124 161 1748
4940 161 1748
3468 161 1748
4878 161 1748
2222 161 1748
2208 161 1748
161 4404 1748
161 1397 1748
4526 161 1748
3496 161 1748
3995 161 1748
161 3520 1748
161 1548 1748
161 3839 1748
161 4711 1748
161 919 1748
464 161 1748
1010 161 1748
161 753 1748
161 1128 1748
526 161 1748
2367 161 1748
3967 161 1748
161 1525 1748
161 1760 1748
161 3660 1748
161 1204 1748
4260 161 1748
202 161 1748
2652 161 1748
161 2248 1748
161 2395 1748
691 161 1748
161 4803 1748
161 4835 1748
161 3112 1748
161 2390 1748
161 509 1748
161 4136 1748
161 3108 1748
161 4806 1748
161 1789 1748
4509 161 1748
3020 161 1748
2455 161 1748
161 580 1748
57 161 1748
251 161 1748
1186 161 1748
161 3729 1748
4097 161 1748
161 2575 1748
1018 161 1748
2396 161 1748
161 4082 1748
161 1830 1748
155 161 1748
3280 161 1748
161 2768 1748
2264 161 1748
161 395 1748
3162 161 1748
4789 161 1748
161 1377 1748
2724 161 1748
161 2235 1748
3276 161 1748
161 754 1748
161 4311 1748
161 4016 1748
2450 161 1748
161 1894 1748
161 1286 1748
1384 161 1748
161 1087 1748
161 3934 1748
2377 161 1748
161 398 1748
1004 161 1748
161 859 1748
161 3966 1748
161 2290 1748
161 237 1748
161 1449 1748
161 3700 1748
3821 161 1748
554 161 1748
1456 161 1748
1816 161 1748
161 1355 1748
161 3684 1748
161 4116 1748
161 2598 1748
161 3868 1748
3842 161 1748
161 3338 1748
150 161 1748
1337 161 1748
161 1193 1748
161 3602 1748
2828 161 1748
161 4023 1748
161 3535 1748
161 85 1748
4742 161 1748
161 1912 1748
1038 161 1748
434 161 1748
161 643 1748
3823 161 1748
161 427 1748
161 2121 1748
161 2270 1748
1262 161 1748
1301 161 1748
161 2478 1748
161 1157 1748
2837 161 1748
2085 161 1748
4080 161 1748
161 4217 1748
161 1450 1748
161 173 1748
161 3905 1748
4643 161 1748
161 3488 1748
2602 161 1748
161 2919 1748
2818 161 1748
2999 161 1748
2710 161 1748
161 22 1748
161 2257 1748
161 775 1748
4271 161 1748
256 161 1748
295 161 1748
161 1956 1748
1344 161 1748
848 161 1748
3399 161 1748
627 161 1748
4602 161 1748
3403 161 1748
3580 161 1748
2481 161 1748
372 161 1748
161 3866 1748
786 161 1748
161 1513 1748
204 161 1748
840 161 1748
161 358 1748
161 1348 1748
161 1886 1748
161 4092 1748
161 4521 1748
4379 161 1748
4089 161 1748
1106 161 1748
3795 161 1748
2197 161 1748
2326 161 1748
161 1008 1748
161 1000 1748
481 161 1748
380 161 1748
4333 161 1748
3555 161 1748
161 2931 1748
161 4831 1748
164 161 1748
2616 161 1748
161 1362 1748
161 1382 1748
161 1889 1748
2961 161 1748
161 3147 1748
3987 161 1748
3074 161 1748
161 1862 1748
161 3572 1748
161 1729 1748
161 1722 1748
161 2274 1748
1007 161 1748
161 1542 1748
161 2556 1748
4062 161 1748
161 236 1748
161 2972 1748
161 4264 1748
1133 161 1748
161 2825 1748
161 1673 1748
161 1679 1748
4449 161 1748
161 4620 1748
161 641 1748
531 161 1748
161 4683 1748
471 161 1748
4153 161 1748
3384 161 1748
59 161 1748
140 161 1748
161 2420 1748
261 161 1748
161 4426 1748
2659 161 1748
516 161 1748
161 2172 1748
2603 161 1748
241 161 1748
3472 161 1748
161 3840 1748
4982 161 1748
161 3604 1748
4168 161 1748
161 923 1748
161 3141 1748
161 3570 1748
161 4003 1748
3970 161 1748
888 161 1748
161 1707 1748
161 3514 1748
736 161 1748
4263 161 1748
161 2655 1748
4812 161 1748
4268 161 1748
2137 161 1748
161 4529 1748
1273 161 1748
1147 161 1748
1861 161 1748
981 161 1748
3268 161 1748
161 1233 1748
161 2320 1748
161 1961 1748
161 4920 1748
3009 161 1748
161 1821 1748
161 1802 1748
2201 161 1748
111 161 1748
161 673 1748
161 3145 1748
161 3432 1748
161 1872 1748
4764 161 1748
4410 161 1748
2082 161 1748
187 161 1748
161 3161 1748
161 4512 1748
161 4438 1748
161 3652 1748
161 41 1748
161 2815 1748
3056 161 1748
343 161 1748
161 493 1748
161 4911 1748
161 1122 1748
3021 161 1748
161 2954 1748
161 1191 1748
2595 161 1748
161 2158 1748
161 4386 1748
161 2279 1748
2054 161 1748
4106 161 1748
161 4048 1748
161 1699 1748
161 4591 1748
3094 161 1748
2995 161 1748
2601 161 1748
161 1309 1748
1242 161 1748
161 3236 1748
4825 161 1748
161 3730 1748
161 185 1748
3721 161 1748
2642 161 1748
812 161 1748
161 3802 1748
161 597 1748
161 2571 1748
1292 161 1748
161 4899 1748
2730 161 1748
2081 161 1748
161 3983 1748
31 161 1748
161 4030 1748
3852 161 1748
161 1791 1748
161 381 1748
1871 161 1748
2773 161 1748
2223 161 1748
161 906 1748
161 661 1748
161 2534 1748
161 698 1748
161 2161 1748
161 1957 1748
1874 161 1748
4401 161 1748
161 3843 1748
1690 161 1748
3639 161 1748
515 161 1748
468 161 1748
1428 161 1748
3296 161 1748
1557 161 1748
161 3758 1748
1850 161 1748
1954 161 1748
2112 161 1748
161 4224 1748
161 3499 1748
3863 161 1748
1070 161 1748
161 2555 1748
1834 161 1748
161 724 1748
978 161 1748
161 2956 1748
161 323 1748
2526 161 1748
1630 161 1748
502 161 1748
508 161 1748
161 4211 1748
161 3116 1748
161 779 1748
161 327 1748
161 1990 1748
369 161 1748
991 161 1748
3895 161 1748
161 4767 1748
161 4018 1748
4856 161 1748
1454 161 1748
161 837 1748
4807 161 1748
3386 161 1748
3988 161 1748
161 4020 1748
161 4504 1748
3063 161 1748
2232 161 1748
161 3426 1748
3622 161 1748
161 3979 1748
161 3887 1748
161 4387 1748
161 2438 1748
39 161 1748
161 379 1748
1925 161 1748
2894 161 1748
4769 161 1748
161 3911 1748
723 161 1748
2787 161 1748
3016 161 1748
2214 161 1748
161 1901 1748
161 1606 1748
161 1020 1748
3714 161 1748
161 2148 1748
161 1465 1748
161 2853 1748
161 860 1748
4155 161 1748
291 161 1748
161 1835 1748
161 2108 1748
161 2325 1748
161 4290 1748
772 161 1748
161 3886 1748
4388 161 1748
503 161 1748
161 4199 1748
3465 161 1748
161 4962 1748
161 75 1748
3683 161 1748
161 482 1748
4494 161 1748
161 1438 1748
2437 161 1748
161 1906 1748
519 161 1748
161 3656 1748
161 475 1748
161 1975 1748
161 4139 1748
161 3134 1748
161 425 1748
161 1425 1748
161 563 1748
3973 161 1748
161 709 1748
1238 161 1748
161 4685 1748
1883 161 1748
750 161 1748
161 3347 1748
1014 161 1748
3833 161 1748
4462 161 1748
161 3192 1748
161 830 1748
161 3633 1748
161 1670 1748
161 2064 1748
161 1028 1748
161 4540 1748
3194 161 1748
1151 161 1748
3584 161 1748
161 1810 1748
161 4473 1748
161 1984 1748
1253 161 1748
2501 161 1748
161 525 1748
161 2386 1748
161 3219 1748
161 3592 1748
161 805 1748
161 2585 1748
161 1616 1748
4319 161 1748
4365 161 1748
161 248 1748
161 1354 1748
2517 161 1748
1320 161 1748
161 3027 1748
4459 161 1748
161 2489 1748
2229 161 1748
161 4031 1748
4875 161 1748
161 2552 1748
4668 161 1748
1080 161 1748
161 1881 1748
161 3962 1748
2753 161 1748
161 922 1748
1568 161 1748
161 4320 1748
161 3166 1748
1198 161 1748
3680 161 1748
1493 161 1748
743 161 1748
161 650 1748
161 2785 1748
161 3474 1748
161 4049 1748
4248 161 1748
813 161 1748
161 4122 1748
161 4811 1748
161 4958 1748
161 2296 1748
161 4190 1748
161 4007 1748
1898 161 1748
2242 161 1748
161 3309 1748
501 161 1748
161 3191 1748
1914 161 1748
161 456 1748
161 4816 1748
1717 161 1748
161 4598 1748
1948 161 1748
1904 161 1748
161 4408 1748
4843 161 1748
4338 161 1748
161 4477 1748
2912 161 1748
3787 161 1748
161 67 1748
2389 161 1748
161 921 1748
4933 161 1748
933 161 1748
3709 161 1748
582 161 1748
1071 161 1748
161 4692 1748
161 4859 1748
1057 161 1748
4849 161 1748
161 4394 1748
161 2990 1748
161 1411 1748
4111 161 1748
4682 161 1748
161 1758 1748
161 243 1748
2553 161 1748
161 1486 1748
161 2303 1748
2633 161 1748
3586 161 1748
161 2541 1748
436 161 1748
947 161 1748
161 3827 1748
4234 161 1748
3142 161 1748
161 178 1748
161 692 1748
428 161 1748
161 511 1748
161 2331 1748
79 161 1748
959 161 1748
161 3763 1748
2736 161 1748
2749 161 1748
2989 161 1748
1668 161 1748
161 3225 1748
161 2327 1748
3797 161 1748
161 3486 1748
161 2053 1748
4757 161 1748
161 1448 1748
161 720 1748
161 1167 1748
161 1090 1748
4405 161 1748
161 4255 1748
3255 161 1748
3054 161 1748
161 1100 1748
161 1843 1748
161 2122 1748
161 2640 1748
655 161 1748
4564 161 1748
3647 161 1748
161 924 1748
161 2531 1748
783 161 1748
161 1202 1748
161 800 1748
161 679 1748
4218 161 1748
88 161 1748
3097 161 1748
161 4328 1748
161 487 1748
161 1631 1748
161 4761 1748
1483 161 1748
412 161 1748
161 2123 1748
4043 161 1748
1371 161 1748
3383 161 1748
390 161 1748
561 161 1748
161 3068 1748
161 766 1748
161 1701 1748
1663 161 1748
161 600 1748
1148 161 1748
2271 161 1748
166 161 1748
161 4145 1748
161 730 1748
161 3482 1748
4854 161 1748
1429 161 1748
161 4778 1748
161 171 1748
3699 161 1748
995 161 1748
161 3759 1748
781 161 1748
77 161 1748
161 638 1748
161 2771 1748
1757 161 1748
1998 161 1748
3156 161 1748
2227 161 1748
161 3617 1748
161 1683 1748
1504 161 1748
3704 161 1748
377 161 1748
161 605 1748
161 3091 1748
2845 161 1748
4355 161 1748
161 409 1748
2822 161 1748
309 161 1748
1537 161 1748
161 974 1748
2260 161 1748
161 363 1748
161 2790 1748
1754 161 1748
504 161 1748
406 161 1748
2355 161 1748
161 496 1748
3057 161 1748
331 161 1748
689 161 1748
2734 161 1748
626 161 1748
161 1466 1748
4562 161 1748
1851 161 1748
3636 161 1748
3210 161 1748
161 1654 1748
161 1360 1748
4 161 1748
161 3671 1748
161 2525 1748
161 872 1748
2953 161 1748
4061 161 1748
161 1222 1748
161 1271 1748
802 161 1748
1033 161 1748
161 973 1748
161 2767 1748
964 161 1748
3549 161 1748
4287 161 1748
161 2125 1748
161 1115 1748
161 1117 1748
161 497 1748
161 4206 1748
4840 161 1748
161 1247 1748
161 4201 1748
1980 161 1748
161 3939 1748
161 2140 1748
161 1328 1748
3607 161 1748
161 883 1748
3836 161 1748
161 419 1748
161 4850 1748
161 2714 1748
161 3513 1748
161 2745 1748
4418 161 1748
161 1006 1748
3467 161 1748
952 161 1748
1218 161 1748
161 1724 1748
4215 161 1748
3442 161 1748
161 4539 1748
161 2779 1748
3022 161 1748
161 29 1748
897 161 1748
161 136 1748
474 161 1748
161 3618 1748
161 3453 1748
177 161 1748
161 4326 1748
4496 161 1748
2500 161 1748
4644 161 1748
739 161 1748
3896 161 1748
104 161 1748
161 1121 1748
3853 161 1748
918 161 1748
161 2699 1748
1227 161 1748
421 161 1748
161 3394 1748
161 3065 1748
161 2454 1748
161 3018 1748
161 3419 1748
161 4495 1748
466 161 1748
1228 161 1748
161 1359 1748
161 1300 1748
161 3669 1748
2087 161 1748
2582 161 1748
161 3130 1748
161 315 1748
833 161 1748
262 161 1748
161 2198 1748
4277 161 1748
161 2551 1748
953 161 1748
161 2029 1748
3005 161 1748
161 863 1748
161 764 1748
242 161 1748
1767 161 1748
2188 161 1748
161 2061 1748
4749 161 1748
161 868 1748
161 1051 1748
161 385 1748
161 3926 1748
2065 161 1748
3755 161 1748
2426 161 1748
161 1341 1748
161 2639 1748
4103 161 1748
3205 161 1748
2360 161 1748
2748 161 1748
433 161 1748
3092 161 1748
2452 161 1748
161 912 1748
1383 161 1748
161 3171 1748
1166 161 1748
161 1968 1748
161 1084 1748
161 163 1748
161 1589 1748
161 4518 1748
2036 161 1748
161 6 1748
3831 161 1748
2643 161 1748
161 682 1748
2397 161 1748
1016 161 1748
161 1061 1748
161 3858 1748
161 803 1748
1009 161 1748
4084 161 1748
161 4771 1748
161 2443 1748
3404 161 1748
208 161 1748
1453 161 1748
161 3052 1748
350 161 1748
161 510 1748
161 2970 1748
2574 161 1748
2746 161 1748
394 161 1748
3104 161 1748
1350 161 1748
161 4276 1748
35 161 1748
161 3646 1748
161 3461 1748
161 84 1748
1471 161 1748
814 161 1748
200 161 1748
161 782 1748
161 3060 1748
161 1848 1748
3677 161 1748
2155 161 1748
161 4374 1748
161 2879 1748
3492 161 1748
1809 161 1748
161 418 1748
161 3202 1748
4362 161 1748
4890 161 1748
161 1778 1748
4605 161 1748
161 1268 1748
4212 161 1748
161 790 1748
161 1433 1748
161 2299 1748
2844 161 1748
161 1141 1748
179 161 1748
161 817 1748
2129 161 1748
4487 161 1748
161 4596 1748
161 3030 1748
161 2213 1748
161 4971 1748
4138 161 1748
3864 161 1748
929 161 1748
161 2565 1748
1815 161 1748
161 4465 1748
3479 161 1748
161 361 1748
4185 161 1748
1232 161 1748
161 2906 1748
161 4322 1748
161 2131 1748
161 3183 1748
161 1159 1748
161 1574 1748
4625 161 1748
1703 161 1748
3155 161 1748
161 2835 1748
2691 161 1748
472 161 1748
161 4119 1748
1723 161 1748
161 2591 1748
2278 161 1748
161 3434 1748
4169 161 1748
4308 161 1748
161 826 1748
161 899 1748
161 3013 1748
161 2374 1748
726 161 1748
1878 161 1748
161 2276 1748
161 1034 1748
2167 161 1748
161 1109 1748
2902 161 1748
161 3380 1748
161 1401 1748
619 161 1748
836 161 1748
1321 161 1748
161 2775 1748
1952 161 1748
161 1598 1748
4295 161 1748
161 3723 1748
3790 161 1748
4987 161 1748
161 1345 1748
2763 161 1748
4367 161 1748
3019 161 1748
161 1935 1748
161 4662 1748
161 1030 1748
161 1096 1748
1884 161 1748
161 2887 1748
161 1427 1748
4115 161 1748
4588 161 1748
161 2273 1748
161 2838 1748
161 2048 1748
4324 161 1748
246 161 1748
618 161 1748
4563 161 1748
3523 161 1748
161 3319 1748
2384 161 1748
4440 161 1748
161 1005 1748
161 2657 1748
161 3167 1748
1605 161 1748
161 585 1748
161 4891 1748
1200 161 1748
161 864 1748
745 161 1748
3765 161 1748
161 3240 1748
2557 161 1748
161 967 1748
1905 161 1748
4973 161 1748
161 1669 1748
589 161 1748
2735 161 1748
161 2033 1748
4292 161 1748
1280 161 1748
1875 161 1748
161 3312 1748
3891 161 1748
161 1340 1748
4101 161 1748
161 82 1748
2347 161 1748
3301 161 1748
990 161 1748
2678 161 1748
161 3197 1748
4712 161 1748
161 3897 1748
1937 161 1748
161 276 1748
4389 161 1748
161 911 1748
2411 161 1748
161 4490 1748
4975 161 1748
161 533 1748
1487 161 1748
2205 161 1748
161 841 1748
4884 161 1748
1749 161 1748
2623 161 1748
161 3159 1748
110 161 1748
161 1845 1748
4953 161 1748
2184 161 1748
161 4346 1748
593 161 1748
852 161 1748
4219 161 1748
3131 161 1748
161 2005 1748
161 1704 1748
161 936 1748
161 3187 1748
161 4551 1748
3476 161 1748
4414 161 1748
102 161 1748
161 73 1748
578 161 1748
4158 161 1748
161 977 1748
161 4533 1748
161 4194 1748
3623 161 1748
3318 161 1748
264 161 1748
161 349 1748
1993 161 1748
2636 161 1748
161 1347 1748
1414 161 1748
4373 161 1748
161 1312 1748
3569 161 1748
1675 161 1748
1091 161 1748
161 3608 1748
3249 161 1748
2244 161 1748
161 2671 1748
1999 161 1748
161 342 1748
161 126 1748
161 364 1748
2077 161 1748
161 4534 1748
161 333 1748
4673 161 1748
161 4314 1748
4639 161 1748
1078 161 1748
161 2298 1748
161 4051 1748
4285 161 1748
161 1498 1748
161 4649 1748
161 4152 1748
4858 161 1748
161 4986 1748
784 161 1748
161 1145 1748
226 161 1748
161 4312 1748
1772 161 1748
2703 161 1748
161 1604 1748
3127 161 1748
161 587 1748
161 3385 1748
161 3316 1748
161 1648 1748
4931 161 1748
161 4715 1748
161 282 1748
2401 161 1748
547 161 1748
4052 161 1748
161 2219 1748
901 161 1748
161 576 1748
161 2116 1748
3922 161 1748
3175 161 1748
3107 161 1748
161 2766 1748
3936 161 1748
161 2796 1748
161 3855 1748
1025 161 1748
161 4713 1748
161 4874 1748
4826 161 1748
1434 161 1748
238 161 1748
2175 161 1748
2322 161 1748
403 161 1748
161 4818 1748
4853 161 1748
687 161 1748
161 2864 1748
161 1771 1748
1927 161 1748
161 4554 1748
161 2949 1748
161 651 1748
161 3929 1748
63 161 1748
161 1620 1748
161 1283 1748
4180 161 1748
161 3770 1748
161 1269 1748
3144 161 1748
161 2031 1748
3686 161 1748
3095 161 1748
3447 161 1748
161 4286 1748
4967 161 1748
3395 161 1748
72 161 1748
3414 161 1748
161 570 1748
2453 161 1748
161 4918 1748
161 4618 1748
3246 161 1748
1924 161 1748
161 3199 1748
161 4544 1748
4902 161 1748
161 4282 1748
90 161 1748
1289 161 1748
161 944 1748
161 1490 1748
2715 161 1748
161 1254 1748
337 161 1748
3176 161 1748
161 2562 1748
161 1184 1748
161 2063 1748
3628 161 1748
3469 161 1748
3429 161 1748
4198 161 1748
1318 161 1748
161 2930 1748
161 4162 1748
161 1399 1748
161 2833 1748
1932 161 1748
161 1536 1748
161 4448 1748
161 4758 1748
966 161 1748
161 3264 1748
4004 161 1748
540 161 1748
809 161 1748
161 4634 1748
3834 161 1748
161 3455 1748
161 1859 1748
161 2532 1748
4627 161 1748
161 1567 1748
1473 161 1748
2728 161 1748
3330 161 1748
3416 161 1748
161 2385 1748
734 161 1748
161 2567 1748
2965 161 1748
161 4957 1748
1575 161 1748
1941 161 1748
161 1842 1748
161 3593 1748
2143 161 1748
161 1892 1748
161 470 1748
161 1566 1748
161 239 1748
161 4442 1748
161 3136 1748
161 3898 1748
1692 161 1748
161 4161 1748
2733 161 1748
161 886 1748
1464 161 1748
4791 161 1748
1602 161 1748
1459 161 1748
161 885 1748
161 4393 1748
1239 161 1748
3367 161 1748
3917 161 1748
4281 161 1748
161 1775 1748
161 1839 1748
3986 161 1748
3958 161 1748
161 3524 1748
161 2009 1748
161 3494 1748
161 522 1748
2637 161 1748
4006 161 1748
3182 161 1748
2373 161 1748
4176 161 1748
2196 161 1748
3090 161 1748
4687 161 1748
161 4505 1748
161 4938 1748
1899 161 1748
457 161 1748
940 161 1748
161 1179 1748
4646 161 1748
630 161 1748
298 161 1748
161 2720 1748
161 3792 1748
2812 161 1748
161 2584 1748
1799 161 1748
161 895 1748
2502 161 1748
1564 161 1748
161 4624 1748
161 3055 1748
4196 161 1748
3829 161 1748
2722 161 1748
161 1055 1748
161 712 1748
161 134 1748
161 4690 1748
161 2058 1748
161 3315 1748
161 2604 1748
161 4488 1748
161 801 1748
930 161 1748
161 4691 1748
3004 161 1748
4266 161 1748
161 669 1748
1210 161 1748
161 3598 1748
4377 161 1748
4657 161 1748
161 3357 1748
4762 161 1748
1931 161 1748
161 3563 1748
161 141 1748
161 2318 1748
1103 161 1748
161 2356 1748
161 465 1748
161 1126 1748
161 4021 1748
2751 161 1748
1029 161 1748
161 2255 1748
161 3697 1748
2744 161 1748
161 1460 1748
161 601 1748
1131 161 1748
161 344 1748
4573 161 1748
4647 161 1748
161 4453 1748
1086 161 1748
431 161 1748
4323 161 1748
3303 161 1748
161 1852 1748
3043 161 1748
2856 161 1748
4366 161 1748
3906 161 1748
2120 161 1748
161 4411 1748
161 4616 1748
3254 161 1748
161 2537 1748
1053 161 1748
3551 161 1748
161 598 1748
161 338 1748
161 599 1748
161 3201 1748
161 2997 1748
3181 161 1748
2141 161 1748
161 1795 1748
161 3667 1748
161 1594 1748
3914 161 1748
1329 161 1748
1024 161 1748
2682 161 1748
2928 161 1748
629 161 1748
3088 161 1748
161 2791 1748
2589 161 1748
161 3687 1748
2228 161 1748
161 1041 1748
271 161 1748
161 4867 1748
161 2476 1748
4623 161 1748
3179 161 1748
1651 161 1748
2664 161 1748
756 161 1748
161 3323 1748
161 862 1748
2810 161 1748
2820 161 1748
3750 161 1748
161 351 1748
161 956 1748
161 4674 1748
4042 161 1748
683 161 1748
161 4235 1748
161 3401 1748
1114 161 1748
161 3025 1748
161 4317 1748
1662 161 1748
161 2261 1748
2839 161 1748
161 121 1748
2630 161 1748
161 4131 1748
4612 161 1748
788 161 1748
161 1997 1748
161 1185 1748
161 1127 1748
3128 161 1748
371 161 1748
3773 161 1748
161 1406 1748
161 258 1748
161 3221 1748
376 161 1748
161 34 1748
161 2013 1748
161 1305 1748
2351 161 1748
2094 161 1748
78 161 1748
161 1649 1748
161 4148 1748
105 161 1748
161 498 1748
161 2220 1748
3243 161 1748
2831 161 1748
161 2725 1748
161 4329 1748
1768 161 1748
3748 161 1748
4536 161 1748
562 161 1748
161 4585 1748
4327 161 1748
161 1740 1748
161 1750 1748
161 4572 1748
4099 161 1748
931 161 1748
161 4979 1748
161 2670 1748
2433 161 1748
1543 161 1748
1123 161 1748
2078 161 1748
4906 161 1748
3371 161 1748
161 1264 1748
3889 161 1748
116 161 1748
635 161 1748
573 161 1748
763 161 1748
4960 161 1748
161 1278 1748
2055 161 1748
161 3270 1748
2301 161 1748
3698 161 1748
614 161 1748
2941 161 1748
161 2465 1748
4304 161 1748
2854 161 1748
2890 161 1748
4284 161 1748
2044 161 1748
3692 161 1748
161 2992 1748
161 42 1748
4684 161 1748
161 989 1748
161 2545 1748
161 4069 1748
3541 161 1748
161 2492 1748
161 1097 1748
2043 161 1748
161 2173 1748
161 3640 1748
161 3247 1748
2983 161 1748
2258 161 1748
161 1979 1748
4913 161 1748
161 2482 1748
2342 161 1748
996 161 1748
161 2019 1748
161 3582 1748
2634 161 1748
3601 161 1748
161 1672 1748
3269 161 1748
4508 161 1748
4578 161 1748
161 4888 1748
161 4060 1748
2943 161 1748
4107 161 1748
1226 161 1748
851 161 1748
161 591 1748
928 161 1748
1600 161 1748
161 568 1748
161 2843 1748
161 4560 1748
3373 161 1748
272 161 1748
2470 161 1748
161 1860 1748
1072 161 1748
1907 161 1748
4340 161 1748
161 3075 1748
161 3350 1748
2615 161 1748
4380 161 1748
3466 161 1748
328 161 1748
2774 161 1748
161 657 1748
321 161 1748
2368 161 1748
461 161 1748
161 4970 1748
161 1555 1748
4085 161 1748
161 3761 1748
3475 161 1748
4288 161 1748
161 4617 1748
2980 161 1748
2656 161 1748
854 161 1748
4709 161 1748
1248 161 1748
2015 161 1748
1661 161 1748
161 811 1748
268 161 1748
1920 161 1748
2059 161 1748
161 3663 1748
4752 161 1748
569 161 1748
387 161 1748
161 4930 1748
161 4984 1748
161 4262 1748
161 2358 1748
1526 161 1748
161 2921 1748
161 2020 1748
161 359 1748
396 161 1748
144 161 1748
161 3775 1748
2096 161 1748
161 677 1748
161 3374 1748
161 4992 1748
161 281 1748
161 2083 1748
3994 161 1748
161 308 1748
2729 161 1748
161 23 1748
161 3035 1748
634 161 1748
2062 161 1748
1316 161 1748
161 2648 1748
161 3597 1748
538 161 1748
161 46 1748
435 161 1748
161 1955 1748
161 3731 1748
2402 161 1748
731 161 1748
1766 161 1748
161 3485 1748
161 2811 1748
161 1919 1748
24 161 1748
161 771 1748
161 122 1748
161 1322 1748
161 2539 1748
3413 161 1748
161 3430 1748
4028 161 1748
161 4834 1748
2039 161 1748
446 161 1748
2860 161 1748
2076 161 1748
2533 161 1748
4654 161 1748
161 1480 1748
259 161 1748
1426 161 1748
161 1170 1748
1827 161 1748
553 161 1748
2297 161 1748
4523 161 1748
161 222 1748
2156 161 1748
362 161 1748
161 984 1748
2353 161 1748
161 2870 1748
2451 161 1748
161 2658 1748
161 4688 1748
4306 161 1748
161 138 1748
318 161 1748
161 270 1748
161 2514 1748
2732 161 1748
161 1530 1748
4607 161 1748
1909 161 1748
161 367 1748
231 161 1748
3085 161 1748
161 4478 1748
161 4359 1748
161 4788 1748
161 696 1748
161 4782 1748
3707 161 1748
552 161 1748
4909 161 1748
3977 161 1748
161 4606 1748
4493 161 1748
1897 161 1748
161 4944 1748
3311 161 1748
161 2907 1748
161 4232 1748
2343 161 1748
161 4300 1748
983 161 1748
1823 161 1748
161 1265 1748
3135 161 1748
161 2706 1748
1353 161 1748
2003 161 1748
3552 161 1748
2336 161 1748
4354 161 1748
161 288 1748
1573 161 1748
161 3256 1748
161 50 1748
161 1929 1748
161 993 1748
161 1293 1748
161 558 1748
161 810 1748
161 2049 1748
161 2621 1748
2195 161 1748
161 1237 1748
565 161 1748
161 2521 1748
161 2759 1748
4976 161 1748
161 2846 1748
1977 161 1748
161 4407 1748
161 424 1748
1299 161 1748
161 512 1748
161 1443 1748
161 233 1748
3314 161 1748
161 3835 1748
2840 161 1748
161 3244 1748
161 4553 1748
161 4961 1748
2391 161 1748
161 4252 1748
3949 161 1748
161 4457 1748
161 1857 1748
292 161 1748
161 1853 1748
161 4522 1748
161 1763 1748
3997 161 1748
4360 161 1748
1472 161 1748
161 15 1748
4530 161 1748
161 1205 1748
2101 161 1748
4202 161 1748
711 161 1748
1585 161 1748
368 161 1748
658 161 1748
161 1474 1748
161 2157 1748
4017 161 1748
161 4924 1748
161 3123 1748
2410 161 1748
161 462 1748
161 3909 1748
2415 161 1748
4421 161 1748
161 3587 1748
161 252 1748
161 835 1748
616 161 1748
161 4186 1748
161 3931 1748
530 161 1748
161 3937 1748
161 1552 1748
161 2829 1748
161 3339 1748
161 1664 1748
161 1404 1748
161 2769 1748
653 161 1748
172 161 1748
2868 161 1748
2024 161 1748
857 161 1748
161 2252 1748
3445 161 1748
2951 161 1748
2267 161 1748
1375 161 1748
2644 161 1748
759 161 1748
4427 161 1748
159 161 1748
3251 161 1748
4514 161 1748
161 4332 1748
807 161 1748
300 161 1748
161 97 1748
189 161 1748
3193 161 1748
1986 161 1748
693 161 1748
161 4897 1748
161 4294 1748
2816 161 1748
317 161 1748
1517 161 1748
161 1558 1748
273 161 1748
1822 161 1748
161 4871 1748
161 74 1748
2867 161 1748
161 3910 1748
313 161 1748
161 3253 1748
161 2001 1748
161 263 1748
3327 161 1748
161 1923 1748
161 2313 1748
161 4315 1748
3923 161 1748
2035 161 1748
161 3178 1748
161 19 1748
161 2000 1748
161 2504 1748
161 916 1748
1251 161 1748
1856 161 1748
161 4995 1748
3903 161 1748
2850 161 1748
3362 161 1748
161 3397 1748
161 3275 1748
3423 161 1748
161 4571 1748
161 129 1748
161 4296 1748
161 348 1748
161 1172 1748
161 3614 1748
161 3930 1748
3354 161 1748
3800 161 1748
2409 161 1748
4095 161 1748
2920 161 1748
3599 161 1748
161 1942 1748
161 1214 1748
1774 161 1748
2987 161 1748
130 161 1748
161 2690 1748
161 4240 1748
161 354 1748
161 4847 1748
161 370 1748
161 2400 1748
3227 161 1748
2068 161 1748
161 896 1748
697 161 1748
161 1336 1748
161 4046 1748
161 1592 1748
1386 161 1748
161 2429 1748
1738 161 1748
161 574 1748
161 761 1748
386 161 1748
161 1407 1748
161 1231 1748
161 416 1748
161 3109 1748
161 955 1748
4857 161 1748
161 2962 1748
3885 161 1748
3879 161 1748
161 2511 1748
4370 161 1748
3672 161 1748
161 410 1748
161 2186 1748
1203 161 1748
161 2622 1748
161 2950 1748
225 161 1748
688 161 1748
3345 161 1748
161 733 1748
161 3591 1748
161 432 1748
161 2045 1748
161 2466 1748
2256 161 1748
161 1652 1748
1522 161 1748
161 3857 1748
2688 161 1748
161 3011 1748
3308 161 1748
161 920 1748
161 1981 1748
161 1372 1748
161 286 1748
161 3932 1748
161 4452 1748
161 4797 1748
161 2380 1748
161 4015 1748
161 1524 1748
3137 161 1748
4593 161 1748
161 876 1748
161 4251 1748
161 3111 1748
161 93 1748
2793 161 1748
1056 161 1748
1638 161 1748
161 2427 1748
161 2848 1748
161 4129 1748
4098 161 1748
3946 161 1748
161 2873 1748
161 932 1748
161 119 1748
161 3960 1748
161 1691 1748
161 1538 1748
2641 161 1748
161 3502 1748
161 767 1748
161 2231 1748
4254 161 1748
3207 161 1748
161 2321 1748
161 224 1748
1560 161 1748
161 1910 1748
161 3051 1748
161 3579 1748
4467 161 1748
1403 161 1748
161 2770 1748
161 3223 1748
874 161 1748
161 4484 1748
4118 161 1748
3562 161 1748
1394 161 1748
161 3230 1748
161 1688 1748
161 2072 1748
161 5 1748
785 161 1748
161 4734 1748
2677 161 1748
1370 161 1748
161 2379 1748
161 28 1748
161 86 1748
161 3425 1748
161 2444 1748
4470 161 1748
161 1705 1748
4700 161 1748
161 3543 1748
161 1049 1748
223 161 1748
2522 161 1748
161 4267 1748
161 1461 1748
3883 161 1748
2008 161 1748
3375 161 1748
161 2981 1748
161 1343 1748
2275 161 1748
161 180 1748
4731 161 1748
161 3629 1748
161 1478 1748
1250 161 1748
161 3481 1748
2588 161 1748
161 1135 1748
910 161 1748
161 4259 1748
1270 161 1748
161 1146 1748
1599 161 1748
161 3417 1748
341 161 1748
1346 161 1748
161 4983 1748
3206 161 1748
1708 161 1748
603 161 1748
2619 161 1748
4012 161 1748
161 2399 1748
161 1781 1748
161 2819 1748
998 161 1748
3807 161 1748
161 668 1748
161 3483 1748
1365 161 1748
161 1143 1748
1314 161 1748
265 161 1748
3976 161 1748
161 819 1748
161 2434 1748
4165 161 1748
1323 161 1748
161 3876 1748
161 3811 1748
1519 161 1748
161 2034 1748
1445 161 1748
1797 161 1748
161 4546 1748
161 1748 1748
4066 161 1748
4716 161 1748
1416 161 1748
161 3337 1748
1110 161 1748
161 4873 1748
4395 161 1748
1615 161 1748
161 637 1748
161 2908 1748
4225 161 1748
161 4207 1748
1263 161 1748
161 1045 1748
2942 161 1748
161 69 1748
161 1720 1748
3231 161 1748
161 3359 1748
161 2721 1748
161 3760 1748
3681 161 1748
3477 161 1748
161 4820 1748
161 625 1748
2578 161 1748
161 2566 1748
161 2936 1748
595 161 1748
992 161 1748
1838 161 1748
3733 161 1748
117 161 1748
49 161 1748
4197 161 1748
161 2777 1748
161 3537 1748
161 1279 1748
961 161 1748
161 2863 1748
161 2422 1748
161 393 1748
161 3754 1748
3364 161 1748
2939 161 1748
161 4222 1748
695 161 1748
161 1469 1748
2676 161 1748
968 161 1748
572 161 1748
161 1060 1748
161 2236 1748
161 4316 1748
161 2376 1748
161 2900 1748
4396 161 1748
161 1780 1748
4481 161 1748
2687 161 1748
161 3828 1748
4866 161 1748
4001 161 1748
161 537 1748
161 3072 1748
2877 161 1748
161 889 1748
161 4272 1748
161 4880 1748
1784 161 1748
161 4135 1748
1639 161 1748
161 1019 1748
212 161 1748
2114 161 1748
2293 161 1748
161 3861 1748
4741 161 1748
161 4701 1748
407 161 1748
161 1206 1748
161 437 1748
4204 161 1748
161 3674 1748
161 721 1748
161 2135 1748
161 3766 1748
161 459 1748
161 3034 1748
161 1788 1748
161 4301 1748
1880 161 1748
495 161 1748
161 3798 1748
2530 161 1748
1849 161 1748
1400 161 1748
161 4737 1748
161 277 1748
555 161 1748
161 1241 1748
365 161 1748
161 2104 1748
161 2160 1748
161 1502 1748
2510 161 1748
1439 161 1748
4515 161 1748
1441 161 1748
2067 161 1748
161 2876 1748
32 161 1748
4070 161 1748
685 161 1748
161 3651 1748
161 3484 1748
216 161 1748
161 53 1748
1873 161 1748
3589 161 1748
2459 161 1748
161 654 1748
161 2723 1748
161 1201 1748
161 3548 1748
3001 161 1748
161 875 1748
161 4480 1748
161 1518 1748
405 161 1748
2142 161 1748
161 4109 1748
161 1182 1748
752 161 1748
596 161 1748
439 161 1748
161 3441 1748
1829 161 1748
2233 161 1748
4108 161 1748
2752 161 1748
4980 161 1748
760 161 1748
161 3540 1748
161 2885 1748
161 4183 1748
161 3557 1748
161 579 1748
550 161 1748
1422 161 1748
1801 161 1748
161 3037 1748
213 161 1748
3069 161 1748
51 161 1748
161 4443 1748
161 3954 1748
722 161 1748
161 9 1748
1196 161 1748
1698 161 1748
161 791 1748
423 161 1748
4258 161 1748
161 2892 1748
161 2485 1748
161 2080 1748
2372 161 1748
3743 161 1748
2784 161 1748
161 1776 1748
71 161 1748
3038 161 1748
161 536 1748
355 161 1748
1444 161 1748
1813 161 1748
2209 161 1748
161 4542 1748
3000 161 1748
3164 161 1748
2284 161 1748
1088 161 1748
4921 161 1748
3407 161 1748
161 680 1748
161 542 1748
3180 161 1748
161 3512 1748
1158 161 1748
161 4127 1748
161 4181 1748
4170 161 1748
1369 161 1748
161 1437 1748
1951 161 1748
161 2287 1748
161 2717 1748
161 2707 1748
1819 161 1748
161 484 1748
3578 161 1748
3882 161 1748
2086 161 1748
161 1104 1748
1863 161 1748
161 4828 1748
1879 161 1748
161 794 1748
161 4609 1748
161 524 1748
161 4200 1748
161 3881 1748
4073 161 1748
161 494 1748
161 2288 1748
161 3825 1748
161 3200 1748
161 2110 1748
827 161 1748
2747 161 1748
161 4928 1748
3915 161 1748
4706 161 1748
36 161 1748
161 460 1748
1261 161 1748
161 1120 1748
3728 161 1748
887 161 1748
4833 161 1748
1579 161 1748
2306 161 1748
4916 161 1748
3082 161 1748
161 4927 1748
161 4852 1748
54 161 1748
557 161 1748
161 2224 1748
3042 161 1748
1581 161 1748
3808 161 1748
161 4014 1748
3791 161 1748
529 161 1748
3422 161 1748
161 1741 1748
804 161 1748
2563 161 1748
161 278 1748
161 1712 1748
1685 161 1748
2217 161 1748
161 4566 1748
4025 161 1748
3439 161 1748
161 1744 1748
161 3901 1748
4293 161 1748
161 3470 1748
120 161 1748
3281 161 1748
161 4134 1748
161 2756 1748
329 161 1748
161 2408 1748
1435 161 1748
161 2344 1748
161 4882 1748
161 3252 1748
2424 161 1748
4056 161 1748
161 4348 1748
3077 161 1748
161 4922 1748
161 3696 1748
161 3358 1748
161 4720 1748
3810 161 1748
161 1697 1748
2292 161 1748
161 4728 1748
280 161 1748
161 4150 1748
3402 161 1748
2627 161 1748
161 2834 1748
161 4574 1748
3990 161 1748
161 2993 1748
161 844 1748
161 769 1748
161 1451 1748
747 161 1748
156 161 1748
3208 161 1748
161 3635 1748
3603 161 1748
858 161 1748
161 2338 1748
2675 161 1748
4233 161 1748
2780 161 1748
161 4736 1748
161 1351 1748
161 2662 1748
2705 161 1748
161 3232 1748
4475 161 1748
1174 161 1748
161 2903 1748
2362 161 1748
617 161 1748
820 161 1748
161 3229 1748
1246 161 1748
411 161 1748
4959 161 1748
161 3985 1748
161 2960 1748
161 4403 1748
2672 161 1748
893 161 1748
161 463 1748
4963 161 1748
2809 161 1748
4603 161 1748
161 1635 1748
161 98 1748
161 2364 1748
3478 161 1748
161 1591 1748
1547 161 1748
980 161 1748
161 3845 1748
3908 161 1748
161 4621 1748
161 108 1748
161 3717 1748
2285 161 1748
3365 161 1748
4036 161 1748
161 304 1748
161 1313 1748
3138 161 1748
161 1607 1748
4549 161 1748
611 161 1748
161 375 1748
161 1908 1748
612 161 1748
3503 161 1748
4519 161 1748
4450 161 1748
232 161 1748
3093 161 1748
4402 161 1748
161 2002 1748
1021 161 1748
161 3655 1748
2614 161 1748
161 3336 1748
3058 161 1748
161 1882 1748
2328 161 1748
3805 161 1748
161 3654 1748
161 1587 1748
161 1828 1748
821 161 1748
1855 161 1748
1022 161 1748
161 2976 1748
1735 161 1748
161 3084 1748
161 4680 1748
161 1601 1748
4241 161 1748
161 3498 1748
1417 161 1748
161 2038 1748
2878 161 1748
401 161 1748
161 87 1748
161 4703 1748
161 2888 1748
3968 161 1748
161 3873 1748
3170 161 1748
161 3779 1748
2668 161 1748
161 2632 1748
161 1814 1748
1994 161 1748
4257 161 1748
161 4193 1748
161 4991 1748
161 2483 1748
1811 161 1748
161 3279 1748
161 4039 1748
4582 161 1748
161 4436 1748
2398 161 1748
4584 161 1748
161 4796 1748
4420 161 1748
3062 161 1748
161 2225 1748
161 2778 1748
161 2375 1748
1187 161 1748
2 161 1748
671 161 1748
161 1215 1748
161 716 1748
4541 161 1748
161 4112 1748
161 68 1748
3427 161 1748
161 3114 1748
161 1154 1748
161 4412 1748
3596 161 1748
161 4228 1748
161 3335 1748
161 2177 1748
161 1335 1748
161 4506 1748
161 1331 1748
161 2741 1748
161 250 1748
1779 161 1748
4400 161 1748
2808 161 1748
161 3856 1748
2170 161 1748
1081 161 1748
161 4919 1748
161 255 1748
1922 161 1748
161 3342 1748
3418 161 1748
3832 161 1748
2849 161 1748
161 4188 1748
937 161 1748
161 1913 1748
2066 161 1748
1554 161 1748
1144 161 1748
161 3736 1748
161 325 1748
161 1249 1748
161 4839 1748
161 3258 1748
161 1418 1748
161 3140 1748
3542 161 1748
610 161 1748
1315 161 1748
161 4641 1748
161 307 1748
1380 161 1748
161 4375 1748
161 2742 1748
2187 161 1748
161 1805 1748
4191 161 1748
3538 161 1748
2663 161 1748
1682 161 1748
161 3560 1748
3121 161 1748
161 4531 1748
161 1900 1748
831 161 1748
161 1521 1748
161 666 1748
1260 161 1748
2090 161 1748
161 3360 1748
161 4011 1748
1715 161 1748
1484 161 1748
4947 161 1748
161 3900 1748
3991 161 1748
1627 161 1748
161 3220 1748
161 567 1748
161 1674 1748
2032 161 1748
905 161 1748
4381 161 1748
161 1105 1748
