1
5000 5000
1699 4367 4290
626 1699 4290
3059 1699 4290
4900 1699 4290
1270 1699 4290
1699 2168 4290
798 1699 4290
1699 3991 4290
1699 1501 4290
1699 1514 4290
1699 802 4290
1699 1632 4290
1699 1354 4290
1284 1699 4290
1699 1648 4290
2556 1699 4290
1411 1699 4290
1699 2756 4290
1699 2 4290
3280 1699 4290
1699 2399 4290
3435 1699 4290
2543 1699 4290
170 1699 4290
1699 895 4290
1699 633 4290
1699 3380 4290
4071 1699 4290
2240 1699 4290
4486 1699 4290
1699 198 4290
4606 1699 4290
1189 1699 4290
1699 4566 4290
1699 3544 4290
481 1699 4290
1699 1899 4290
1699 4476 4290
1754 1699 4290
994 1699 4290
1651 1699 4290
3858 1699 4290
1699 664 4290
2549 1699 4290
2398 1699 4290
4092 1699 4290
1699 2808 4290
1699 3145 4290
1699 3436 4290
4820 1699 4290
3370 1699 4290
1699 1926 4290
1978 1699 4290
1699 3082 4290
4161 1699 4290
4681 1699 4290
2373 1699 4290
1699 2385 4290
1834 1699 4290
1566 1699 4290
4935 1699 4290
3815 1699 4290
4856 1699 4290
1699 4537 4290
2427 1699 4290
1044 1699 4290
1699 253 4290
1699 2182 4290
1531 1699 4290
4176 1699 4290
2291 1699 4290
1699 3476 4290
1322 1699 4290
4734 1699 4290
1699 1739 4290
734 1699 4290
1699 4079 4290
1699 1028 4290
1699 3681 4290
3752 1699 4290
1699 2652 4290
1699 4331 4290
4349 1699 4290
1699 684 4290
1699 2129 4290
1056 1699 4290
2936 1699 4290
3645 1699 4290
3357 1699 4290
1699 2127 4290
517 1699 4290
1699 448 4290
1699 3620 4290
3663 1699 4290
2256 1699 4290
793 1699 4290
4353 1699 4290
2673 1699 4290
414 1699 4290
1699 2558 4290
1699 2257 4290
1699 209 4290
1699 1582 4290
1699 4151 4290
824 1699 4290
3628 1699 4290
3570 1699 4290
1699 440 4290
584 1699 4290
1699 1217 4290
1040 1699 4290
1699 3238 4290
3003 1699 4290
1699 4385 4290
1699 363 4290
1699 1045 4290
4207 1699 4290
1699 844 4290
2638 1699 4290
3323 1699 4290
1699 1164 4290
254 1699 4290
4649 1699 4290
1699 3913 4290
1699 3465 4290
1699 259 4290
939 1699 4290
3101 1699 4290
3598 1699 4290
1699 770 4290
1699 3803 4290
1699 3412 4290
1699 945 4290
1896 1699 4290
1699 3611 4290
774 1699 4290
1699 2349 4290
4910 1699 4290
2921 1699 4290
4700 1699 4290
4695 1699 4290
1699 1093 4290
1699 3366 4290
1699 2229 4290
1900 1699 4290
1699 1339 4290
1699 2524 4290
2868 1699 4290
1699 2695 4290
1307 1699 4290
3345 1699 4290
3928 1699 4290
1699 4694 4290
1699 1552 4290
4647 1699 4290
1699 4627 4290
1699 753 4290
4363 1699 4290
3490 1699 4290
2603 1699 4290
992 1699 4290
1699 356 4290
4915 1699 4290
1699 3150 4290
1213 1699 4290
1699 2550 4290
4459 1699 4290
374 1699 4290
3443 1699 4290
3872 1699 4290
3228 1699 4290
1699 544 4290
1699 3010 4290
1699 4826 4290
1699 4262 4290
4430 1699 4290
1699 492 4290
4432 1699 4290
807 1699 4290
3078 1699 4290
2009 1699 4290
1699 2780 4290
3744 1699 4290
2676 1699 4290
3919 1699 4290
864 1699 4290
4863 1699 4290
2315 1699 4290
1699 3677 4290
1699 3384 4290
1699 2128 4290
1699 2953 4290
1699 4714 4290
3642 1699 4290
1374 1699 4290
2858 1699 4290
1699 3165 4290
1699 1388 4290
1699 4578 4290
1699 2157 4290
4179 1699 4290
3929 1699 4290
1699 2720 4290
1699 105 4290
4960 1699 4290
1699 3724 4290
1699 876 4290
2794 1699 4290
1699 3572 4290
1699 1033 4290
1699 4550 4290
2702 1699 4290
1699 4674 4290
1699 1868 4290
1699 4667 4290
1001 1699 4290
483 1699 4290
191 1699 4290
1699 722 4290
1699 3691 4290
861 1699 4290
1619 1699 4290
3427 1699 4290
4631 1699 4290
1699 2513 4290
3189 1699 4290
1699 4765 4290
1817 1699 4290
1699 4270 4290
1699 4711 4290
1172 1699 4290
4956 1699 4290
1699 2179 4290
1699 3777 4290
2309 1699 4290
3982 1699 4290
1699 2070 4290
4962 1699 4290
1699 4822 4290
4896 1699 4290
1699 1500 4290
1699 28 4290
485 1699 4290
1699 3309 4290
1699 2185 4290
1127 1699 4290
914 1699 4290
1699 337 4290
3818 1699 4290
1699 1999 4290
1699 283 4290
1699 920 4290
3441 1699 4290
4375 1699 4290
1699 931 4290
4499 1699 4290
1699 2439 4290
1699 2674 4290
1699 4483 4290
1699 2302 4290
1699 390 4290
2201 1699 4290
1699 3027 4290
4374 1699 4290
1699 4361 4290
1699 1730 4290
843 1699 4290
1699 2772 4290
2630 1699 4290
1699 1060 4290
2653 1699 4290
4068 1699 4290
1699 987 4290
1699 4517 4290
1568 1699 4290
1699 2627 4290
2625 1699 4290
4347 1699 4290
1699 610 4290
3835 1699 4290
3480 1699 4290
70 1699 4290
1699 4923 4290
1699 3671 4290
1699 4188 4290
2712 1699 4290
1722 1699 4290
1699 4803 4290
4389 1699 4290
4659 1699 4290
4614 1699 4290
1917 1699 4290
765 1699 4290
1699 1635 4290
1699 1650 4290
3307 1699 4290
558 1699 4290
1129 1699 4290
1699 4413 4290
4997 1699 4290
1699 3798 4290
1699 4581 4290
3407 1699 4290
4996 1699 4290
2589 1699 4290
4868 1699 4290
443 1699 4290
1699 1418 4290
1699 3449 4290
1699 4699 4290
4310 1699 4290
1699 3046 4290
1699 1188 4290
1699 1847 4290
1699 1405 4290
1699 3955 4290
2711 1699 4290
1699 2910 4290
1699 3045 4290
1395 1699 4290
1699 985 4290
2986 1699 4290
1699 3862 4290
1699 4641 4290
1067 1699 4290
4400 1699 4290
1953 1699 4290
2091 1699 4290
4192 1699 4290
3876 1699 4290
1699 2453 4290
3139 1699 4290
1699 4208 4290
1699 229 4290
3132 1699 4290
1699 1360 4290
1699 1664 4290
764 1699 4290
3477 1699 4290
58 1699 4290
1699 2723 4290
2068 1699 4290
1699 3295 4290
1699 3733 4290
1699 2438 4290
2667 1699 4290
1699 767 4290
3953 1699 4290
1715 1699 4290
1699 3214 4290
1699 3196 4290
1699 1653 4290
3874 1699 4290
3231 1699 4290
3943 1699 4290
4683 1699 4290
3944 1699 4290
1699 2671 4290
1699 1731 4290
791 1699 4290
1699 1095 4290
1699 4020 4290
1699 3511 4290
826 1699 4290
1699 715 4290
1699 3180 4290
1699 4980 4290
4513 1699 4290
2837 1699 4290
1699 1629 4290
3531 1699 4290
1699 3868 4290
1699 2828 4290
1699 834 4290
1437 1699 4290
1699 2832 4290
1655 1699 4290
1699 2895 4290
1699 1764 4290
2450 1699 4290
1699 2970 4290
735 1699 4290
3587 1699 4290
3350 1699 4290
1699 2203 4290
1562 1699 4290
1699 4204 4290
3261 1699 4290
1699 42 4290
1699 3771 4290
4261 1699 4290
591 1699 4290
1699 3901 4290
370 1699 4290
1699 4087 4290
1699 2034 4290
1699 4202 4290
2564 1699 4290
2727 1699 4290
1699 3022 4290
1749 1699 4290
1699 3031 4290
675 1699 4290
1699 1784 4290
2449 1699 4290
2730 1699 4290
1699 3220 4290
4441 1699 4290
1699 2167 4290
288 1699 4290
1699 568 4290
1699 1016 4290
1699 3119 4290
1699 4563 4290
1699 479 4290
1699 4442 4290
1699 4434 4290
447 1699 4290
3614 1699 4290
2356 1699 4290
1699 1639 4290
1699 50 4290
1699 104 4290
2559 1699 4290
40 1699 4290
1699 1773 4290
3039 1699 4290
1699 3742 4290
1699 2404 4290
1699 4493 4290
4128 1699 4290
2816 1699 4290
1699 2146 4290
1699 2352 4290
1699 4570 4290
1699 3335 4290
1495 1699 4290
2380 1699 4290
1325 1699 4290
3128 1699 4290
3626 1699 4290
1699 4855 4290
321 1699 4290
1699 4017 4290
1699 1880 4290
3270 1699 4290
3392 1699 4290
1699 4967 4290
2072 1699 4290
1058 1699 4290
1699 442 4290
216 1699 4290
1699 2218 4290
1699 4580 4290
3001 1699 4290
460 1699 4290
2295 1699 4290
1699 730 4290
1699 3244 4290
756 1699 4290
1523 1699 4290
1699 3217 4290
1439 1699 4290
1456 1699 4290
1699 146 4290
2145 1699 4290
1699 4744 4290
1699 546 4290
1699 3232 4290
4536 1699 4290
1699 3746 4290
1699 2037 4290
1699 287 4290
1699 2897 4290
1699 2950 4290
2446 1699 4290
1699 2030 4290
1699 4902 4290
4572 1699 4290
1699 660 4290
2454 1699 4290
383 1699 4290
1593 1699 4290
4701 1699 4290
1961 1699 4290
1699 1244 4290
688 1699 4290
2478 1699 4290
1699 2321 4290
1682 1699 4290
1699 4804 4290
434 1699 4290
1699 3675 4290
1699 3712 4290
2447 1699 4290
4290 1699 4290
2337 1699 4290
1699 2894 4290
1699 3524 4290
1699 34 4290
122 1699 4290
838 1699 4290
1699 3848 4290
1699 2501 4290
1282 1699 4290
3118 1699 4290
1699 4985 4290
1699 1630 4290
368 1699 4290
3052 1699 4290
1205 1699 4290
1645 1699 4290
777 1699 4290
557 1699 4290
1699 4130 4290
1699 1399 4290
1699 4055 4290
4082 1699 4290
1699 1493 4290
1699 2192 4290
1625 1699 4290
1782 1699 4290
2016 1699 4290
1699 1192 4290
4597 1699 4290
1855 1699 4290
1229 1699 4290
152 1699 4290
1699 1292 4290
1699 223 4290
2169 1699 4290
1071 1699 4290
1699 1973 4290
1699 4111 4290
3359 1699 4290
10 1699 4290
1230 1699 4290
1699 3583 4290
2154 1699 4290
1699 3687 4290
1218 1699 4290
2245 1699 4290
1699 239 4290
1699 3186 4290
1536 1699 4290
1699 1751 4290
1699 4154 4290
2588 1699 4290
3627 1699 4290
3745 1699 4290
1699 4505 4290
829 1699 4290
1699 266 4290
2134 1699 4290
1794 1699 4290
280 1699 4290
3638 1699 4290
1699 1372 4290
3561 1699 4290
1699 4668 4290
1699 257 4290
1699 1613 4290
3235 1699 4290
2397 1699 4290
1699 1513 4290
3079 1699 4290
1699 1478 4290
736 1699 4290
1699 2351 4290
1699 1534 4290
471 1699 4290
1699 1406 4290
1699 3316 4290
1290 1699 4290
4339 1699 4290
1014 1699 4290
1699 4812 4290
1000 1699 4290
3474 1699 4290
1939 1699 4290
1699 3796 4290
1699 4283 4290
1699 294 4290
99 1699 4290
1699 1519 4290
4843 1699 4290
3470 1699 4290
1699 1687 4290
4771 1699 4290
1359 1699 4290
1462 1699 4290
4750 1699 4290
1699 1232 4290
1699 3175 4290
1699 2631 4290
1699 2263 4290
1699 3542 4290
11 1699 4290
1449 1699 4290
1699 83 4290
1699 2221 4290
1690 1699 4290
1699 743 4290
1699 4777 4290
46 1699 4290
1699 2568 4290
1699 453 4290
4302 1699 4290
1699 661 4290
3272 1699 4290
1699 2758 4290
78 1699 4290
3043 1699 4290
1699 2405 4290
1699 1110 4290
4399 1699 4290
230 1699 4290
328 1699 4290
1699 1113 4290
707 1699 4290
1699 3770 4290
1699 2805 4290
2089 1699 4290
33 1699 4290
3262 1699 4290
884 1699 4290
3426 1699 4290
1699 4755 4290
1699 4156 4290
4751 1699 4290
4931 1699 4290
3673 1699 4290
3946 1699 4290
1699 766 4290
1699 4964 4290
1210 1699 4290
1699 3343 4290
1699 1228 4290
1699 4601 4290
1699 457 4290
973 1699 4290
2461 1699 4290
1699 1216 4290
686 1699 4290
333 1699 4290
3489 1699 4290
1699 2047 4290
1699 2320 4290
4090 1699 4290
855 1699 4290
2260 1699 4290
3612 1699 4290
1699 1321 4290
3888 1699 4290
1699 3960 4290
1699 2605 4290
1699 2773 4290
1976 1699 4290
1699 3113 4290
1699 4384 4290
624 1699 4290
242 1699 4290
1904 1699 4290
4279 1699 4290
3823 1699 4290
1699 2311 4290
3789 1699 4290
1699 4899 4290
1699 575 4290
1699 3668 4290
1699 2410 4290
1699 4551 4290
1699 1296 4290
4971 1699 4290
126 1699 4290
1699 2268 4290
1699 4986 4290
3850 1699 4290
1118 1699 4290
1699 4371 4290
1699 604 4290
1699 2362 4290
2359 1699 4290
3106 1699 4290
1699 400 4290
1699 3117 4290
1699 3790 4290
1026 1699 4290
4857 1699 4290
1699 4314 4290
1699 1331 4290
1699 2032 4290
541 1699 4290
1699 3800 4290
3760 1699 4290
1699 2925 4290
672 1699 4290
1699 3592 4290
4638 1699 4290
491 1699 4290
1699 1018 4290
1699 201 4290
1699 2285 4290
1699 4582 4290
1699 3607 4290
1699 141 4290
1699 630 4290
1699 382 4290
1699 3718 4290
1699 3966 4290
1699 3050 4290
1699 4881 4290
935 1699 4290
326 1699 4290
1699 2222 4290
1699 1913 4290
1699 4924 4290
1699 1617 4290
2646 1699 4290
1699 3873 4290
4365 1699 4290
4215 1699 4290
1699 4285 4290
1699 3485 4290
1699 4673 4290
1699 4702 4290
3557 1699 4290
2243 1699 4290
1699 3411 4290
1699 3000 4290
1854 1699 4290
680 1699 4290
1699 2619 4290
1699 3954 4290
2784 1699 4290
1699 3338 4290
515 1699 4290
1699 3526 4290
1699 1154 4290
1699 4679 4290
3969 1699 4290
1699 4774 4290
2871 1699 4290
1699 2117 4290
1699 3389 4290
4387 1699 4290
1699 4451 4290
197 1699 4290
376 1699 4290
1253 1699 4290
521 1699 4290
1699 4023 4290
1699 4145 4290
1626 1699 4290
1699 4824 4290
1699 102 4290
1699 1125 4290
3013 1699 4290
2659 1699 4290
1699 4039 4290
3827 1699 4290
1699 3886 4290
1699 1494 4290
1699 3487 4290
1699 2890 4290
1699 311 4290
1699 3882 4290
3708 1699 4290
327 1699 4290
3637 1699 4290
1699 3669 4290
1699 297 4290
1699 1241 4290
1699 2234 4290
1699 3977 4290
1699 3970 4290
1699 981 4290
1317 1699 4290
1699 4704 4290
4284 1699 4290
893 1699 4290
1699 1075 4290
1699 2833 4290
1699 3424 4290
1699 3759 4290
3076 1699 4290
1699 94 4290
4338 1699 4290
1699 1528 4290
79 1699 4290
1699 4554 4290
132 1699 4290
1699 4707 4290
2579 1699 4290
2195 1699 4290
1699 2194 4290
1699 3555 4290
1699 4969 4290
1699 3247 4290
1882 1699 4290
322 1699 4290
2296 1699 4290
1380 1699 4290
1699 2042 4290
2284 1699 4290
1699 1503 4290
2431 1699 4290
1699 3957 4290
1699 3331 4290
1087 1699 4290
1699 2626 4290
1699 4230 4290
1699 1895 4290
4392 1699 4290
1699 2979 4290
1699 319 4290
4662 1699 4290
4125 1699 4290
1699 3964 4290
1699 3091 4290
1924 1699 4290
1699 3287 4290
1012 1699 4290
619 1699 4290
459 1699 4290
1699 2036 4290
1090 1699 4290
1699 3869 4290
4025 1699 4290
220 1699 4290
2888 1699 4290
2475 1699 4290
1699 2648 4290
1699 2996 4290
1699 4678 4290
1699 1202 4290
153 1699 4290
1699 3857 4290
2417 1699 4290
2013 1699 4290
1699 3051 4290
1699 1526 4290
1699 1085 4290
1699 3581 4290
222 1699 4290
1699 303 4290
1699 683 4290
1699 958 4290
1699 3571 4290
4135 1699 4290
1431 1699 4290
380 1699 4290
1699 1801 4290
1699 1116 4290
4557 1699 4290
1699 2931 4290
1699 4862 4290
1699 44 4290
1699 1031 4290
1699 3213 4290
2488 1699 4290
750 1699 4290
1699 2084 4290
3144 1699 4290
1699 3215 4290
1699 4633 4290
1666 1699 4290
4506 1699 4290
1699 4684 4290
3347 1699 4290
43 1699 4290
2761 1699 4290
1699 1204 4290
1699 1610 4290
4157 1699 4290
2369 1699 4290
1699 4791 4290
2313 1699 4290
1699 1861 4290
4003 1699 4290
2022 1699 4290
2158 1699 4290
1699 4836 4290
1699 3464 4290
3454 1699 4290
1699 455 4290
2377 1699 4290
3870 1699 4290
3689 1699 4290
1699 4320 4290
1699 2705 4290
4131 1699 4290
1699 1858 4290
241 1699 4290
1699 3400 4290
258 1699 4290
1851 1699 4290
2307 1699 4290
450 1699 4290
61 1699 4290
4159 1699 4290
143 1699 4290
1699 1982 4290
4775 1699 4290
2104 1699 4290
1779 1699 4290
1699 3036 4290
1699 502 4290
1699 4337 4290
1806 1699 4290
1699 4882 4290
2609 1699 4290
4540 1699 4290
1699 3006 4290
3877 1699 4290
3195 1699 4290
599 1699 4290
1699 2976 4290
1699 1852 4290
1699 1549 4290
4793 1699 4290
3256 1699 4290
1337 1699 4290
4057 1699 4290
3266 1699 4290
4217 1699 4290
2108 1699 4290
4861 1699 4290
2187 1699 4290
820 1699 4290
1699 2153 4290
1699 373 4290
1502 1699 4290
1699 2048 4290
4785 1699 4290
1699 4782 4290
2486 1699 4290
1699 4070 4290
1699 4722 4290
234 1699 4290
3127 1699 4290
1699 2661 4290
4263 1699 4290
3521 1699 4290
2801 1699 4290
2440 1699 4290
3108 1699 4290
4515 1699 4290
1699 154 4290
2848 1699 4290
1699 4703 4290
3120 1699 4290
651 1699 4290
1729 1699 4290
1196 1699 4290
1699 1684 4290
1266 1699 4290
1699 2281 4290
1699 3727 4290
2043 1699 4290
1699 4529 4290
4518 1699 4290
1699 786 4290
3519 1699 4290
1699 1453 4290
1699 4878 4290
1699 710 4290
2663 1699 4290
4800 1699 4290
3138 1699 4290
1699 3535 4290
1699 3940 4290
1699 2503 4290
1699 1778 4290
1699 4549 4290
1699 4588 4290
285 1699 4290
119 1699 4290
2600 1699 4290
4308 1699 4290
2006 1699 4290
1699 1295 4290
1699 561 4290
308 1699 4290
1699 4177 4290
1699 3135 4290
1699 4369 4290
1699 1356 4290
2745 1699 4290
1699 805 4290
1699 366 4290
1699 2379 4290
1699 1485 4290
1699 4752 4290
4203 1699 4290
1699 203 4290
1699 4818 4290
2482 1699 4290
4987 1699 4290
2190 1699 4290
2960 1699 4290
1699 3699 4290
1699 2060 4290
2902 1699 4290
4650 1699 4290
1699 2178 4290
1699 1883 4290
1699 4489 4290
1699 4063 4290
1348 1699 4290
1938 1699 4290
1766 1699 4290
1699 4421 4290
4172 1699 4290
1699 836 4290
1699 4754 4290
1699 1400 4290
1699 592 4290
1041 1699 4290
2039 1699 4290
1699 3432 4290
3253 1699 4290
1699 2123 4290
1353 1699 4290
3269 1699 4290
2494 1699 4290
3292 1699 4290
3808 1699 4290
1699 2701 4290
4104 1699 4290
3550 1699 4290
3574 1699 4290
1699 3851 4290
420 1699 4290
2517 1699 4290
1699 1874 4290
1719 1699 4290
1699 1615 4290
3322 1699 4290
3507 1699 4290
1699 4171 4290
1699 1413 4290
1699 2344 4290
1699 2691 4290
90 1699 4290
1699 1996 4290
2522 1699 4290
1878 1699 4290
1699 1980 4290
2105 1699 4290
2239 1699 4290
4242 1699 4290
2012 1699 4290
1699 2132 4290
2778 1699 4290
1699 3747 4290
2655 1699 4290
1699 3632 4290
2261 1699 4290
4011 1699 4290
2898 1699 4290
741 1699 4290
1699 1557 4290
39 1699 4290
1699 1497 4290
4103 1699 4290
1699 1747 4290
1699 1599 4290
1699 3492 4290
4408 1699 4290
976 1699 4290
4479 1699 4290
1052 1699 4290
1699 1357 4290
4630 1699 4290
1699 3297 4290
1699 2891 4290
1699 4497 4290
1699 1407 4290
1104 1699 4290
1114 1699 4290
1699 12 4290
1699 351 4290
312 1699 4290
2052 1699 4290
1699 1987 4290
2111 1699 4290
1638 1699 4290
1699 252 4290
2915 1699 4290
1699 4249 4290
1699 501 4290
1699 4692 4290
4611 1699 4290
1699 1463 4290
1699 3481 4290
1699 3488 4290
362 1699 4290
1699 2835 4290
2267 1699 4290
1708 1699 4290
1699 2947 4290
1699 4648 4290
1699 3017 4290
742 1699 4290
1699 2489 4290
2066 1699 4290
1699 4059 4290
1699 760 4290
1699 3508 4290
1699 2312 4290
4 1699 4290
4521 1699 4290
1053 1699 4290
679 1699 4290
1830 1699 4290
1930 1699 4290
4966 1699 4290
1699 509 4290
1699 4496 4290
1699 2520 4290
293 1699 4290
1699 1846 4290
1237 1699 4290
1343 1699 4290
4583 1699 4290
48 1699 4290
2562 1699 4290
1699 1141 4290
1699 387 4290
1699 3682 4290
1699 2825 4290
397 1699 4290
547 1699 4290
1699 4595 4290
1699 1520 4290
164 1699 4290
1022 1699 4290
1699 3315 4290
1699 1823 4290
593 1699 4290
1699 256 4290
1699 4060 4290
1699 136 4290
2292 1699 4290
1699 1498 4290
2184 1699 4290
2620 1699 4290
1699 2065 4290
1699 4422 4290
4590 1699 4290
1699 745 4290
1699 2734 4290
2602 1699 4290
4213 1699 4290
1738 1699 4290
3661 1699 4290
1699 467 4290
1699 618 4290
1699 192 4290
1699 911 4290
3593 1699 4290
1699 881 4290
2957 1699 4290
1699 1864 4290
1699 3245 4290
1699 4640 4290
129 1699 4290
3702 1699 4290
1652 1699 4290
1772 1699 4290
1699 3973 4290
1699 910 4290
1699 3071 4290
4032 1699 4290
1699 57 4290
1959 1699 4290
1699 1624 4290
1767 1699 4290
1699 332 4290
1699 4625 4290
1934 1699 4290
473 1699 4290
1699 4133 4290
1699 1951 4290
1699 2538 4290
1699 1591 4290
3100 1699 4290
1699 3483 4290
1454 1699 4290
1699 799 4290
1699 857 4290
3468 1699 4290
1699 1556 4290
1699 1697 4290
803 1699 4290
1699 2699 4290
908 1699 4290
3696 1699 4290
1699 3134 4290
1062 1699 4290
1791 1699 4290
1699 2130 4290
1699 2637 4290
1699 3409 4290
1699 1195 4290
4522 1699 4290
1699 4394 4290
1335 1699 4290
640 1699 4290
3430 1699 4290
1699 3104 4290
1699 1131 4290
3797 1699 4290
1699 2733 4290
3088 1699 4290
1937 1699 4290
1142 1699 4290
1699 2364 4290
1699 1143 4290
1815 1699 4290
1699 1255 4290
1222 1699 4290
1699 2443 4290
3406 1699 4290
4883 1699 4290
2395 1699 4290
2100 1699 4290
1699 1733 4290
1699 4271 4290
1699 1724 4290
1699 176 4290
1699 2845 4290
3737 1699 4290
1699 2516 4290
1699 1831 4290
1699 4072 4290
3739 1699 4290
1699 2875 4290
1699 156 4290
1795 1699 4290
1699 695 4290
2472 1699 4290
1269 1699 4290
1699 3647 4290
3709 1699 4290
244 1699 4290
2601 1699 4290
1287 1699 4290
1699 3568 4290
1721 1699 4290
3281 1699 4290
1699 3722 4290
1017 1699 4290
278 1699 4290
353 1699 4290
4809 1699 4290
1211 1699 4290
3434 1699 4290
1699 631 4290
3098 1699 4290
1699 4218 4290
1699 2046 4290
1699 3002 4290
4067 1699 4290
3563 1699 4290
1699 1661 4290
1699 3258 4290
1699 1491 4290
1699 3401 4290
1699 4828 4290
1699 2840 4290
1920 1699 4290
1699 101 4290
1699 2063 4290
4108 1699 4290
1699 3332 4290
1699 2951 4290
2641 1699 4290
1699 1424 4290
2590 1699 4290
1699 439 4290
4081 1699 4290
1699 3730 4290
1699 4629 4290
1699 1368 4290
2300 1699 4290
1699 4473 4290
1083 1699 4290
3066 1699 4290
4761 1699 4290
1699 2323 4290
1144 1699 4290
424 1699 4290
1699 2523 4290
4446 1699 4290
1699 463 4290
4798 1699 4290
2949 1699 4290
1699 645 4290
1699 2575 4290
2814 1699 4290
74 1699 4290
1914 1699 4290
800 1699 4290
706 1699 4290
1699 4847 4290
668 1699 4290
1699 4174 4290
1699 243 4290
1699 2204 4290
1699 1279 4290
1699 1443 4290
4916 1699 4290
2645 1699 4290
1699 2266 4290
4406 1699 4290
1699 3917 4290
1699 1810 4290
1457 1699 4290
1958 1699 4290
1699 2628 4290
1699 323 4290
1699 2330 4290
1699 3035 4290
1699 108 4290
3037 1699 4290
1699 3503 4290
1699 1842 4290
1699 2110 4290
828 1699 4290
1699 3905 4290
3932 1699 4290
1699 3034 4290
1699 2479 4290
1699 1548 4290
1699 1121 4290
1699 4858 4290
1699 647 4290
1699 3659 4290
301 1699 4290
2099 1699 4290
3376 1699 4290
1699 1445 4290
1563 1699 4290
339 1699 4290
1699 3393 4290
3143 1699 4290
1781 1699 4290
1699 1606 4290
1699 4273 4290
1699 3351 4290
789 1699 4290
863 1699 4290
3501 1699 4290
1699 2941 4290
4186 1699 4290
189 1699 4290
2095 1699 4290
2148 1699 4290
1699 464 4290
918 1699 4290
1699 505 4290
1699 1147 4290
4807 1699 4290
1699 3766 4290
3775 1699 4290
1699 357 4290
1699 4431 4290
1699 3578 4290
1699 4626 4290
4928 1699 4290
1699 2017 4290
1699 3920 4290
4830 1699 4290
1699 1912 4290
1699 1824 4290
3556 1699 4290
3513 1699 4290
2262 1699 4290
4443 1699 4290
1699 2083 4290
24 1699 4290
1746 3624 1668
4484 1699 4290
1699 1305 4290
1699 4738 4290
1699 2905 4290
1699 4066 4290
3394 1699 4290
3461 1699 4290
901 1699 4290
1387 1699 4290
1699 1529 4290
4069 1699 4290
2611 1699 4290
1699 3453 4290
2392 1699 4290
1699 783 4290
1473 1699 4290
1699 1002 4290
1699 2863 4290
2173 1699 4290
2869 1699 4290
4920 1699 4290
182 1699 4290
1699 4526 4290
1699 2666 4290
1699 1132 4290
1699 8 4290
1699 1825 4290
1699 1818 4290
1261 1699 4290
1785 1699 4290
1699 2465 4290
1699 4004 4290
3211 1699 4290
1598 1699 4290
871 1699 4290
1699 1703 4290
1699 3404 4290
1699 67 4290
1699 769 4290
2491 1699 4290
1699 3065 4290
3833 1699 4290
1699 966 4290
1699 411 4290
1699 3162 4290
1699 4178 4290
697 1699 4290
1699 2565 4290
1699 757 4290
1707 1699 4290
1699 4874 4290
2219 1699 4290
886 1699 4290
2788 1699 4290
1124 1699 4290
1699 922 4290
2849 1699 4290
1699 4181 4290
1699 3871 4290
1699 2166 4290
1699 3336 4290
1699 3229 4290
1699 4277 4290
4076 1699 4290
1699 990 4290
1699 1200 4290
1699 3879 4290
1699 4122 4290
1699 2864 4290
2457 1699 4290
2247 1699 4290
1699 1386 4290
207 1699 4290
3975 1699 4290
1699 4088 4290
1699 2930 4290
1455 1699 4290
1264 1699 4290
2827 1699 4290
1175 1699 4290
1699 3414 4290
2532 1699 4290
2452 1699 4290
1699 2025 4290
4282 1699 4290
3310 1699 4290
2231 1699 4290
2328 1699 4290
3161 1699 4290
3452 1699 4290
1699 4618 4290
1355 1699 4290
212 1699 4290
1699 3934 4290
3648 1699 4290
611 1699 4290
4727 1699 4290
1451 1699 4290
2771 1699 4290
1699 600 4290
2235 1699 4290
1699 3565 4290
3459 1699 4290
1699 2125 4290
1699 1137 4290
639 1699 4290
4859 1699 4290
4158 1699 4290
1699 3142 4290
2293 1699 4290
3115 1699 4290
1699 1351 4290
3860 1699 4290
3652 1699 4290
441 1699 4290
1699 199 4290
2880 1699 4290
1236 1699 4290
1699 4437 4290
1699 120 4290
1699 3990 4290
177 1699 4290
2913 1699 4290
1699 2680 4290
4452 1699 4290
250 1699 4290
1699 4901 4290
1699 1532 4290
1699 1972 4290
1699 2274 4290
235 1699 4290
2689 1699 4290
2310 1699 4290
172 1699 4290
2303 1699 4290
2093 1699 4290
1699 3762 4290
1579 1699 4290
4888 1699 4290
1699 963 4290
1699 2708 4290
1753 1699 4290
3064 1699 4290
3109 1699 4290
2510 1699 4290
1699 496 4290
3948 1699 4290
1699 2424 4290
2892 1699 4290
1699 564 4290
1699 554 4290
1699 1288 4290
1699 597 4290
1699 732 4290
2401 1699 4290
2753 1699 4290
4594 1699 4290
1699 617 4290
3617 1699 4290
35 1699 4290
1699 2810 4290
1699 4865 4290
4325 1699 4290
1699 4705 4290
1699 3713 4290
1699 4150 4290
4725 1699 4290
3841 1699 4290
1699 2346 4290
1699 4922 4290
1699 586 4290
2512 1699 4290
302 1699 4290
1699 488 4290
3385 1699 4290
1699 3445 4290
1732 1699 4290
2964 1699 4290
190 1699 4290
1699 2860 4290
1390 1699 4290
3391 1699 4290
3938 1699 4290
2719 1699 4290
739 1699 4290
4696 1699 4290
3223 1699 4290
1699 4745 4290
1699 3048 4290
1699 1273 4290
1699 4823 4290
1699 4646 4290
3684 1699 4290
1699 3041 4290
1903 1699 4290
497 1699 4290
4299 1699 4290
4639 1699 4290
1699 1170 4290
1699 1268 4290
1699 4813 4290
4184 1699 4290
1699 269 4290
1699 926 4290
1699 3429 4290
1699 174 4290
1699 1676 4290
2608 1699 4290
2563 1699 4290
993 1699 4290
4831 1699 4290
1291 1699 4290
2698 1699 4290
4867 1699 4290
2540 1699 4290
637 1699 4290
4173 1699 4290
4138 1699 4290
1699 1876 4290
1699 4932 4290
1699 814 4290
1699 341 4290
1699 4381 4290
3804 1699 4290
1699 1681 4290
2172 1699 4290
1699 3784 4290
1699 721 4290
794 1699 4290
1223 1699 4290
3854 1699 4290
2923 1699 4290
4205 1699 4290
1770 1699 4290
1699 606 4290
1699 858 4290
1401 1699 4290
4323 1699 4290
4463 1699 4290
263 1699 4290
1699 1297 4290
1699 1148 4290
1699 4664 4290
1699 1233 4290
1699 671 4290
1699 539 4290
1699 3020 4290
1699 4098 4290
1369 1699 4290
1037 1699 4290
1699 3188 4290
1699 1226 4290
1699 1540 4290
1699 3585 4290
648 1699 4290
1699 1006 4290
1699 832 4290
1699 2935 4290
3622 1699 4290
1699 1614 4290
1838 1699 4290
1699 4561 4290
1699 1179 4290
2507 1699 4290
2530 1699 4290
1699 138 4290
1699 2642 4290
1699 4026 4290
1699 2574 4290
3898 1699 4290
1699 3239 4290
2918 1699 4290
4448 1699 4290
409 1699 4290
2569 1699 4290
780 1699 4290
1699 3349 4290
1699 1788 4290
4535 1699 4290
1699 3604 4290
3554 1699 4290
1699 4453 4290
3340 1699 4290
1156 1699 4290
3849 1699 4290
2752 1699 4290
1699 1710 4290
1699 2932 4290
1578 1699 4290
474 1699 4290
1699 218 4290
2916 1699 4290
3836 1699 4290
892 1699 4290
1446 1699 4290
2468 1699 4290
1699 3428 4290
1699 1561 4290
2820 1699 4290
2962 1699 4290
1699 4120 4290
1699 3299 4290
3439 1699 4290
1699 3089 4290
1005 1699 4290
1699 2470 4290
1699 3296 4290
1699 3914 4290
1517 1699 4290
1699 638 4290
2116 1699 4290
304 1699 4290
1699 1998 4290
4000 1699 4290
4454 1699 4290
1699 3794 4290
2476 1699 4290
1699 1657 4290
1699 2176 4290
4942 1699 4290
1699 281 4290
3252 1699 4290
1699 3839 4290
1699 4355 4290
4819 1699 4290
1699 4433 4290
1699 1685 4290
1699 4599 4290
1699 1701 4290
3528 1699 4290
1699 2485 4290
996 1699 4290
1699 649 4290
2045 1699 4290
1699 2101 4290
4393 1699 4290
3233 1699 4290
1699 4709 4290
4048 1699 4290
1699 1289 4290
422 1699 4290
1699 4936 4290
1699 3356 4290
1699 3807 4290
3289 1699 4290
1699 4893 4290
1699 698 4290
2612 1699 4290
1699 121 4290
1699 4876 4290
1699 4811 4290
1699 2342 4290
1699 1239 4290
1699 2764 4290
4657 1699 4290
3926 1699 4290
1699 2354 4290
4187 1699 4290
1699 2393 4290
1699 2907 4290
1692 1699 4290
1699 4963 4290
3662 1699 4290
1699 980 4290
3116 1699 4290
623 1699 4290
1699 4670 4290
3397 1699 4290
1699 1312 4290
1699 849 4290
1699 403 4290
4538 1699 4290
2706 1699 4290
2904 1699 4290
1554 1699 4290
984 1699 4290
875 1699 4290
1699 581 4290
1699 1558 4290
1698 1699 4290
1699 4802 4290
2092 1699 4290
1699 3423 4290
1699 3983 4290
1699 2290 4290
63 1699 4290
1699 1484 4290
1699 3729 4290
689 1699 4290
1410 1699 4290
1699 1193 4290
1699 4398 4290
1574 1699 4290
1699 3070 4290
2977 1699 4290
1699 2553 4290
1977 1699 4290
1699 2793 4290
3373 1699 4290
1699 4504 4290
1699 2160 4290
1699 3094 4290
1974 1699 4290
1383 1699 4290
2199 1699 4290
701 1699 4290
1699 1271 4290
3416 1699 4290
1587 1699 4290
1699 1054 4290
4723 1699 4290
1699 4461 4290
2490 1699 4290
4596 1699 4290
1699 4121 4290
1364 1699 4290
1699 3738 4290
4183 1699 4290
1699 3683 4290
3875 1699 4290
1699 4024 4290
1945 1699 4290
112 1699 4290
1699 1088 4290
1699 3301 4290
1699 1940 4290
1699 4142 4290
4013 1699 4290
1699 3605 4290
3016 1699 4290
1879 1699 4290
1699 4016 4290
1699 2716 4290
1699 2370 4290
1699 962 4290
1699 4485 4290
1409 1699 4290
3597 1699 4290
1699 3837 4290
1970 1699 4290
1699 1115 4290
2459 1699 4290
1699 4531 4290
1819 1699 4290
1699 4214 4290
1699 2196 4290
1798 1699 4290
117 1699 4290
1699 2928 4290
2989 1699 4290
3701 1699 4290
1699 3734 4290
1699 4675 4290
1699 2365 4290
2610 1699 4290
1089 1699 4290
365 1699 4290
4797 1699 4290
1050 1699 4290
1429 1699 4290
1699 1921 4290
100 1699 4290
1699 4280 4290
912 1699 4290
1699 1597 4290
1699 4471 4290
1699 1555 4290
4416 1699 4290
2696 1699 4290
1699 1674 4290
1699 3259 4290
1699 3327 4290
1699 1352 4290
1699 1326 4290
1699 1240 4290
1699 904 4290
507 1699 4290
1699 2846 4290
3386 1699 4290
1699 395 4290
425 1699 4290
1699 1850 4290
1699 4685 4290
2912 1699 4290
1887 1699 4290
1699 504 4290
1699 3532 4290
1699 691 4290
1699 2081 4290
1699 1542 4290
1699 412 4290
2577 1699 4290
3167 1699 4290
3125 1699 4290
1699 3802 4290
1983 1699 4290
4411 1699 4290
1941 1699 4290
1408 1699 4290
1699 3629 4290
1836 1699 4290
1658 1699 4290
53 1699 4290
226 1699 4290
1699 1320 4290
1699 877 4290
1032 1699 4290
810 1699 4290
1699 402 4290
1699 3184 4290
1157 1699 4290
4871 1699 4290
3546 1699 4290
3026 1699 4290
1699 127 4290
1699 3566 4290
3055 1699 4290
1699 4889 4290
4895 1699 4290
1699 4872 4290
978 1699 4290
1716 1699 4290
2143 1699 4290
903 1699 4290
1699 4010 4290
1015 1699 4290
4850 1699 4290
1159 1699 4290
4209 1699 4290
240 1699 4290
1699 2271 4290
1699 531 4290
47 1699 4290
1699 211 4290
4254 1699 4290
1699 274 4290
1699 3976 4290
4382 1699 4290
1699 3097 4290
1699 4182 4290
1699 738 4290
643 1699 4290
1699 1671 4290
1699 2140 4290
1699 1048 4290
1699 1512 4290
1699 4195 4290
2749 1699 4290
4390 1699 4290
1699 2767 4290
3275 1699 4290
2014 1699 4290
2686 1699 4290
1594 1699 4290
3225 1699 4290
1699 874 4290
1699 1435 4290
4545 1699 4290
2757 1699 4290
2607 1699 4290
4140 1699 4290
3040 1699 4290
1699 2094 4290
3251 1699 4290
470 1699 4290
1699 3159 4290
1699 4036 4290
2244 1699 4290
4022 1699 4290
476 1699 4290
4520 1699 4290
2946 1699 4290
1699 430 4290
1699 713 4290
3731 1699 4290
1699 1149 4290
1699 2139 4290
1699 1068 4290
1699 334 4290
3925 1699 4290
1699 2883 4290
1699 1668 4290
1590 1699 4290
255 1699 4290
4469 1699 4290
925 1699 4290
1699 2372 4290
1699 1190 4290
3114 1699 4290
1699 1995 4290
727 1699 4290
367 1699 4290
144 1699 4290
821 1699 4290
3081 1699 4290
2783 1699 4290
1699 4185 4290
1699 4546 4290
3619 1699 4290
4773 1699 4290
2969 1699 4290
1699 2714 4290
116 1699 4290
1073 1699 4290
1699 2211 4290
1699 4065 4290
4708 1699 4290
1699 1163 4290
1699 1609 4290
2851 1699 4290
1872 1699 4290
3267 1699 4290
2853 1699 4290
1699 3541 4290
1699 2119 4290
1699 2497 4290
1699 4766 4290
1699 3863 4290
1699 4001 4290
673 1699 4290
2441 1699 4290
1699 4968 4290
2709 1699 4290
1699 1601 4290
1699 3767 4290
1699 704 4290
1699 124 4290
2304 1699 4290
2334 1699 4290
169 1699 4290
4402 1699 4290
2980 1699 4290
1699 167 4290
1699 4112 4290
758 1699 4290
1699 4234 4290
3268 1699 4290
1699 1257 4290
1699 1870 4290
4167 1699 4290
3007 1699 4290
1699 4523 4290
1699 2483 4290
1699 71 4290
1699 4014 4290
1699 3968 4290
1699 2358 4290
1923 1699 4290
1699 2147 4290
1314 1699 4290
1030 1699 4290
1699 3987 4290
1699 4163 4290
1077 1699 4290
1699 4439 4290
4690 1699 4290
3024 1699 4290
1699 1427 4290
1699 4978 4290
4553 1699 4290
1699 150 4290
1699 776 4290
298 1699 4290
1699 2881 4290
300 1699 4290
4930 1699 4290
1699 2984 4290
1881 1699 4290
3121 1699 4290
2381 1699 4290
1699 1330 4290
1659 1699 4290
1699 845 4290
1699 594 4290
2040 1699 4290
1699 4395 4290
2769 1699 4290
1699 4147 4290
2948 1699 4290
1888 1699 4290
3282 1699 4290
1699 2340 4290
1699 1786 4290
3056 1699 4290
1699 142 4290
3312 1699 4290
949 1699 4290
4042 1699 4290
1699 957 4290
1509 1699 4290
1699 4152 4290
2062 1699 4290
2710 1699 4290
1699 3704 4290
4908 1699 4290
1673 1699 4290
1699 4264 4290
1699 3279 4290
4623 1699 4290
1699 2492 4290
1699 4939 4290
578 1699 4290
720 1699 4290
396 1699 4290
1699 2232 4290
3769 1699 4290
1699 3792 4290
1699 687 4290
1699 4603 4290
1384 1699 4290
206 1699 4290
806 1699 4290
1699 3754 4290
2164 1699 4290
934 1699 4290
1699 3320 4290
1699 2144 4290
1699 30 4290
868 1699 4290
158 1699 4290
1699 181 4290
1699 162 4290
1699 3788 4290
2394 1699 4290
1699 3552 4290
1699 2505 4290
659 1699 4290
1699 2617 4290
955 1699 4290
1699 1525 4290
1699 2940 4290
1699 1055 4290
1699 2966 4290
200 1699 4290
1699 3890 4290
2020 1699 4290
358 1699 4290
355 1699 4290
1699 961 4290
1612 1699 4290
1699 930 4290
2678 1699 4290
1699 204 4290
2403 1699 4290
361 1699 4290
1699 1187 4290
1699 1992 4290
1699 867 4290
487 1699 4290
719 1699 4290
1091 1699 4290
149 1699 4290
4592 1699 4290
1699 967 4290
1699 60 4290
2656 1699 4290
1699 4051 4290
2635 1699 4290
1699 882 4290
1470 1699 4290
3817 1699 4290
151 1699 4290
1145 1699 4290
4089 1699 4290
1029 1699 4290
1699 677 4290
1699 291 4290
2270 1699 4290
1699 3522 4290
1699 1915 4290
650 1699 4290
2390 1699 4290
3060 1699 4290
1699 2615 4290
1699 2841 4290
1699 2707 4290
2742 1699 4290
1699 567 4290
1699 644 4290
1699 1679 4290
1699 3399 4290
2692 1699 4290
3549 1699 4290
2467 1699 4290
4356 1699 4290
1699 4636 4290
4617 1699 4290
2371 1699 4290
1699 4790 4290
3838 1699 4290
3658 1699 4290
1699 4735 4290
3705 1699 4290
1699 3735 4290
2657 1699 4290
1699 1968 4290
4698 1699 4290
2355 1699 4290
529 1699 4290
1699 923 4290
1699 4047 4290
1699 4136 4290
3504 1699 4290
247 1699 4290
2838 1699 4290
2387 1699 4290
1699 749 4290
1699 1328 4290
1699 1249 4290
4109 1699 4290
1699 4232 4290
778 1699 4290
3710 1699 4290
3303 1699 4290
1699 510 4290
3703 1699 4290
2107 1699 4290
1699 2056 4290
1699 1797 4290
2433 1699 4290
4814 1699 4290
1699 538 4290
681 1699 4290
3068 1699 4290
1699 950 4290
4853 1699 4290
1699 2791 4290
1699 3033 4290
1699 3941 4290
31 1699 4290
1699 785 4290
1699 1656 4290
653 1699 4290
1699 4605 4290
952 1699 4290
1699 477 4290
1699 2423 4290
2180 1699 4290
1699 823 4290
1699 788 4290
1699 927 4290
1699 4193 4290
1699 2679 4290
1699 535 4290
3852 1699 4290
1699 885 4290
1699 2900 4290
4616 1699 4290
4799 1699 4290
3527 1699 4290
2057 1699 4290
1965 1699 4290
1802 1699 4290
3153 1699 4290
1699 4875 4290
1699 4835 4290
1699 2660 4290
1481 1699 4290
2360 1699 4290
1699 4815 4290
1699 2725 4290
1759 1699 4290
1699 4860 4290
4990 1699 4290
1382 1699 4290
1699 3999 4290
1809 1699 4290
1699 1695 4290
2885 1699 4290
565 1699 4290
1699 1246 4290
1699 2286 4290
4510 1699 4290
1699 3782 4290
4293 1699 4290
1699 4913 4290
394 1699 4290
4148 1699 4290
2981 1699 4290
2400 1699 4290
4841 1699 4290
1699 4628 4290
1699 1247 4290
1699 4460 4290
1699 616 4290
1699 3271 4290
569 1699 4290
1070 1699 4290
2442 1699 4290
1191 1699 4290
1713 1699 4290
22 1699 4290
3472 1699 4290
1699 1101 4290
3087 1699 4290
3967 1699 4290
91 1699 4290
1699 1219 4290
489 1699 4290
2396 1699 4290
1699 2988 4290
2889 1699 4290
801 1699 4290
1699 1807 4290
1699 1496 4290
1699 2368 4290
4096 1699 4290
1699 4162 4290
1699 4832 4290
1699 733 4290
1699 3618 4290
2343 1699 4290
1699 1727 4290
1699 2765 4290
1699 988 4290
883 1699 4290
3959 1699 4290
1699 3972 4290
1699 585 4290
1699 3456 4290
2402 1699 4290
1699 4307 4290
1699 667 4290
1699 4656 4290
1644 1699 4290
3994 1699 4290
1745 1699 4290
118 1699 4290
1412 1699 4290
1699 526 4290
2546 1699 4290
4351 1699 4290
3250 1699 4290
388 1699 4290
1699 3664 4290
1699 4921 4290
1783 1699 4290
4149 1699 4290
699 1699 4290
1699 465 4290
2974 1699 4290
682 1699 4290
2899 1699 4290
1699 3198 4290
1699 1471 4290
1699 4770 4290
1699 342 4290
1106 1699 4290
1699 1760 4290
1699 2922 4290
4837 1699 4290
1699 130 4290
4410 1699 4290
2790 1699 4290
1699 1702 4290
1699 282 4290
3697 1699 4290
1699 3260 4290
1699 3381 4290
1275 1699 4290
1699 1208 4290
2747 1699 4290
1699 2445 4290
761 1699 4290
4810 1699 4290
1699 4239 4290
1699 276 4290
4651 1699 4290
1699 1004 4290
4689 1699 4290
1699 4610 4290
1699 3909 4290
1699 3212 4290
4491 1699 4290
1699 3484 4290
4952 1699 4290
2193 1699 4290
1699 4909 4290
1699 573 4290
1699 1763 4290
1699 2253 4290
1699 2283 4290
1699 1 4290
3178 1699 4290
3897 1699 4290
32 1699 4290
1699 4757 4290
1212 1699 4290
1699 3168 4290
4907 1699 4290
4686 1699 4290
708 1699 4290
2919 1699 4290
1595 1699 4290
1841 1699 4290
1699 348 4290
4344 1699 4290
2272 1699 4290
1622 1699 4290
2873 1699 4290
4953 1699 4290
840 1699 4290
1699 1458 4290
1699 4772 4290
1699 461 4290
4095 1699 4290
1762 1699 4290
4637 1699 4290
4555 1699 4290
1699 3379 4290
1334 1699 4290
1699 4288 4290
1699 1151 4290
4676 1699 4290
4509 1699 4290
627 1699 4290
819 1699 4290
3885 1699 4290
1699 3170 4290
1699 4240 4290
1699 1800 4290
1699 4737 4290
1699 4892 4290
1699 4329 4290
1430 1699 4290
1699 3670 4290
4086 1699 4290
1699 4034 4290
1699 576 4290
1699 2428 4290
1699 4197 4290
2496 1699 4290
4077 1699 4290
1699 1714 4290
1074 1699 4290
1699 1545 4290
2376 1699 4290
607 1699 4290
4854 1699 4290
1699 4126 4290
1699 3023 4290
3090 1699 4290
1699 2071 4290
4607 1699 4290
1699 1873 4290
1699 4358 4290
4123 1699 4290
1699 2388 4290
1699 866 4290
4672 1699 4290
391 1699 4290
2693 1699 4290
3881 1699 4290
1699 596 4290
1699 1865 4290
1699 96 4290
1699 813 4290
1699 1799 4290
2288 1699 4290
1699 3140 4290
2843 1699 4290
3643 1699 4290
2859 1699 4290
1699 1302 4290
4988 1699 4290
1699 3931 4290
1024 1699 4290
1699 4054 4290
830 1699 4290
4652 1699 4290
1248 1699 4290
1699 3025 4290
1812 1699 4290
1699 1608 4290
4721 1699 4290
4301 1699 4290
1699 4512 4290
1019 1699 4290
3907 1699 4290
1699 1774 4290
1699 3993 4290
3831 1699 4290
1699 755 4290
1949 1699 4290
1699 2818 4290
1768 1699 4290
3621 1699 4290
2665 1699 4290
3447 1699 4290
458 1699 4290
1699 1415 4290
3551 1699 4290
3433 1699 4290
1699 4235 4290
1699 3723 4290
1699 3706 4290
3516 1699 4290
1699 486 4290
1699 330 4290
1984 1699 4290
614 1699 4290
1699 2361 4290
1699 2436 4290
1699 3495 4290
3764 1699 4290
4251 1699 4290
3774 1699 4290
2606 1699 4290
1699 3285 4290
1699 4712 4290
1699 4085 4290
1699 4160 4290
1699 4449 4290
1699 846 4290
1699 965 4290
1699 3243 4290
2942 1699 4290
1699 928 4290
1699 4052 4290
2088 1699 4290
792 1699 4290
924 1699 4290
1699 4645 4290
3529 1699 4290
1699 2911 4290
1699 3061 4290
1699 4760 4290
4383 1699 4290
1677 1699 4290
2500 1699 4290
381 1699 4290
1699 1547 4290
628 1699 4290
1699 1787 4290
1699 2135 4290
1699 4008 4290
4117 1699 4290
1699 2469 4290
2411 1699 4290
37 1699 4290
1699 913 4290
1699 768 4290
1699 2220 4290
1699 1565 4290
456 1699 4290
1699 3193 4290
1699 2098 4290
1699 2572 4290
1699 4970 4290
1699 4118 4290
1699 3692 4290
4354 1699 4290
1699 331 4290
3014 1699 4290
1699 3421 4290
1699 3148 4290
1699 3105 4290
1699 3811 4290
2316 1699 4290
2322 1699 4290
1699 4269 4290
1592 1699 4290
2383 1699 4290
1699 423 4290
1699 751 4290
184 1699 4290
1699 3773 4290
1699 954 4290
4466 1699 4290
1699 3634 4290
657 1699 4290
1699 2650 4290
3358 1699 4290
1699 891 4290
4789 1699 4290
1584 1699 4290
178 1699 4290
4957 1699 4290
690 1699 4290
3226 1699 4290
3588 1699 4290
1699 4569 4290
1699 1875 4290
1699 3 4290
1375 1699 4290
1433 1699 4290
1699 2914 4290
4541 1699 4290
1699 1804 4290
1699 4525 4290
325 1699 4290
3889 1699 4290
4015 1699 4290
3360 1699 4290
3880 1699 4290
1699 92 4290
1699 1185 4290
1954 1699 4290
1792 1699 4290
1699 1441 4290
1467 1699 4290
1699 270 4290
1699 1891 4290
1515 1699 4290
1699 2408 4290
4033 1699 4290
1699 3732 4290
1699 2529 4290
2171 1699 4290
1699 1082 4290
936 1699 4290
1699 3981 4290
2051 1699 4290
1699 155 4290
1252 1699 4290
1699 3590 4290
1699 55 4290
1918 1699 4290
1699 1313 4290
1699 1391 4290
4562 1699 4290
1699 313 4290
2023 1699 4290
1699 1069 4290
2973 1699 4290
1699 384 4290
1699 3236 4290
3234 1699 4290
1699 1756 4290
1699 1315 4290
1699 977 4290
1699 503 4290
3403 1699 4290
1699 3962 4290
1699 1347 4290
1699 343 4290
3624 1699 4290
4516 1699 4290
1699 3923 4290
887 1699 4290
38 1699 4290
1699 275 4290
3334 1699 4290
1699 663 4290
1699 4229 4290
1699 3667 4290
2217 1699 4290
445 1699 4290
1699 4480 4290
542 1699 4290
1699 4794 4290
1699 2249 4290
3569 1699 4290
2058 1699 4290
3440 1699 4290
4328 1699 4290
2421 1699 4290
1699 2444 4290
2155 1699 4290
1699 4663 4290
1699 3533 4290
1699 1902 4290
1122 1699 4290
1699 17 4290
1699 1346 4290
1699 833 4290
1699 1631 4290
1699 4053 4290
3099 1699 4290
1699 1600 4290
3284 1699 4290
3173 1699 4290
1699 3694 4290
1699 4373 4290
3160 1699 4290
1699 995 4290
1699 2141 4290
1699 3903 4290
1699 1133 4290
1699 744 4290
1699 2704 4290
2971 1699 4290
65 1699 4290
1699 4425 4290
4903 1699 4290
1699 3467 4290
4475 1699 4290
1699 4225 4290
4821 1699 4290
1699 2212 4290
1699 3582 4290
1699 1905 4290
3520 1699 4290
1699 1363 4290
1699 3924 4290
4477 1699 4290
1699 4093 4290
3176 1699 4290
1699 4556 4290
1699 899 4290
1699 1618 4290
1699 902 4290
1699 135 4290
1699 1979 4290
1603 1699 4290
271 1699 4290
854 1699 4290
1699 2856 4290
1341 1699 4290
1699 314 4290
4840 1699 4290
1699 4825 4290
3455 1699 4290
1699 1398 4290
1989 1699 4290
1699 1832 4290
213 1699 4290
1699 991 4290
1699 3904 4290
2821 1699 4290
1699 3181 4290
1699 307 4290
2341 1699 4290
3375 1699 4290
1699 4189 4290
2879 1699 4290
1699 4350 4290
3265 1699 4290
1699 2138 4290
1699 3154 4290
1699 3129 4290
4419 1699 4290
1699 4713 4290
2561 1699 4290
1699 835 4290
1699 228 4290
2703 1699 4290
1699 3756 4290
1699 4954 4290
1319 1699 4290
1535 1699 4290
1699 3655 4290
1699 4844 4290
1260 1699 4290
3183 1699 4290
1699 2273 4290
3418 1699 4290
1699 1097 4290
4200 1699 4290
1849 1699 4290
2214 1699 4290
1699 19 4290
1699 2238 4290
1699 2317 4290
4274 1699 4290
1699 51 4290
1699 4450 4290
4718 1699 4290
1699 4134 4290
1699 4890 4290
4164 1699 4290
837 1699 4290
4455 1699 4290
4898 1699 4290
4710 1699 4290
1699 3560 4290
1699 3538 4290
4682 1699 4290
1699 428 4290
3853 1699 4290
1699 4281 4290
1837 1699 4290
519 1699 4290
4228 1699 4290
2175 1699 4290
1256 1699 4290
1699 4742 4290
3956 1699 4290
4948 1699 4290
1699 3124 4290
1916 1699 4290
1699 2106 4290
1699 1975 4290
1259 1699 4290
2225 1699 4290
4994 1699 4290
2542 1699 4290
3362 1699 4290
2799 1699 4290
1699 2789 4290
1182 1699 4290
1699 1735 4290
1699 3949 4290
1769 1699 4290
1699 137 4290
3457 1699 4290
1699 1689 4290
905 1699 4290
3580 1699 4290
1723 1699 4290
4370 1699 4290
1752 1699 4290
4615 1699 4290
2227 1699 4290
4501 1699 4290
4380 1699 4290
4415 1699 4290
4180 1699 4290
1699 2007 4290
4494 1699 4290
1699 3610 4290
1699 1742 4290
1306 1699 4290
1699 3390 4290
1699 4099 4290
1111 1699 4290
2508 1699 4290
66 1699 4290
1699 3337 4290
1699 3300 4290
1641 1699 4290
4075 1699 4290
1699 4972 4290
4983 1699 4290
1699 709 4290
1699 4435 4290
1699 3156 4290
1699 4905 4290
1699 1524 4290
1699 3947 4290
1699 3595 4290
1699 68 4290
1699 1649 4290
4576 1699 4290
1699 543 4290
4414 1699 4290
1699 1616 4290
338 1699 4290
2785 1699 4290
1699 4533 4290
1699 2855 4290
1699 3463 4290
3721 1699 4290
2718 1699 4290
1699 1962 4290
1699 2289 4290
4468 1699 4290
1699 2938 4290
1224 1699 4290
1699 1567 4290
2581 1699 4290
2049 1699 4290
1699 4542 4290
1699 2149 4290
4257 1699 4290
2544 1699 4290
4706 1699 4290
3829 1699 4290
1699 2728 4290
1699 3460 4290
106 1699 4290
1699 3496 4290
2809 1699 4290
1871 1699 4290
1699 4693 4290
427 1699 4290
1583 1699 4290
2811 1699 4290
1392 1699 4290
1699 2237 4290
1385 1699 4290
1699 2150 4290
4224 1699 4290
299 1699 4290
2509 1699 4290
1699 2857 4290
1699 4984 4290
3448 1699 4290
4012 1699 4290
1076 1699 4290
714 1699 4290
1344 1699 4290
1699 432 4290
1699 2207 4290
1699 3591 4290
1311 1699 4290
1699 4934 4290
1699 81 4290
1078 1699 4290
1699 2059 4290
7 1699 4290
436 1699 4290
4973 1699 4290
1699 23 4290
1699 1066 4290
1699 4870 4290
1699 3945 4290
2205 1699 4290
1699 4470 4290
1699 1947 4290
3377 1699 4290
1699 1814 4290
320 1699 4290
3304 1699 4290
1061 1699 4290
3151 1699 4290
1699 2959 4290
1699 3866 4290
3030 1699 4290
4806 1699 4290
2865 1699 4290
1699 3719 4290
4719 1699 4290
1699 2366 4290
2003 1699 4290
1699 2824 4290
1699 2504 4290
670 1699 4290
1699 1669 4290
3405 1699 4290
1699 3092 4290
1699 215 4290
1699 272 4290
103 1699 4290
1971 1699 4290
909 1699 4290
1699 4265 4290
1699 1720 4290
1699 3410 4290
4237 1699 4290
1699 1281 4290
1699 2736 4290
3482 1699 4290
1699 4291 4290
1699 1396 4290
1699 4420 4290
1699 3878 4290
1699 2766 4290
3298 1699 4290
398 1699 4290
3328 1699 4290
2584 1699 4290
1699 4739 4290
4268 1699 4290
4927 1699 4290
3601 1699 4290
1699 2533 4290
1699 2053 4290
3847 1699 4290
1699 3164 4290
1699 1150 4290
1699 2548 4290
1699 752 4290
4632 1699 4290
2163 1699 4290
4267 1699 4290
1079 1699 4290
1699 2409 4290
4511 1699 4290
1986 1699 4290
1699 2010 4290
1699 4330 4290
4482 1699 4290
3444 1699 4290
1699 3672 4290
1699 3293 4290
897 1699 4290
1699 4655 4290
1699 3525 4290
3640 1699 4290
315 1699 4290
2525 1699 4290
1699 2054 4290
1250 1699 4290
3725 1699 4290
693 1699 4290
1699 2131 4290
4558 1699 4290
1699 2613 4290
4212 1699 4290
1699 2743 4290
1699 3625 4290
1699 4256 4290
3341 1699 4290
1699 3615 4290
1856 1699 4290
1699 4168 4290
1699 1425 4290
1699 2958 4290
1699 3630 4290
1699 3177 4290
1699 3820 4290
1419 1699 4290
1699 1420 4290
3861 1699 4290
1699 4593 4290
4602 1699 4290
1699 1985 4290
1699 2682 4290
1699 1862 4290
1699 2297 4290
518 1699 4290
1699 4604 4290
582 1699 4290
1699 498 4290
1207 1699 4290
431 1699 4290
1699 2585 4290
1699 1860 4290
1699 3361 4290
2420 1699 4290
1699 1533 4290
1699 4457 4290
1699 4233 4290
408 1699 4290
3136 1699 4290
3363 1699 4290
415 1699 4290
1699 1362 4290
1699 746 4290
3984 1699 4290
85 1699 4290
1699 2700 4290
1699 1371 4290
1699 4201 4290
77 1699 4290
4621 1699 4290
1699 1901 4290
1051 1699 4290
1699 4933 4290
523 1699 4290
1699 3273 4290
4311 1699 4290
1155 1699 4290
1741 1699 4290
947 1699 4290
4474 1699 4290
3826 1699 4290
1699 1109 4290
2933 1699 4290
1699 3921 4290
3044 1699 4290
1699 2744 4290
1546 1699 4290
3894 1699 4290
1699 4247 4290
1699 284 4290
1699 1944 4290
700 1699 4290
295 1699 4290
1699 2690 4290
1699 344 4290
1699 290 4290
1699 3049 4290
878 1699 4290
1699 2545 4290
1699 2527 4290
1699 2018 4290
1699 4038 4290
1699 1475 4290
1699 1504 4290
335 1699 4290
1699 2487 4290
1699 3736 4290
1898 1699 4290
1699 4321 4290
1081 1699 4290
1699 2301 4290
1507 1699 4290
1699 3679 4290
1511 1699 4290
1699 4005 4290
1699 2886 4290
1699 888 4290
109 1699 4290
1699 4397 4290
2096 1699 4290
3748 1699 4290
3530 1699 4290
1699 2120 4290
2074 1699 4290
1699 1991 4290
1699 2064 4290
1627 1699 4290
1699 1709 4290
3892 1699 4290
2422 1699 4290
1440 1699 4290
1699 4049 4290
1699 3660 4290
1699 1828 4290
2624 1699 4290
3779 1699 4290
3786 1699 4290
1699 2416 4290
468 1699 4290
3884 1699 4290
3728 1699 4290
462 1699 4290
88 1699 4290
1699 262 4290
1699 1469 4290
2908 1699 4290
3751 1699 4290
4728 1699 4290
1318 1699 4290
3537 1699 4290
1988 1699 4290
1009 1699 4290
1699 500 4290
4992 1699 4290
1699 107 4290
1699 1936 4290
655 1699 4290
1046 1699 4290
2280 1699 4290
1699 2596 4290
1699 95 4290
1699 1267 4290
4194 1699 4290
725 1699 4290
1822 1699 4290
345 1699 4290
1699 4141 4290
2830 1699 4290
1699 856 4290
1699 1636 4290
111 1699 4290
1699 2822 4290
1294 1699 4290
797 1699 4290
1699 2991 4290
511 1699 4290
1700 1699 4290
1699 3197 4290
1699 1892 4290
1699 2694 4290
1699 2477 4290
1699 2228 4290
3916 1699 4290
1699 3333 4290
2333 1699 4290
1699 2136 4290
29 1699 4290
2078 1699 4290
1699 340 4290
1699 1365 4290
1447 1699 4290
4944 1699 4290
1699 1003 4290
1699 975 4290
1699 187 4290
4975 1699 4290
1576 1699 4290
1699 4784 4290
4574 1699 4290
1699 1589 4290
2882 1699 4290
1699 4530 4290
4585 1699 4290
1699 4417 4290
4426 1699 4290
1699 4778 4290
3577 1699 4290
1350 1699 4290
1699 4565 4290
1699 696 4290
4292 1699 4290
4458 1699 4290
1699 3559 4290
1699 747 4290
3029 1699 4290
2551 1699 4290
1907 1699 4290
1699 193 4290
3324 1699 4290
1699 41 4290
1699 4018 4290
3294 1699 4290
1699 4488 4290
3382 1699 4290
1699 1737 4290
1699 3539 4290
4519 1699 4290
3302 1699 4290
4852 1699 4290
915 1699 4290
1699 3791 4290
1699 131 4290
1699 3678 4290
1699 2738 4290
4768 1699 4290
2750 1699 4290
3126 1699 4290
1699 2298 4290
3500 1699 4290
1699 817 4290
1699 2763 4290
4198 1699 4290
1699 2632 4290
1699 3166 4290
3986 1699 4290
1922 1699 4290
1699 2251 4290
2618 1699 4290
1699 3246 4290
2027 1699 4290
1699 577 4290
1699 2555 4290
1527 1699 4290
1699 2451 4290
1699 2378 4290
3686 1699 4290
1699 3695 4290
3657 1699 4290
1665 1699 4290
1699 4238 4290
1686 1699 4290
4748 1699 4290
1699 1956 4290
4961 1699 4290
1699 3787 4290
3069 1699 4290
1699 1201 4290
175 1699 4290
1699 378 4290
1699 1258 4290
1994 1699 4290
1699 2159 4290
1699 4043 4290
4327 1699 4290
1699 2688 4290
1840 1699 4290
1699 4019 4290
1699 4906 4290
1929 1699 4290
1890 1699 4290
1699 1919 4290
4028 1699 4290
1699 2345 4290
2831 1699 4290
1699 982 4290
1699 642 4290
3558 1699 4290
1699 1605 4290
1699 4102 4290
1699 2348 4290
1699 3809 4290
4073 1699 4290
1699 168 4290
1699 983 4290
646 1699 4290
2498 1699 4290
1421 1699 4290
1699 1736 4290
2819 1699 4290
960 1699 4290
1699 2519 4290
1699 4753 4290
4937 1699 4290
3512 1699 4290
1699 1120 4290
2521 1699 4290
1796 1699 4290
1007 1699 4290
1123 1699 4290
1699 676 4290
1699 2331 4290
2927 1699 4290
1225 1699 4290
1699 3753 4290
3825 1699 4290
3466 1699 4290
1699 4697 4290
1699 4792 4290
1699 1559 4290
1699 1761 4290
1699 872 4290
1699 3012 4290
171 1699 4290
1422 1699 4290
1699 2560 4290
1699 1967 4290
4305 1699 4290
1699 2836 4290
4547 1699 4290
1699 898 4290
1699 1486 4290
110 1699 4290
1699 3781 4290
3494 1699 4290
1699 3192 4290
2324 1699 4290
4404 1699 4290
221 1699 4290
1699 999 4290
1550 1699 4290
3812 1699 4290
2332 1699 4290
1450 1699 4290
1699 2028 4290
1414 1699 4290
4776 1699 4290
1699 1329 4290
1699 1119 4290
1699 4838 4290
1699 421 4290
1699 3623 4290
1699 2206 4290
3063 1699 4290
2391 1699 4290
3822 1699 4290
1231 1699 4290
4756 1699 4290
480 1699 4290
1699 4316 4290
1274 1699 4290
1699 2000 4290
1699 2683 4290
3589 1699 4290
4955 1699 4290
1699 4759 4290
1699 3353 4290
1699 3248 4290
3313 1699 4290
4724 1699 4290
1699 1162 4290
1699 4196 4290
1699 2639 4290
1699 1304 4290
1272 1699 4290
1699 4945 4290
2055 1699 4290
1699 4191 4290
454 1699 4290
1699 3329 4290
2242 1699 4290
1699 3367 4290
3711 1699 4290
1699 2425 4290
2754 1699 4290
2640 1699 4290
1699 2887 4290
1699 4007 4290
1726 1699 4290
1699 816 4290
4309 1699 4290
3187 1699 4290
3562 1699 4290
1699 4379 4290
1699 2029 4290
1699 1560 4290
1699 818 4290
1699 4589 4290
3169 1699 4290
1699 4532 4290
1699 3741 4290
1699 1906 4290
1699 2152 4290
1152 1699 4290
3372 1699 4290
305 1699 4290
1699 929 4290
1699 1238 4290
1699 2198 4290
1181 1699 4290
1699 2954 4290
3086 1699 4290
1833 1699 4290
1699 2326 4290
4097 1699 4290
3283 1699 4290
1699 3517 4290
1699 2939 4290
1699 3221 4290
1699 771 4290
3750 1699 4290
1699 4989 4290
3152 1699 4290
1039 1699 4290
1699 3005 4290
1699 545 4290
2633 1699 4290
1699 2375 4290
4993 1699 4290
1699 4153 4290
2829 1699 4290
3813 1699 4290
1699 2338 4290
1699 1086 4290
1699 493 4290
472 1699 4290
80 1699 4290
2406 1699 4290
3594 1699 4290
16 1699 4290
1699 1161 4290
1699 371 4290
1699 3584 4290
1699 4779 4290
1699 3499 4290
4317 1699 4290
705 1699 4290
1699 1844 4290
1699 3707 4290
1699 1138 4290
1699 4377 4290
1699 3749 4290
1057 1699 4290
1699 4912 4290
2878 1699 4290
1699 4266 4290
1869 1699 4290
3922 1699 4290
907 1699 4290
277 1699 4290
1843 1699 4290
1699 3912 4290
3810 1699 4290
1699 205 4290
2739 1699 4290
1699 196 4290
4495 1699 4290
1704 1699 4290
4333 1699 4290
656 1699 4290
1404 1699 4290
1699 2972 4290
98 1699 4290
1699 4101 4290
1699 238 4290
2677 1699 4290
1699 3473 4290
1699 72 4290
1699 2250 4290
248 1699 4290
2357 1699 4290
4783 1699 4290
1699 2774 4290
336 1699 4290
636 1699 4290
3579 1699 4290
1699 3666 4290
692 1699 4290
1699 4332 4290
1394 1699 4290
1699 1171 4290
3072 1699 4290
1699 4119 4290
1699 4849 4290
956 1699 4290
1220 1699 4290
1699 635 4290
1699 3698 4290
1699 2456 4290
1699 4587 4290
1699 418 4290
1699 1990 4290
4412 1699 4290
1699 2252 4290
3716 1699 4290
4940 1699 4290
125 1699 4290
1699 385 4290
1699 4575 4290
506 1699 4290
2968 1699 4290
1379 1699 4290
2583 1699 4290
360 1699 4290
3147 1699 4290
1699 2200 4290
685 1699 4290
1699 4440 4290
1699 4949 4290
1699 4137 4290
1699 1564 4290
227 1699 4290
1699 1234 4290
1699 2587 4290
4544 1699 4290
4884 1699 4290
1699 790 4290
804 1699 4290
1699 3893 4290
2080 1699 4290
202 1699 4290
1699 4919 4290
3573 1699 4290
1699 514 4290
605 1699 4290
1569 1699 4290
1699 4764 4290
1957 1699 4290
3185 1699 4290
2076 1699 4290
1699 134 4290
1135 1699 4290
1699 3518 4290
1927 1699 4290
1699 2197 4290
694 1699 4290
2382 1699 4290
1699 852 4290
4312 1699 4290
1712 1699 4290
2114 1699 4290
4322 1699 4290
2038 1699 4290
1699 1134 4290
1910 1699 4290
4635 1699 4290
1699 2978 4290
1699 3018 4290
1793 1699 4290
2241 1699 4290
1699 3936 4290
1699 62 4290
1699 2463 4290
1699 2186 4290
1059 1699 4290
1699 4219 4290
3864 1699 4290
13 1699 4290
2226 1699 4290
2339 1699 4290
1699 1928 4290
530 1699 4290
1699 2015 4290
1699 438 4290
1444 1699 4290
1699 1640 4290
1699 717 4290
1482 1699 4290
4801 1699 4290
1699 4366 4290
1699 2963 4290
1699 2870 4290
2277 1699 4290
1699 3814 4290
478 1699 4290
416 1699 4290
2866 1699 4290
1553 1699 4290
1699 469 4290
1699 4959 4290
1699 2985 4290
1699 3783 4290
1699 615 4290
2210 1699 4290
1699 1027 4290
2133 1699 4290
1699 417 4290
1699 3498 4290
4045 1699 4290
1699 2570 4290
1699 1506 4290
1699 916 4290
76 1699 4290
3865 1699 4290
1699 862 4290
1699 1177 4290
1699 1694 4290
1699 1931 4290
1254 1699 4290
1699 2893 4290
4671 1699 4290
1699 3028 4290
1699 944 4290
1221 1699 4290
1699 375 4290
1699 1886 4290
1699 401 4290
84 1699 4290
2967 1699 4290
3224 1699 4290
1699 4492 4290
3596 1699 4290
1699 3306 4290
1699 1706 4290
1699 1103 4290
3462 1699 4290
1699 2644 4290
2722 1699 4290
4295 1699 4290
3208 1699 4290
1699 1867 4290
1699 2586 4290
1699 880 4290
1699 4074 4290
4914 1699 4290
3257 1699 4290
1699 4982 4290
1699 1436 4290
1699 2817 4290
1699 548 4290
1699 3383 4290
1699 3676 4290
1699 4115 4290
4094 1699 4290
1699 163 4290
1699 2044 4290
1699 3974 4290
1699 1361 4290
1699 574 4290
3237 1699 4290
550 1699 4290
1699 1621 4290
1699 1487 4290
1699 3219 4290
4747 1699 4290
1699 289 4290
1699 3425 4290
1699 2839 4290
1699 4091 4290
1699 3900 4290
2189 1699 4290
2233 1699 4290
1699 3493 4290
1023 1699 4290
1699 1688 4290
1699 1537 4290
1490 1699 4290
1699 2903 4290
1699 3396 4290
1699 3085 4290
1699 3715 4290
3158 1699 4290
1699 3149 4290
1699 1580 4290
1699 1377 4290
1699 1575 4290
113 1699 4290
953 1699 4290
1699 4220 4290
2737 1699 4290
1206 1699 4290
3824 1699 4290
850 1699 4290
1699 937 4290
1699 1309 4290
3937 1699 4290
1699 1043 4290
1699 4548 4290
2668 1699 4290
1699 579 4290
3997 1699 4290
1699 1522 4290
232 1699 4290
1108 1699 4290
1699 613 4290
4981 1699 4290
4622 1699 4290
1699 2336 4290
1699 4567 4290
1699 3793 4290
723 1699 4290
1699 3536 4290
1699 2591 4290
2567 1699 4290
1699 3348 4290
1699 562 4290
825 1699 4290
2573 1699 4290
1214 1699 4290
1699 889 4290
1699 4729 4290
1699 2593 4290
4244 1699 4290
1699 572 4290
2484 1699 4290
4999 1699 4290
4720 1699 4290
1699 2598 4290
1699 214 4290
2658 1699 4290
1699 588 4290
4058 1699 4290
1699 3989 4290
3475 1699 4290
3806 1699 4290
1699 2955 4290
3505 1699 4290
82 1699 4290
4127 1699 4290
2802 1699 4290
729 1699 4290
1997 1699 4290
1699 2807 4290
1699 1483 4290
4660 1699 4290
1699 3656 4290
446 1699 4290
3374 1699 4290
1699 4669 4290
1699 1642 4290
1699 159 4290
625 1699 4290
1128 1699 4290
1699 1696 4290
3387 1699 4290
595 1699 4290
4591 1699 4290
1699 1813 4290
1699 775 4290
1699 3799 4290
3700 1699 4290
919 1699 4290
4946 1699 4290
2306 1699 4290
1699 2815 4290
3210 1699 4290
1699 3534 4290
1699 372 4290
1588 1699 4290
570 1699 4290
2414 1699 4290
3419 1699 4290
4539 1699 4290
3553 1699 4290
317 1699 4290
2547 1699 4290
3755 1699 4290
1699 4726 4290
3209 1699 4290
1699 4543 4290
1699 1393 4290
4864 1699 4290
1699 1866 4290
1699 972 4290
165 1699 4290
1699 69 4290
1699 3254 4290
1699 4839 4290
1699 2287 4290
3910 1699 4290
1699 1955 4290
1699 4100 4290
1699 3717 4290
1699 3318 4290
3992 1699 4290
1699 4524 4290
2432 1699 4290
3021 1699 4290
1829 1699 4290
1699 1049 4290
525 1699 4290
1699 4926 4290
4642 1699 4290
1699 2952 4290
1699 4677 4290
1366 1699 4290
1699 3765 4290
1699 3757 4290
3102 1699 4290
1699 4139 4290
3998 1699 4290
1699 759 4290
2965 1699 4290
1577 1699 4290
2122 1699 4290
1699 4296 4290
796 1699 4290
1699 4781 4290
1699 4808 4290
3305 1699 4290
4498 1699 4290
1096 1699 4290
1699 4113 4290
1699 3891 4290
1699 968 4290
1699 379 4290
1699 4644 4290
1480 1699 4290
1699 2471 4290
1699 1278 4290
377 1699 4290
3308 1699 4290
1699 1020 4290
1811 1699 4290
3083 1699 4290
292 1699 4290
123 1699 4290
2599 1699 4290
1699 3388 4290
1699 147 4290
859 1699 4290
1699 1743 4290
3540 1699 4290
1699 2812 4290
1699 4403 4290
1699 3415 4290
1699 4680 4290
1699 4227 4290
310 1699 4290
2415 1699 4290
1699 2867 4290
1699 145 4290
1699 873 4290
3486 1699 4290
233 1699 4290
1699 1499 4290
1570 1699 4290
1699 4851 4290
1699 1283 4290
1699 540 4290
2156 1699 4290
1047 1699 4290
4037 1699 4290
974 1699 4290
2434 1699 4290
1699 2762 4290
1699 1442 4290
1699 4146 4290
1699 495 4290
1699 1186 4290
1894 1699 4290
1699 2534 4290
1699 2236 4290
1699 2024 4290
75 1699 4290
1699 4221 4290
3067 1699 4290
1699 25 4290
1699 1543 4290
1699 3988 4290
1699 2787 4290
4730 1699 4290
139 1699 4290
1699 2850 4290
1699 1908 4290
1699 1662 4290
1699 2983 4290
4326 1699 4290
1699 4405 4290
2877 1699 4290
1699 3842 4290
1699 2781 4290
2335 1699 4290
1699 3417 4290
1699 1105 4290
2582 1699 4290
2741 1699 4290
1699 1130 4290
1699 4467 4290
2077 1699 4290
1699 279 4290
1699 4106 4290
1699 4318 4290
1699 737 4290
1699 2495 4290
1699 4947 4290
3369 1699 4290
2386 1699 4290
1699 1746 412
1699 268 4290
1699 553 4290
1699 951 4290
3171 1699 4290
1699 1389 4290
3576 1699 4290
1699 2258 4290
964 1699 4290
2776 1699 4290
1950 1699 4290
1699 3509 4290
1699 4315 4290
1699 2126 4290
1169 1699 4290
1699 2580 4290
1699 822 4290
1699 1276 4290
1699 1098 4290
1117 1699 4290
1699 245 4290
3602 1699 4290
2578 1699 4290
1699 4364 4290
3075 1699 4290
1699 3054 4290
4259 1699 4290
4132 1699 4290
1699 2634 4290
740 1699 4290
1699 808 4290
2162 1699 4290
1699 4877 4290
1699 449 4290
524 1699 4290
3122 1699 4290
1699 4736 4290
3740 1699 4290
1699 3895 4290
3264 1699 4290
1699 943 4290
1699 2662 4290
4666 1699 4290
1699 2259 4290
3963 1699 4290
1699 2502 4290
1699 3330 4290
1699 2473 4290
1699 3497 4290
2804 1699 4290
2906 1699 4290
4584 1699 4290
4979 1699 4290
612 1699 4290
3720 1699 4290
566 1699 4290
2729 1699 4290
1699 4998 4290
4654 1699 4290
1699 1489 4290
641 1699 4290
979 1699 4290
1699 1167 4290
1728 1699 4290
4958 1699 4290
1699 3586 4290
1699 865 4290
1340 1699 4290
3096 1699 4290
3761 1699 4290
1699 1008 4290
318 1699 4290
1699 3009 4290
225 1699 4290
1699 349 4290
1699 2299 4290
3277 1699 4290
1699 1725 4290
2998 1699 4290
1699 4763 4290
1699 1263 4290
1699 3649 4290
658 1699 4290
3606 1699 4290
1699 1960 4290
1203 1699 4290
1699 4359 4290
1699 890 4290
350 1699 4290
1038 1699 4290
2177 1699 4290
316 1699 4290
2554 1699 4290
560 1699 4290
1699 3317 4290
2629 1699 4290
1262 1699 4290
1699 3276 4290
89 1699 4290
3408 1699 4290
1699 2616 4290
781 1699 4290
4376 1699 4290
173 1699 4290
1699 1646 4290
1699 4061 4290
1699 1316 4290
1699 3325 4290
1699 3364 4290
3908 1699 4290
2448 1699 4290
812 1699 4290
527 1699 4290
3123 1699 4290
1699 2874 4290
2407 1699 4290
1699 3896 4290
3190 1699 4290
1699 4313 4290
537 1699 4290
1699 2681 4290
4255 1699 4290
1699 1683 4290
1699 4429 4290
3958 1699 4290
580 1699 4290
1699 4608 4290
1699 2643 4290
1699 986 4290
1699 2035 4290
4409 1699 4290
3032 1699 4290
1699 632 4290
1699 860 4290
702 1699 4290
1765 1699 4290
1699 4465 4290
1699 1925 4290
3523 1699 4290
1699 2896 4290
4571 1699 4290
1699 1835 4290
406 1699 4290
1699 4334 4290
4260 1699 4290
1699 959 4290
21 1699 4290
20 1699 4290
1699 815 4290
1699 2165 4290
4653 1699 4290
1699 4064 4290
3887 1699 4290
1699 3242 4290
811 1699 4290
969 1699 4290
3830 1699 4290
2876 1699 4290
1699 166 4290
1699 1034 4290
1699 3163 4290
3174 1699 4290
1092 1699 4290
1699 3510 4290
3616 1699 4290
1699 1848 4290
1699 4974 4290
1699 3111 4290
1699 3843 4290
2901 1699 4290
1699 452 4290
1699 4046 4290
3951 1699 4290
4472 1699 4290
2086 1699 4290
1699 426 4290
1699 3157 4290
4500 1699 4290
1699 3172 4290
4943 1699 4290
1280 1699 4290
1699 4508 4290
1699 3650 4290
634 1699 4290
3141 1699 4290
4598 1699 4290
1699 4300 4290
3346 1699 4290
482 1699 4290
1699 186 4290
4368 1699 4290
1699 2685 4290
2537 1699 4290
1699 1381 4290
1699 4938 4290
1699 4827 4290
1699 2474 4290
1699 1084 4290
4289 1699 4290
1699 4834 4290
1699 3680 4290
4464 1699 4290
2004 1699 4290
1699 3194 4290
2751 1699 4290
555 1699 4290
260 1699 4290
1699 3074 4290
1699 1063 4290
2884 1699 4290
1072 1699 4290
2265 1699 4290
787 1699 4290
3077 1699 4290
1333 1699 4290
3084 1699 4290
1699 410 4290
1699 3093 4290
4040 1699 4290
1699 4879 4290
1699 1452 4290
4110 1699 4290
3939 1699 4290
513 1699 4290
1647 1699 4290
1699 2597 4290
1699 2026 4290
1699 1477 4290
1180 1699 4290
3834 1699 4290
1699 1459 4290
1699 2329 4290
2909 1699 4290
1699 3058 4290
45 1699 4290
1699 674 4290
1308 1699 4290
831 1699 4290
1911 1699 4290
1699 444 4290
1884 1699 4290
1699 3855 4290
2924 1699 4290
2124 1699 4290
1699 3319 4290
4006 1699 4290
1699 4613 4290
1699 2460 4290
4795 1699 4290
1699 3422 4290
1699 3785 4290
1699 1376 4290
1699 3339 4290
1699 4427 4290
1699 3008 4290
1699 678 4290
1699 4749 4290
1699 3314 4290
3199 1699 4290
1572 1699 4290
1699 2713 4290
1699 1298 4290
1643 1699 4290
998 1699 4290
1897 1699 4290
4767 1699 4290
1699 4507 4290
1699 2779 4290
1699 2594 4290
4029 1699 4290
1699 2174 4290
128 1699 4290
1699 2552 4290
1699 1573 4290
1699 3693 4290
1699 2852 4290
1699 2592 4290
1699 2993 4290
1699 4869 4290
1699 1596 4290
4391 1699 4290
4297 1699 4290
1699 389 4290
1699 4129 4290
1699 2264 4290
3206 1699 4290
1488 1699 4290
3321 1699 4290
4342 1699 4290
2755 1699 4290
4665 1699 4290
2121 1699 4290
2775 1699 4290
1571 1699 4290
3057 1699 4290
3398 1699 4290
1699 4612 4290
4911 1699 4290
185 1699 4290
1539 1699 4290
1699 114 4290
1699 2999 4290
1065 1699 4290
2806 1699 4290
219 1699 4290
1699 3326 4290
1699 4078 4290
4573 1699 4290
1699 2090 4290
1699 1293 4290
1699 3801 4290
1699 2314 4290
716 1699 4290
2073 1699 4290
900 1699 4290
932 1699 4290
1699 4084 4290
3179 1699 4290
3883 1699 4290
4904 1699 4290
3042 1699 4290
2782 1699 4290
2813 1699 4290
1699 4275 4290
3200 1699 4290
1699 3203 4290
2353 1699 4290
1699 4211 4290
1699 842 4290
1699 4534 4290
1699 1717 4290
1699 2571 4290
1758 1699 4290
1699 4741 4290
1699 2982 4290
1611 1699 4290
3438 1699 4290
2435 1699 4290
3961 1699 4290
1699 4456 4290
1981 1699 4290
2437 1699 4290
1699 2001 4290
1699 4619 4290
2209 1699 4290
1863 1699 4290
3685 1699 4290
1699 4816 4290
1699 1933 4290
4190 1699 4290
1699 2282 4290
1699 1827 4290
1699 2480 4290
1699 1508 4290
1699 3915 4290
2499 1699 4290
4552 1699 4290
4155 1699 4290
1461 1699 4290
1699 87 4290
1699 2654 4290
3567 1699 4290
1699 728 4290
1699 3222 4290
2069 1699 4290
3665 1699 4290
1699 4258 4290
1011 1699 4290
1699 1942 4290
4976 1699 4290
1699 451 4290
1699 273 4290
1699 3155 4290
1660 1699 4290
2649 1699 4290
1711 1699 4290
4294 1699 4290
2557 1699 4290
180 1699 4290
1699 839 4290
1699 654 4290
2216 1699 4290
1699 4687 4290
2181 1699 4290
1699 265 4290
1699 160 4290
4661 1699 4290
1699 3776 4290
2664 1699 4290
1699 4352 4290
1699 2672 4290
1633 1699 4290
1699 2085 4290
1699 3603 4290
1699 1845 4290
2995 1699 4290
1699 4579 4290
1699 921 4290
1699 2151 4290
1699 946 4290
2191 1699 4290
1932 1699 4290
4223 1699 4290
4035 1699 4290
3980 1699 4290
1699 208 4290
1699 3639 4290
1699 1448 4290
2803 1699 4290
4166 1699 4290
3548 1699 4290
1853 1699 4290
1699 1423 4290
4732 1699 4290
1699 4143 4290
4609 1699 4290
1699 1952 4290
1699 3502 4290
1699 3935 4290
4304 1699 4290
1465 1699 4290
1699 2740 4290
1699 4487 4290
1893 1699 4290
4252 1699 4290
2826 1699 4290
1699 306 4290
1699 2746 4290
4796 1699 4290
1699 763 4290
1699 2426 4290
1699 4503 4290
2514 1699 4290
4041 1699 4290
1699 433 4290
1699 194 4290
2735 1699 4290
2087 1699 4290
1541 1699 4290
1699 1166 4290
3368 1699 4290
1699 2623 4290
3867 1699 4290
1699 4286 4290
1699 4891 4290
1966 1699 4290
1699 2732 4290
1699 2768 4290
1607 1699 4290
1699 73 4290
3631 1699 4290
1699 1323 4290
784 1699 4290
4378 1699 4290
1178 1699 4290
533 1699 4290
1699 251 4290
133 1699 4290
3515 1699 4290
4634 1699 4290
762 1699 4290
1699 1199 4290
1699 563 4290
1100 1699 4290
236 1699 4290
1699 4886 4290
1699 773 4290
393 1699 4290
1010 1699 4290
1699 3216 4290
4758 1699 4290
1699 1438 4290
2430 1699 4290
583 1699 4290
1699 1816 4290
1518 1699 4290
1699 3240 4290
4925 1699 4290
1699 1780 4290
1672 1699 4290
4372 1699 4290
1699 1551 4290
1699 36 4290
4746 1699 4290
1699 2248 4290
590 1699 4290
1699 3545 4290
1803 1699 4290
3205 1699 4290
1699 2800 4290
1699 15 4290
1805 1699 4290
1699 4080 4290
1699 1165 4290
1699 1460 4290
1699 1209 4290
267 1699 4290
195 1699 4290
1699 1585 4290
1699 3758 4290
1699 56 4290
3633 1699 4290
1699 3080 4290
1634 1699 4290
938 1699 4290
2050 1699 4290
1699 4335 4290
97 1699 4290
3182 1699 4290
997 1699 4290
2920 1699 4290
1699 419 4290
3249 1699 4290
1628 1699 4290
4731 1699 4290
4050 1699 4290
1699 4528 4290
1699 2834 4290
3950 1699 4290
1699 1235 4290
2254 1699 4290
1699 2861 4290
1464 1699 4290
2418 1699 4290
3378 1699 4290
2934 1699 4290
534 1699 4290
1699 2518 4290
3609 1699 4290
1242 1699 4290
2255 1699 4290
1699 795 4290
879 1699 4290
1699 3062 4290
1699 188 4290
3690 1699 4290
1699 1080 4290
1699 4873 4290
3402 1699 4290
1699 1964 4290
2990 1699 4290
1699 3978 4290
2137 1699 4290
1699 520 4290
4691 1699 4290
1699 405 4290
1699 4124 4290
4114 1699 4290
54 1699 4290
3015 1699 4290
1699 870 4290
4250 1699 4290
1699 2276 4290
1699 4407 4290
1699 1013 4290
1699 4568 4290
4276 1699 4290
1699 2413 4290
1699 1808 4290
27 1699 4290
4527 1699 4290
3688 1699 4290
1699 4436 4290
4175 1699 4290
1277 1699 4290
2208 1699 4290
1299 1699 4290
2937 1699 4290
1699 3201 4290
2515 1699 4290
1699 3906 4290
2566 1699 4290
4401 1699 4290
369 1699 4290
1699 3846 4290
3137 1699 4290
1699 3608 4290
1889 1699 4290
296 1699 4290
1693 1699 4290
1699 183 4290
1699 3218 4290
3644 1699 4290
1699 59 4290
1699 4324 4290
1699 3004 4290
1699 4950 4290
5 1699 4290
2721 1699 4290
1699 1338 4290
1699 3469 4290
1699 1604 4290
1699 3255 4290
4438 1699 4290
1324 1699 4290
1699 4418 4290
1699 3053 4290
2112 1699 4290
1699 3286 4290
1699 2367 4290
1699 2347 4290
1699 346 4290
2531 1699 4290
1699 3778 4290
1699 309 4290
3395 1699 4290
1699 516 4290
3635 1699 4290
2011 1699 4290
1699 2614 4290
4341 1699 4290
1699 3047 4290
1699 354 4290
1699 559 4290
3927 1699 4290
1699 3971 4290
1699 1993 4290
1699 603 4290
4951 1699 4290
1303 1699 4290
1699 2118 4290
1699 3227 4290
1885 1699 4290
1699 2944 4290
3564 1699 4290
4030 1699 4290
1699 3230 4290
1126 1699 4290
1699 1146 4290
1699 2033 4290
1699 4116 4290
2115 1699 4290
1699 2102 4290
1699 4298 4290
1699 3291 4290
1699 1194 4290
1963 1699 4290
1699 598 4290
210 1699 4290
1397 1699 4290
1699 1750 4290
1699 475 4290
179 1699 4290
4842 1699 4290
1699 1943 4290
1699 917 4290
2493 1699 4290
1699 621 4290
3844 1699 4290
1699 2188 4290
1699 2847 4290
2021 1699 4290
2462 1699 4290
1699 2724 4290
1184 1699 4290
1699 4780 4290
1699 4786 4290
3202 1699 4290
1699 1099 4290
1699 261 4290
3133 1699 4290
3575 1699 4290
1699 4245 4290
1699 847 4290
1699 3446 4290
4031 1699 4290
4243 1699 4290
2008 1699 4290
1699 3768 4290
1699 1466 4290
894 1699 4290
1699 587 4290
2455 1699 4290
4586 1699 4290
1699 217 4290
429 1699 4290
1699 2798 4290
4444 1699 4290
1699 2278 4290
4445 1699 4290
1699 4303 4290
1699 3942 4290
3458 1699 4290
1699 1468 4290
1699 2777 4290
1107 1699 4290
3979 1699 4290
1699 1826 4290
528 1699 4290
1790 1699 4290
1699 602 4290
2318 1699 4290
1699 4236 4290
1699 2647 4290
1699 4105 4290
1777 1699 4290
1734 1699 4290
1174 1699 4290
324 1699 4290
1699 1755 4290
1699 1748 4290
1173 1699 4290
3413 1699 4290
782 1699 4290
1699 3918 4290
1699 1176 4290
1699 2202 4290
2796 1699 4290
4462 1699 4290
1699 148 4290
2926 1699 4290
392 1699 4290
1699 1857 4290
1699 1112 4290
1699 4805 4290
1479 1699 4290
1699 3840 4290
2715 1699 4290
1699 2215 4290
1699 2687 4290
1699 3996 4290
1699 2917 4290
1699 4991 4290
1699 2031 4290
2041 1699 4290
4829 1699 4290
1699 4246 4290
1699 3952 4290
1699 249 4290
2929 1699 4290
1699 1245 4290
4396 1699 4290
3471 1699 4290
1336 1699 4290
1699 4977 4290
4447 1699 4290
1699 466 4290
3965 1699 4290
1699 4481 4290
3011 1699 4290
1699 1476 4290
1699 1332 4290
1699 666 4290
522 1699 4290
329 1699 4290
1699 652 4290
1699 4740 4290
1699 2987 4290
1699 4002 4290
1699 2002 4290
1474 1699 4290
484 1699 4290
2246 1699 4290
1699 3290 4290
1699 1251 4290
1699 2224 4290
1699 3514 4290
1699 161 4290
1285 1699 4290
4278 1699 4290
1699 4624 4290
1521 1699 4290
2466 1699 4290
3674 1699 4290
1699 2945 4290
1744 1699 4290
1699 4887 4290
1699 4340 4290
1699 3933 4290
1699 3204 4290
622 1699 4290
827 1699 4290
1699 3420 4290
3038 1699 4290
1699 3207 4290
1859 1699 4290
1699 4222 4290
4044 1699 4290
2061 1699 4290
4560 1699 4290
386 1699 4290
1699 1403 4290
1699 2019 4290
1776 1699 4290
2103 1699 4290
4600 1699 4290
1699 3110 4290
4210 1699 4290
3352 1699 4290
1699 2511 4290
1699 3344 4290
1699 3112 4290
1699 2458 4290
399 1699 4290
140 1699 4290
1434 1699 4290
3365 1699 4290
1699 1946 4290
1349 1699 4290
589 1699 4290
1699 512 4290
1699 2595 4290
2067 1699 4290
2412 1699 4290
1699 3646 4290
1699 437 4290
1310 1699 4290
1699 1136 4290
906 1699 4290
1699 1505 4290
1969 1699 4290
1699 4423 4290
1538 1699 4290
549 1699 4290
1699 1602 4290
3130 1699 4290
4688 1699 4290
1699 1367 4290
2844 1699 4290
1699 748 4290
1699 93 4290
1699 1301 4290
1699 2684 4290
3278 1699 4290
1699 1286 4290
1909 1699 4290
1699 4009 4290
1699 3902 4290
3763 1699 4290
1516 1699 4290
2142 1699 4290
989 1699 4290
3636 1699 4290
942 1699 4290
1699 2528 4290
1035 1699 4290
2170 1699 4290
4083 1699 4290
2651 1699 4290
64 1699 4290
2079 1699 4290
1378 1699 4290
1102 1699 4290
1699 2823 4290
1699 4170 4290
1820 1699 4290
1757 1699 4290
3478 1699 4290
4226 1699 4290
4231 1699 4290
4866 1699 4290
1699 2075 4290
3714 1699 4290
1699 3371 4290
1699 494 4290
1637 1699 4290
1654 1699 4290
1699 2305 4290
1699 4206 4290
2363 1699 4290
1426 1699 4290
629 1699 4290
1699 2294 4290
1699 4917 4290
1623 1699 4290
1699 2161 4290
1699 665 4290
1699 4643 4290
1699 4846 4290
1699 364 4290
1699 841 4290
4343 1699 4290
2539 1699 4290
3547 1699 4290
4787 1699 4290
2760 1699 4290
1699 2389 4290
718 1699 4290
4620 1699 4290
4362 1699 4290
1699 224 4290
754 1699 4290
3073 1699 4290
2506 1699 4290
1699 1160 4290
2275 1699 4290
2797 1699 4290
3191 1699 4290
1699 3911 4290
1699 1771 4290
1215 1699 4290
3355 1699 4290
1197 1699 4290
1699 809 4290
4733 1699 4290
1243 1699 4290
26 1699 4290
2670 1699 4290
4880 1699 4290
1699 2759 4290
1168 1699 4290
1699 5000 4290
4918 1699 4290
1699 4577 4290
4941 1699 4290
2748 1699 4290
1699 4062 4290
1402 1699 4290
2842 1699 4290
1699 3342 4290
2961 1699 4290
2795 1699 4290
2862 1699 4290
347 1699 4290
3146 1699 4290
1699 1678 4290
1699 2943 4290
2726 1699 4290
1699 4514 4290
1699 2526 4290
1699 3450 4290
1140 1699 4290
1699 1935 4290
1699 669 4290
1699 4165 4290
3641 1699 4290
1699 933 4290
3491 1699 4290
1699 4386 4290
3431 1699 4290
1699 2279 4290
1699 4762 4290
1699 1064 4290
1492 1699 4290
4248 1699 4290
1699 608 4290
1699 1358 4290
726 1699 4290
1699 4027 4290
499 1699 4290
3816 1699 4290
18 1699 4290
2005 1699 4290
4107 1699 4290
3437 1699 4290
1699 4817 4290
359 1699 4290
2113 1699 4290
1699 1025 4290
3274 1699 4290
1699 4502 4290
662 1699 4290
1699 413 4290
2621 1699 4290
853 1699 4290
1699 1158 4290
1699 3899 4290
1699 2481 4290
1699 772 4290
49 1699 4290
1699 3985 4290
1740 1699 4290
1699 3613 4290
1699 237 4290
1699 2994 4290
1948 1699 4290
1699 2792 4290
4216 1699 4290
1699 1300 4290
1699 3780 4290
1699 1691 4290
1699 4388 4290
1699 3543 4290
1544 1699 4290
4144 1699 4290
1699 9 4290
1373 1699 4290
1699 2697 4290
1699 246 4290
3856 1699 4290
970 1699 4290
1699 4559 4290
1699 3479 4290
4272 1699 4290
1139 1699 4290
556 1699 4290
1699 2675 4290
4253 1699 4290
1699 1877 4290
1327 1699 4290
490 1699 4290
1699 2717 4290
2429 1699 4290
1699 779 4290
4845 1699 4290
1699 404 4290
115 1699 4290
1699 2325 4290
1699 1663 4290
1021 1699 4290
1699 3726 4290
3930 1699 4290
4345 1699 4290
532 1699 4290
3600 1699 4290
1699 2319 4290
1699 2230 4290
3821 1699 4290
4717 1699 4290
4424 1699 4290
1699 1345 4290
1472 1699 4290
435 1699 4290
1699 2183 4290
1699 536 4290
1699 971 4290
1699 1718 4290
1699 3241 4290
1153 1699 4290
1699 1432 4290
52 1699 4290
1699 3451 4290
1699 4715 4290
1699 2576 4290
1699 3288 4290
3263 1699 4290
4658 1699 4290
3019 1699 4290
1428 1699 4290
4564 1699 4290
2419 1699 4290
601 1699 4290
3995 1699 4290
1699 4490 4290
1699 869 4290
1699 4885 4290
1821 1699 4290
2622 1699 4290
4788 1699 4290
1699 352 4290
940 1699 4290
1699 3795 4290
1699 1417 4290
2097 1699 4290
1699 731 4290
2535 1699 4290
2636 1699 4290
1705 1699 4290
1699 1620 4290
3743 1699 4290
1699 1265 4290
712 1699 4290
1699 2975 4290
231 1699 4290
1699 4336 4290
1699 1670 4290
1699 2109 4290
4929 1699 4290
941 1699 4290
1699 4360 4290
1699 6 4290
1699 4056 4290
1699 1775 4290
1699 2604 4290
2786 1699 4290
1699 3311 4290
4428 1699 4290
1198 1699 4290
1699 3103 4290
1699 1416 4290
1699 4241 4290
4965 1699 4290
4769 1699 4290
1699 3772 4290
1789 1699 4290
2464 1699 4290
4319 1699 4290
1699 3506 4290
4346 1699 4290
3095 1699 4290
1699 3832 4290
2384 1699 4290
1699 1581 4290
2731 1699 4290
1510 1699 4290
1699 848 4290
1699 4478 4290
948 1699 4290
609 1699 4290
1667 1699 4290
1699 4833 4290
3442 1699 4290
1699 1094 4290
1699 3599 4290
1699 86 4290
3651 1699 4290
1699 703 4290
407 1699 4290
4897 1699 4290
3805 1699 4290
1699 3859 4290
1699 4743 4290
3131 1699 4290
1699 2374 4290
2327 1699 4290
2213 1699 4290
1699 1036 4290
1699 1839 4290
2997 1699 4290
1699 4169 4290
1699 1530 4290
2269 1699 4290
1699 620 4290
2669 1699 4290
1699 1586 4290
552 1699 4290
1699 4021 4290
1675 1699 4290
3845 1699 4290
1699 2854 4290
1699 157 4290
1699 2082 4290
3819 1699 4290
4287 1699 4290
1699 4199 4290
286 1699 4290
1699 4716 4290
1699 851 4290
724 1699 4290
1699 4894 4290
2956 1699 4290
1699 3653 4290
508 1699 4290
1699 4848 4290
4357 1699 4290
1699 3354 4290
1699 4348 4290
1699 571 4290
2350 1699 4290
1699 1227 4290
4995 1699 4290
2541 1699 4290
1342 1699 4290
1680 1699 4290
1699 551 4290
1699 711 4290
3107 1699 4290
264 1699 4290
2223 1699 4290
4306 1699 4290
1699 896 4290
1699 2536 4290
1699 3654 4290
1183 1699 4290
2992 1699 4290
1370 1699 4290
2308 1699 4290
1699 2770 4290
1699 3828 4290
1699 1042 4290
2872 1699 4290
1699 14 4290
