1
5000 4999
3466 1240 2871
2443 3466 2871
1479 3466 2871
4562 3466 2871
3466 718 2871
3466 62 2871
3466 1224 2871
1225 3466 2871
3727 3466 2871
3551 3466 2871
841 3466 2871
1308 3466 2871
3466 3672 2871
3466 4308 2871
1286 3466 2871
838 3466 2871
3466 668 2871
3466 935 2871
3466 3703 2871
2195 3466 2871
3466 2307 2871
3077 3466 2871
4285 3466 2871
2350 3466 2871
3466 3680 2871
2140 3466 2871
4494 2659 1317
1923 3466 2871
3466 3088 2871
2385 3466 2871
969 3466 2871
2442 3466 2871
1057 3466 2871
2568 3466 2871
3690 3466 2871
142 3466 2871
714 3466 2871
3466 4669 2871
3466 703 2871
3466 20 2871
3466 2986 2871
3466 4301 2871
3466 2077 2871
4561 3466 2871
3188 3466 2871
2561 3466 2871
4414 3466 2871
3466 3940 2871
2839 3466 2871
3005 3466 2871
1278 3466 2871
671 3466 2871
392 3466 2871
4244 3466 2871
685 3466 2871
3466 1573 2871
1167 3466 2871
3466 2742 2871
3466 4954 2871
4335 3466 2871
3466 578 2871
1975 3466 2871
3466 3469 2871
3466 1048 2871
3466 2540 2871
1801 3466 2871
3466 184 2871
3466 2250 2871
1800 3466 2871
3466 3938 2871
2138 3466 2871
1555 3466 2871
3466 2208 2871
2089 3466 2871
3466 944 2871
985 3466 2871
3483 3466 2871
4114 3466 2871
3466 4406 2871
3466 1654 2871
3466 1953 2871
4763 3466 2871
2091 3466 2871
850 3466 2871
2162 3466 2871
4332 3466 2871
4007 3466 2871
3466 3142 2871
4892 3466 2871
3466 650 2871
3466 2462 2871
3466 3676 2871
1485 3466 2871
617 3466 2871
3466 4636 2871
613 3466 2871
3466 3430 2871
1640 3466 2871
3466 1889 2871
548 3466 2871
3018 3466 2871
518 3466 2871
4729 3466 2871
3466 3776 2871
3466 1324 2871
1330 3466 2871
3466 69 2871
2569 3466 2871
3466 1820 2871
638 3466 2871
262 3466 2871
4182 3466 2871
3466 49 2871
2375 3466 2871
3992 3466 2871
3556 3466 2871
4038 3466 2871
3865 3466 2871
771 3466 2871
2247 3466 2871
3466 3711 2871
3466 4682 2871
4493 3466 2871
2913 3466 2871
3466 2064 2871
3466 1209 2871
3466 1377 2871
3466 417 2871
3466 1583 2871
3466 17 2871
3466 3026 2871
3466 59 2871
1981 3466 2871
3466 4417 2871
4980 3466 2871
3466 2761 2871
93 3466 2871
3466 906 2871
3626 3466 2871
1126 3466 2871
3466 4555 2871
3466 3461 2871
3466 2890 2871
3466 2551 2871
3350 3466 2871
3466 543 2871
983 3466 2871
3466 3697 2871
3466 4183 2871
3466 2314 2871
4738 3466 2871
3466 1087 2871
1581 3466 2871
3466 4312 2871
3466 726 2871
3466 2576 2871
3837 3466 2871
1886 3466 2871
3466 4750 2871
3602 3466 2871
3466 1538 2871
3466 3222 2871
3466 3095 2871
3260 3466 2871
1797 3466 2871
3466 1906 2871
3466 3384 2871
3466 816 2871
3466 627 2871
577 3466 2871
3751 3466 2871
4015 3466 2871
1419 3466 2871
3466 3275 2871
3466 3944 2871
3741 3466 2871
3573 3466 2871
3466 3124 2871
4279 3466 2871
3466 3769 2871
3466 4341 2871
3466 3696 2871
3466 89 2871
3446 3466 2871
1722 3466 2871
3135 3466 2871
3466 121 2871
1835 3466 2871
3466 3450 2871
2534 3466 2871
799 3466 2871
2243 3466 2871
3379 3466 2871
3474 3466 2871
4428 3466 2871
3511 3466 2871
2460 3466 2871
4785 3466 2871
3635 3466 2871
4383 3466 2871
3466 1462 2871
3466 1204 2871
3466 1147 2871
3466 4719 2871
806 3466 2871
3466 1578 2871
2020 3466 2871
1314 3466 2871
3466 99 2871
4865 3466 2871
2322 3466 2871
3823 3466 2871
3466 3328 2871
1171 3466 2871
135 3466 2871
3466 4441 2871
4962 3466 2871
197 3466 2871
3466 435 2871
3466 200 2871
3466 4484 2871
3466 3144 2871
3333 3466 2871
3466 1140 2871
3466 1453 2871
3416 3466 2871
4967 3466 2871
3466 2241 2871
139 3466 2871
3687 3466 2871
3466 3502 2871
466 3466 2871
3466 2521 2871
2034 3466 2871
1034 3466 2871
4909 3466 2871
1370 3466 2871
575 3466 2871
3466 1182 2871
3466 4186 2871
3466 4569 2871
3466 4991 2871
5 3466 2871
3928 3466 2871
4403 3466 2871
3466 2553 2871
2793 3466 2871
3466 888 2871
3466 1633 2871
4485 3466 2871
3716 3466 2871
3466 3574 2871
3466 4052 2871
4720 3466 2871
1588 3466 2871
3466 2788 2871
1546 3466 2871
3466 2615 2871
700 3466 2871
3466 1968 2871
3927 3466 2871
1746 3466 2871
1461 3466 2871
3466 4191 2871
3466 4844 2871
3466 3536 2871
3427 3466 2871
3466 4571 2871
3466 1024 2871
3466 4133 2871
3466 3370 2871
3466 3767 2871
1109 3466 2871
3466 3953 2871
3283 3466 2871
3466 2392 2871
3466 8 2871
583 3466 2871
3466 2901 2871
3466 695 2871
3466 4258 2871
3466 4154 2871
4622 3466 2871
2491 3466 2871
3466 515 2871
529 3466 2871
4352 3466 2871
3466 1392 2871
1679 3466 2871
3466 783 2871
4211 3466 2871
2009 3466 2871
3466 3259 2871
1213 3466 2871
3466 937 2871
3466 4410 2871
3466 1408 2871
3466 2269 2871
3466 3856 2871
4168 3466 2871
1751 3466 2871
3466 2662 2871
2441 3466 2871
3058 3466 2871
2384 3466 2871
3466 1059 2871
3466 1963 2871
3466 1449 2871
797 3466 2871
210 3466 2871
4189 3466 2871
4487 3466 2871
3466 4042 2871
963 3466 2871
3787 3466 2871
3466 3244 2871
3466 1766 2871
3466 1960 2871
861 3466 2871
3466 125 2871
2511 3466 2871
3466 2340 2871
3466 4017 2871
3242 3466 2871
1229 3466 2871
2046 3466 2871
4823 3466 2871
3466 107 2871
3466 1521 2871
3466 3001 2871
3700 3466 2871
3466 4937 2871
130 3466 2871
3493 3466 2871
4208 3466 2871
3466 4049 2871
1301 3466 2871
2159 3466 2871
2912 3466 2871
941 3466 2871
3466 4735 2871
3466 3880 2871
537 3466 2871
3466 3294 2871
3466 4887 2871
1401 3466 2871
3466 4446 2871
3466 1350 2871
4640 3466 2871
3466 3629 2871
936 3466 2871
3303 3466 2871
3466 2602 2871
3466 124 2871
1858 3466 2871
3466 4539 2871
3466 318 2871
2881 3466 2871
3466 3030 2871
2422 3466 2871
4322 3466 2871
742 3466 2871
1051 3466 2871
3466 4365 2871
3466 2019 2871
3466 2856 2871
3466 1592 2871
3466 505 2871
3554 3466 2871
3466 4793 2871
881 3466 2871
525 3466 2871
4392 3466 2871
2355 3466 2871
3466 990 2871
3466 279 2871
4678 3466 2871
3466 4331 2871
3466 3052 2871
4478 3466 2871
3466 981 2871
3126 3466 2871
3466 3712 2871
3466 2637 2871
3466 1210 2871
3466 3829 2871
1441 3466 2871
3466 4453 2871
4934 3466 2871
2369 3466 2871
3278 3466 2871
507 3466 2871
2893 3466 2871
3466 1432 2871
2845 3466 2871
3466 2875 2871
602 3466 2871
3466 114 2871
1022 3466 2871
3466 4180 2871
310 3466 2871
2080 3466 2871
865 3466 2871
3331 3466 2871
3508 3466 2871
2794 3466 2871
3466 1211 2871
3466 1998 2871
1295 3466 2871
3466 754 2871
520 3466 2871
97 3466 2871
2154 3466 2871
1683 3466 2871
3092 3466 2871
2012 3466 2871
4371 3466 2871
3466 1385 2871
452 3466 2871
3466 2613 2871
1001 3466 2871
3466 4256 2871
4686 3466 2871
3466 2214 2871
3466 1127 2871
2507 3466 2871
53 3466 2871
2381 3466 2871
3466 3650 2871
15 3466 2871
3466 2203 2871
3466 1391 2871
3439 3466 2871
4229 3466 2871
403 3466 2871
3466 1328 2871
3466 975 2871
3466 4578 2871
300 3466 2871
2435 3466 2871
1407 3466 2871
3466 2 2871
3466 3096 2871
3178 3466 2871
3466 3933 2871
3466 3941 2871
4178 3466 2871
3466 2157 2871
1707 3466 2871
3466 4950 2871
1868 3466 2871
2440 3466 2871
3466 68 2871
73 3466 2871
3466 3091 2871
4544 3466 2871
3466 2674 2871
3466 2431 2871
4978 3466 2871
3466 4334 2871
3466 1550 2871
3097 3466 2871
1541 3466 2871
3466 376 2871
501 3466 2871
3466 4360 2871
3466 4419 2871
3466 1936 2871
174 3466 2871
3466 2992 2871
3466 38 2871
4502 3466 2871
3466 4344 2871
3466 2826 2871
3520 3466 2871
1021 3466 2871
1685 3466 2871
3466 1172 2871
765 3466 2871
3466 188 2871
2173 3466 2871
707 3466 2871
3466 4553 2871
3466 3948 2871
1575 3466 2871
3466 46 2871
3466 4190 2871
3466 1948 2871
3466 1291 2871
4073 3466 2871
564 3466 2871
3466 3364 2871
3526 3466 2871
4005 3466 2871
3466 3826 2871
3466 1379 2871
3466 4272 2871
4205 3466 2871
3466 1456 2871
4603 3466 2871
4317 3466 2871
3466 4977 2871
404 3466 2871
3998 3466 2871
3466 186 2871
3466 1 2871
3466 673 2871
3791 3466 2871
3466 785 2871
3000 3466 2871
517 3466 2871
3063 3466 2871
3466 2796 2871
3466 4709 2871
3466 4019 2871
3466 1643 2871
585 3466 2871
3466 1319 2871
1714 3466 2871
3466 4779 2871
3466 1700 2871
3466 4671 2871
4857 3466 2871
109 3466 2871
1525 3466 2871
4730 3466 2871
3466 4095 2871
3466 2838 2871
2023 3466 2871
1720 3466 2871
3722 3466 2871
4468 3466 2871
3466 3421 2871
3466 786 2871
3466 4181 2871
3466 4088 2871
3466 3105 2871
968 3466 2871
3466 4136 2871
3743 3466 2871
253 3466 2871
2261 3466 2871
3466 2305 2871
3466 1629 2871
3466 1232 2871
4684 3466 2871
1486 3466 2871
3466 729 2871
2605 3466 2871
3894 3466 2871
4228 3466 2871
3466 3205 2871
3036 3466 2871
2954 3466 2871
57 3466 2871
4804 3466 2871
732 3466 2871
2347 3466 2871
3466 542 2871
3466 3734 2871
3797 3466 2871
569 3466 2871
2038 3466 2871
3466 2619 2871
3466 704 2871
1958 3466 2871
3466 2952 2871
3466 4008 2871
3466 146 2871
2649 3466 2871
1302 3466 2871
3466 3827 2871
3466 1990 2871
3466 3588 2871
3466 1915 2871
3466 473 2871
3466 3459 2871
1548 3466 2871
3466 1589 2871
3466 4791 2871
3466 2053 2871
4293 3466 2871
1266 3466 2871
2165 3466 2871
4973 3466 2871
2983 3466 2871
2905 3466 2871
2705 3466 2871
3466 562 2871
2627 3466 2871
2273 3466 2871
967 3466 2871
4530 3466 2871
3466 2230 2871
276 3466 2871
1701 3466 2871
739 3466 2871
3466 4241 2871
4624 3466 2871
2782 3466 2871
2493 3466 2871
2862 3466 2871
2955 3466 2871
3466 1691 2871
3466 3363 2871
3466 2367 2871
3466 2574 2871
2750 3466 2871
3688 3466 2871
749 3466 2871
1646 3466 2871
3466 486 2871
3831 3466 2871
3466 1323 2871
3466 161 2871
2456 3466 2871
3466 3408 2871
4447 3466 2871
3466 1586 2871
4761 3466 2871
3466 3004 2871
3466 187 2871
230 3466 2871
3466 500 2871
3466 4918 2871
3466 3059 2871
2730 3466 2871
3545 3466 2871
3466 1769 2871
3466 534 2871
1920 3466 2871
3466 3048 2871
3466 302 2871
3466 4280 2871
3466 4362 2871
221 3466 2871
3466 567 2871
3466 1815 2871
3466 2663 2871
3466 1311 2871
3466 3035 2871
3466 2146 2871
304 3466 2871
3466 4063 2871
3466 3589 2871
3466 4091 2871
3466 4324 2871
2548 3466 2871
3118 3466 2871
3466 1861 2871
4387 3466 2871
4621 3466 2871
4349 3466 2871
2639 3466 2871
4318 3466 2871
2977 3466 2871
3042 3466 2871
4364 3466 2871
3562 3466 2871
313 3466 2871
3466 3765 2871
145 3466 2871
3466 355 2871
3466 4734 2871
3466 3836 2871
3466 2765 2871
3820 3466 2871
3466 1335 2871
3466 3220 2871
2084 3466 2871
2861 3466 2871
1049 3466 2871
3466 3538 2871
3466 4855 2871
3466 4204 2871
1027 3466 2871
1565 3466 2871
2128 3466 2871
498 3466 2871
3466 4816 2871
3466 3139 2871
3466 774 2871
1304 3466 2871
3497 3466 2871
3466 4848 2871
3466 1843 2871
3466 1969 2871
3466 600 2871
959 3466 2871
2973 3466 2871
3466 747 2871
3494 3466 2871
3466 660 2871
3466 4147 2871
3566 3466 2871
3466 3148 2871
408 3466 2871
3466 2746 2871
3466 1230 2871
3466 733 2871
245 3466 2871
4758 3466 2871
2709 3466 2871
3466 4175 2871
3560 3466 2871
972 3466 2871
3466 4215 2871
1601 3466 2871
3466 1802 2871
3466 4455 2871
3466 2754 2871
3466 2544 2871
3466 3763 2871
2217 3466 2871
632 3466 2871
44 3466 2871
3466 4477 2871
3466 4458 2871
3466 3961 2871
2410 3466 2871
3076 3466 2871
3466 1376 2871
3466 2172 2871
3466 853 2871
2408 3466 2871
3466 4298 2871
2008 3466 2871
3466 2935 2871
3955 3466 2871
3281 3466 2871
4220 3466 2871
4450 3466 2871
3466 2631 2871
4663 3466 2871
3466 2025 2871
1292 3466 2871
3466 1745 2871
4877 3466 2871
3995 3466 2871
2117 3466 2871
3466 3965 2871
4232 3466 2871
3272 3466 2871
3590 3466 2871
3466 4397 2871
3466 2197 2871
3466 2095 2871
3466 3698 2871
1173 3466 2871
1630 3466 2871
3466 4292 2871
1623 3466 2871
1366 3466 2871
954 3466 2871
3466 1008 2871
2255 3466 2871
3466 4708 2871
3466 4436 2871
3466 1396 2871
3466 1929 2871
3466 1542 2871
3185 3466 2871
3466 3354 2871
3466 1950 2871
3466 2740 2871
3466 3313 2871
3466 3952 2871
3466 3657 2871
1854 3466 2871
3466 2843 2871
4339 3466 2871
3466 3368 2871
3109 3466 2871
3466 4169 2871
3466 555 2871
3466 2588 2871
2700 3466 2871
3466 2741 2871
827 3466 2871
4903 3466 2871
1650 3466 2871
3466 3959 2871
3466 2777 2871
535 3466 2871
1068 3466 2871
3466 263 2871
3466 2224 2871
4545 3466 2871
2959 3466 2871
4273 3466 2871
3503 3466 2871
2877 3466 2871
2688 3466 2871
3466 4741 2871
4206 3466 2871
415 3466 2871
3466 609 2871
3466 64 2871
3466 2997 2871
3466 4194 2871
2110 3466 2871
3466 4330 2871
3466 2772 2871
1842 3466 2871
3466 2396 2871
787 3466 2871
4079 3466 2871
3466 4313 2871
3466 4860 2871
3466 2766 2871
2560 3466 2871
3466 859 2871
1884 3466 2871
3466 2690 2871
3466 1726 2871
3466 3396 2871
411 3466 2871
4127 3466 2871
3466 3648 2871
1932 3466 2871
3466 3019 2871
3859 3466 2871
3466 3300 2871
3466 3485 2871
3579 3466 2871
3466 4023 2871
3466 2316 2871
3778 3466 2871
3280 3466 2871
3810 3466 2871
3429 3466 2871
3466 3454 2871
3466 1919 2871
1743 3466 2871
3466 2237 2871
3466 3023 2871
3288 3466 2871
3774 3466 2871
1939 3466 2871
3466 3070 2871
1845 3466 2871
3466 2149 2871
3399 3466 2871
3378 3466 2871
1334 3466 2871
4850 3466 2871
3466 2760 2871
3466 4460 2871
3466 3358 2871
3466 4276 2871
3349 3466 2871
4615 3466 2871
491 3466 2871
3466 4498 2871
3466 2693 2871
4593 3466 2871
3466 3565 2871
3466 1927 2871
1821 3466 2871
3466 4156 2871
3466 3426 2871
2252 3466 2871
2980 3466 2871
2032 3466 2871
1169 3466 2871
2156 3466 2871
2211 3466 2871
2112 3466 2871
1029 3466 2871
3466 3982 2871
460 3466 2871
3466 1272 2871
471 3466 2871
3466 3632 2871
3466 910 2871
3466 2587 2871
3466 3443 2871
3466 3149 2871
3466 4497 2871
2164 3466 2871
4080 3466 2871
3276 3466 2871
3466 4323 2871
2265 3466 2871
3466 3223 2871
1829 3466 2871
4448 3466 2871
2528 3466 2871
805 3466 2871
3193 3466 2871
3775 3466 2871
3466 2352 2871
3466 2927 2871
3466 266 2871
3466 3086 2871
3466 2525 2871
364 3466 2871
3466 1961 2871
257 3466 2871
3466 1364 2871
3466 1891 2871
3466 3165 2871
3466 3393 2871
2706 3466 2871
860 3466 2871
3466 433 2871
3466 2632 2871
4975 3466 2871
511 3466 2871
3884 3466 2871
3466 4534 2871
2522 3466 2871
3466 1610 2871
438 3466 2871
3466 2558 2871
2665 3466 2871
3296 3466 2871
4559 3466 2871
3466 597 2871
2846 3466 2871
151 3466 2871
3994 3466 2871
3466 3014 2871
3466 3195 2871
3466 3160 2871
4814 3466 2871
4027 3466 2871
3466 2910 2871
3466 3730 2871
301 3466 2871
3595 3466 2871
1492 3466 2871
3466 3473 2871
3466 1520 2871
3466 3362 2871
3466 572 2871
3466 1681 2871
445 3466 2871
2621 3466 2871
3298 3466 2871
3466 776 2871
2066 3466 2871
3466 3248 2871
3466 4510 2871
3466 2509 2871
1599 3466 2871
3466 4438 2871
3466 1673 2871
3466 4155 2871
3466 349 2871
2714 3466 2871
3466 2468 2871
83 3466 2871
3466 4506 2871
4920 3466 2871
261 3466 2871
278 3466 2871
3466 3616 2871
1093 3466 2871
4630 3466 2871
3466 1799 2871
102 3466 2871
4718 3466 2871
2361 3466 2871
3790 3466 2871
3466 103 2871
113 3466 2871
3466 952 2871
3466 4575 2871
3466 3152 2871
3466 875 2871
979 3466 2871
3466 2915 2871
397 3466 2871
387 3466 2871
641 3466 2871
753 3466 2871
3466 3838 2871
980 3466 2871
357 3466 2871
3466 126 2871
4925 3466 2871
4486 3466 2871
3466 2825 2871
499 3466 2871
3466 1710 2871
3681 3466 2871
37 3466 2871
3466 3279 2871
1003 3466 2871
3466 2175 2871
3466 4415 2871
3621 3466 2871
3466 4236 2871
426 3466 2871
3466 2651 2871
3466 4381 2871
3466 1767 2871
3466 958 2871
458 3466 2871
1516 3466 2871
2842 3466 2871
3466 2446 2871
3466 63 2871
4233 3466 2871
3466 2471 2871
3466 4516 2871
3466 283 2871
4535 3466 2871
4291 3466 2871
2833 3466 2871
3466 2939 2871
3785 3466 2871
401 3466 2871
3466 1192 2871
3466 4759 2871
3466 4651 2871
3466 4130 2871
3466 2453 2871
3466 2481 2871
2134 3466 2871
2894 3466 2871
205 3466 2871
254 3466 2871
2645 3466 2871
4881 3466 2871
3466 880 2871
3466 993 2871
3466 1153 2871
4746 3466 2871
4275 3466 2871
3466 3098 2871
3466 4904 2871
1765 3466 2871
2501 3466 2871
3466 492 2871
3466 2078 2871
1653 3466 2871
3466 4290 2871
702 3466 2871
3369 3466 2871
3466 2282 2871
3466 3229 2871
1440 3466 2871
4041 3466 2871
3935 3466 2871
3466 2547 2871
3466 3603 2871
3466 3112 2871
2405 3466 2871
2716 3466 2871
3466 3753 2871
3466 3986 2871
3466 2293 2871
4287 3466 2871
3466 2768 2871
3466 2449 2871
4393 3466 2871
2098 3466 2871
3466 4261 2871
4162 3466 2871
264 3466 2871
1117 3466 2871
1415 3466 2871
3466 1037 2871
3988 3466 2871
1052 3466 2871
3892 3466 2871
3466 2598 2871
3466 2956 2871
3466 3972 2871
238 3466 2871
3466 1483 2871
3395 3466 2871
3345 3466 2871
4481 3466 2871
3466 2374 2871
3032 3466 2871
1064 3466 2871
3817 3466 2871
3466 2076 2871
1242 3466 2871
3466 3760 2871
3466 3044 2871
3466 1349 2871
3466 363 2871
4214 3466 2871
3466 2990 2871
3466 3132 2871
87 3466 2871
2888 3466 2871
3466 3737 2871
340 3466 2871
3466 4990 2871
4809 3466 2871
3950 3466 2871
3466 773 2871
3466 2150 2871
2994 3466 2871
3466 1079 2871
2304 3466 2871
3466 676 2871
3466 2085 2871
163 3466 2871
2303 3466 2871
3466 924 2871
2018 3466 2871
3466 2670 2871
3466 4004 2871
3466 2370 2871
3466 2817 2871
2821 3466 2871
3466 4533 2871
3466 2445 2871
3466 3266 2871
3441 3466 2871
3466 484 2871
2299 3466 2871
3264 3466 2871
2708 3466 2871
3466 2608 2871
4227 3466 2871
3466 2218 2871
3466 154 2871
2962 3466 2871
3466 55 2871
3179 3466 2871
3466 3674 2871
4259 3466 2871
1012 3466 2871
3466 294 2871
3466 3382 2871
2335 3466 2871
4830 3466 2871
3466 3821 2871
1682 3466 2871
4862 3466 2871
454 3466 2871
3466 3433 2871
4384 3466 2871
596 3466 2871
2206 3466 2871
2263 3466 2871
3466 3355 2871
3466 2040 2871
3466 4728 2871
4525 3466 2871
2556 3466 2871
3466 3644 2871
3466 3934 2871
3466 2342 2871
3466 2010 2871
3466 1165 2871
3466 1607 2871
377 3466 2871
3466 1622 2871
3466 2086 2871
2526 3466 2871
4629 3466 2871
3466 2710 2871
735 3466 2871
727 3466 2871
3466 2625 2871
3225 3466 2871
3466 4474 2871
3466 1134 2871
2400 3466 2871
1836 3466 2871
3466 4219 2871
3466 3013 2871
2135 3466 2871
3466 2809 2871
3466 281 2871
3537 3466 2871
3466 4581 2871
3466 453 2871
3466 4377 2871
3466 883 2871
3466 2309 2871
3466 2835 2871
3466 4012 2871
3466 573 2871
3117 3466 2871
3466 3090 2871
3466 1737 2871
2855 3466 2871
3466 3327 2871
3466 1231 2871
3466 1787 2871
3466 4029 2871
1116 3466 2871
3466 416 2871
3466 2289 2871
3466 1665 2871
4309 3466 2871
4745 3466 2871
3466 1053 2871
3466 3535 2871
2409 3466 2871
2124 3466 2871
444 3466 2871
3466 528 2871
3466 2503 2871
3466 4420 2871
3466 414 2871
3466 472 2871
856 3466 2871
3466 4548 2871
4489 3466 2871
3466 1774 2871
2946 3466 2871
1904 3466 2871
1718 3466 2871
3466 4754 2871
3466 3900 2871
1547 3466 2871
407 3466 2871
894 3466 2871
140 3466 2871
811 3466 2871
1331 3466 2871
3466 951 2871
3466 3089 2871
3466 2026 2871
3466 4994 2871
3466 4179 2871
2291 3466 2871
4957 3466 2871
4120 3466 2871
4226 3466 2871
81 3466 2871
3466 2879 2871
3466 1120 2871
3466 2657 2871
3466 4431 2871
4347 3466 2871
375 3466 2871
3466 4623 2871
324 3466 2871
3466 2465 2871
3101 3466 2871
1467 3466 2871
3466 3353 2871
1129 3466 2871
4645 3466 2871
3466 3895 2871
3466 1507 2871
2429 3466 2871
3466 756 2871
3466 2180 2871
4483 3466 2871
3466 4217 2871
3466 2897 2871
3466 2362 2871
3466 3033 2871
540 3466 2871
3906 3466 2871
3466 2482 2871
3466 4197 2871
842 3466 2871
820 3466 2871
3466 4723 2871
3466 3643 2871
3466 122 2871
4195 3466 2871
4773 3466 2871
3466 165 2871
3466 3839 2871
3021 3466 2871
3466 1395 2871
3466 646 2871
3466 1390 2871
3466 781 2871
3466 1078 2871
3478 3466 2871
3466 1750 2871
3490 3466 2871
3466 867 2871
1336 3466 2871
3466 1113 2871
755 3466 2871
3466 3822 2871
3466 4794 2871
3466 2434 2871
3466 3166 2871
3466 1514 2871
3466 3517 2871
3466 2682 2871
3739 3466 2871
3466 3210 2871
3466 1131 2871
1007 3466 2871
3262 3466 2871
3593 3466 2871
4556 3466 2871
1670 3466 2871
3466 3873 2871
1811 3466 2871
3466 3084 2871
3466 675 2871
3466 782 2871
3466 4443 2871
3466 2288 2871
3466 1798 2871
3466 1071 2871
2819 3466 2871
2246 3466 2871
3466 4274 2871
3468 3466 2871
3448 3466 2871
3182 3466 2871
3466 4499 2871
3466 2908 2871
3466 2287 2871
3466 837 2871
3466 1940 2871
3466 2423 2871
3466 2418 2871
1236 3466 2871
1931 3466 2871
4398 3466 2871
3466 3314 2871
4550 3466 2871
4249 3466 2871
3466 1114 2871
4574 3466 2871
3466 4612 2871
3466 2073 2871
2477 3466 2871
2567 3466 2871
3466 3542 2871
3466 1609 2871
3466 462 2871
3466 2668 2871
2930 3466 2871
3466 986 2871
1866 3466 2871
3466 4242 2871
4078 3466 2871
2120 3466 2871
1387 3466 2871
1157 3466 2871
3466 1394 2871
3466 4789 2871
4375 3466 2871
991 3466 2871
3466 4774 2871
4616 3466 2871
2022 3466 2871
3466 2257 2871
3466 1840 2871
3466 4573 2871
3466 1279 2871
4833 3466 2871
4373 3466 2871
3466 1763 2871
2145 3466 2871
3150 3466 2871
3466 1288 2871
4069 3466 2871
4935 3466 2871
3466 604 2871
483 3466 2871
3466 223 2871
3466 855 2871
3522 3466 2871
3757 3466 2871
4661 3466 2871
4627 3466 2871
3307 3466 2871
3466 4267 2871
4122 3466 2871
3466 3886 2871
80 3466 2871
2354 3466 2871
3466 2027 2871
3466 889 2871
3282 3466 2871
3466 4404 2871
3544 3466 2871
4035 3466 2871
3466 150 2871
825 3466 2871
3466 3213 2871
3466 2943 2871
3466 3338 2871
3466 4964 2871
3575 3466 2871
3466 670 2871
4768 3466 2871
3466 2170 2871
3466 1070 2871
917 3466 2871
1723 3466 2871
3466 1353 2871
3466 4769 2871
385 3466 2871
3466 354 2871
3466 1223 2871
3466 2711 2871
3466 3516 2871
3466 2033 2871
129 3466 2871
3466 90 2871
3466 1709 2871
3466 2068 2871
3466 2584 2871
4588 3466 2871
2715 3466 2871
4488 3466 2871
2633 3466 2871
4776 3466 2871
3466 2281 2871
1510 3466 2871
3466 3996 2871
2487 3466 2871
3799 3466 2871
3466 4302 2871
3466 4097 2871
3198 3466 2871
1524 3466 2871
1489 3466 2871
1038 3466 2871
3466 688 2871
3466 1398 2871
3466 947 2871
655 3466 2871
3475 3466 2871
3046 3466 2871
1252 3466 2871
4433 3466 2871
3484 3466 2871
100 3466 2871
4271 3466 2871
3466 1782 2871
1187 3466 2871
4030 3466 2871
618 3466 2871
1996 3466 2871
766 3466 2871
961 3466 2871
1085 3466 2871
3466 1977 2871
3466 2949 2871
3481 3466 2871
3466 3172 2871
3466 1530 2871
3466 1645 2871
3885 3466 2871
3466 4134 2871
3466 4942 2871
4832 3466 2871
108 3466 2871
3466 1602 2871
3466 2717 2871
4031 3466 2871
3466 2212 2871
3351 3466 2871
3466 848 2871
3466 1089 2871
4366 3466 2871
368 3466 2871
3466 3003 2871
3466 1756 2871
2903 3466 2871
4148 3466 2871
4681 3466 2871
701 3466 2871
2600 3466 2871
3466 1043 2871
1083 3466 2871
3466 4969 2871
3466 2360 2871
3466 3693 2871
3466 3083 2871
3466 971 2871
2226 3466 2871
378 3466 2871
3786 3466 2871
1752 3466 2871
3466 798 2871
621 3466 2871
4637 3466 2871
4203 3466 2871
4691 3466 2871
3466 1991 2871
3466 790 2871
2207 3466 2871
4916 3466 2871
2108 3466 2871
3870 3466 2871
3466 76 2871
1222 3466 2871
3466 2684 2871
3466 1926 2871
3466 4113 2871
3466 2932 2871
3466 4409 2871
3466 1471 2871
2572 3466 2871
3466 649 2871
359 3466 2871
3414 3466 2871
3466 2280 2871
3466 2756 2871
4160 3466 2871
3708 3466 2871
3206 3466 2871
1742 3466 2871
2748 3466 2871
2851 3466 2871
3920 3466 2871
4874 3466 2871
3466 2837 2871
3466 2965 2871
4589 3466 2871
3466 4628 2871
3466 3664 2871
2609 3466 2871
4752 3466 2871
3466 4423 2871
2871 3466 2871
3466 4471 2871
2179 3466 2871
3100 3466 2871
3466 3524 2871
3578 3466 2871
2916 3466 2871
3466 2563 2871
265 3466 2871
3466 412 2871
133 3466 2871
1375 3466 2871
3466 1536 2871
1648 3466 2871
3466 4884 2871
3466 3742 2871
3360 3466 2871
3466 4282 2871
2045 3466 2871
3466 3695 2871
3466 553 2871
4587 3466 2871
3034 3466 2871
2225 3466 2871
3346 3466 2871
3466 1218 2871
3872 3466 2871
3924 3466 2871
3682 3466 2871
3466 3532 2871
4788 3466 2871
1148 3466 2871
2485 3466 2871
3466 1878 2871
4840 3466 2871
3466 2907 2871
999 3466 2871
3006 3466 2871
833 3466 2871
2671 3466 2871
3748 3466 2871
3466 4945 2871
1847 3466 2871
3466 402 2871
4440 3466 2871
1655 3466 2871
3466 2461 2871
3466 3916 2871
3466 4306 2871
1822 3466 2871
1577 3466 2871
3466 3455 2871
3466 2736 2871
3792 3466 2871
4704 3466 2871
296 3466 2871
409 3466 2871
3466 3131 2871
3466 1657 2871
3466 1149 2871
2498 3466 2871
3466 41 2871
4674 3466 2871
3466 4582 2871
3466 203 2871
3466 1620 2871
3466 2595 2871
1019 3466 2871
3466 3239 2871
862 3466 2871
3466 4413 2871
3466 2178 2871
1430 3466 2871
3466 3400 2871
1788 3466 2871
12 3466 2871
913 3466 2871
366 3466 2871
4399 3466 2871
3466 1656 2871
4218 3466 2871
3466 3068 2871
3466 3066 2871
3466 2646 2871
3466 390 2871
584 3466 2871
1158 3466 2871
3466 4824 2871
1437 3466 2871
71 3466 2871
494 3466 2871
3466 779 2871
3466 3871 2871
3466 1144 2871
897 3466 2871
1570 3466 2871
382 3466 2871
3466 2703 2871
2699 3466 2871
3466 689 2871
3466 3850 2871
3466 997 2871
3466 3017 2871
3466 1995 2871
3466 4598 2871
3466 1997 2871
2867 3466 2871
3466 876 2871
2970 3466 2871
4200 3466 2871
3010 3466 2871
3466 1744 2871
3466 922 2871
3466 2778 2871
2276 3466 2871
3466 2993 2871
3466 4018 2871
3466 2160 2871
3466 1955 2871
3466 2404 2871
3466 4960 2871
2789 3466 2871
3466 4469 2871
794 3466 2871
3466 3273 2871
3466 1982 2871
4222 3466 2871
3466 2803 2871
2923 3466 2871
892 3466 2871
4361 3466 2871
3405 3466 2871
3245 3466 2871
3466 1214 2871
3163 3466 2871
1959 3466 2871
3989 3466 2871
1764 3466 2871
730 3466 2871
4202 3466 2871
3466 325 2871
1264 3466 2871
3466 322 2871
3466 3521 2871
3466 4337 2871
3897 3466 2871
3336 3466 2871
2476 3466 2871
4650 3466 2871
2123 3466 2871
427 3466 2871
1949 3466 2871
1431 3466 2871
3466 2081 2871
587 3466 2871
3466 1893 2871
3466 2327 2871
3466 3377 2871
3466 3500 2871
3466 2055 2871
3466 2702 2871
3466 1667 2871
2312 3466 2871
4046 3466 2871
1706 3466 2871
3466 3854 2871
3466 2235 2871
2497 3466 2871
3466 3309 2871
1100 3466 2871
3466 4118 2871
4224 3466 2871
353 3466 2871
3466 626 2871
3466 1909 2871
3466 3725 2871
1474 3466 2871
3466 3240 2871
3466 418 2871
3343 3466 2871
3466 3085 2871
3466 2575 2871
4310 3466 2871
400 3466 2871
3466 2822 2871
3466 1472 2871
3466 2294 2871
1315 3466 2871
4143 3466 2871
2896 3466 2871
207 3466 2871
3466 1925 2871
1823 3466 2871
206 3466 2871
2869 3466 2871
4652 3466 2871
3466 1642 2871
3417 3466 2871
4402 3466 2871
4552 3466 2871
1442 3466 2871
1198 3466 2871
3466 3606 2871
3466 4462 2871
148 3466 2871
3466 3662 2871
3466 3073 2871
4411 3466 2871
3466 1208 2871
3466 1741 2871
2013 3466 2871
3466 576 2871
762 3466 2871
3466 1781 2871
3466 1119 2871
3176 3466 2871
3466 2802 2871
443 3466 2871
1871 3466 2871
3466 2564 2871
836 3466 2871
3717 3466 2871
2658 3466 2871
4103 3466 2871
3466 4826 2871
705 3466 2871
3466 3422 2871
4625 3466 2871
2129 3466 2871
3466 3255 2871
3735 3466 2871
3466 2630 2871
3466 2421 2871
3466 4351 2871
3466 1045 2871
3808 3466 2871
1587 3466 2871
3466 1627 2871
3466 1352 2871
3466 1652 2871
3713 3466 2871
3466 2420 2871
3466 1163 2871
2713 3466 2871
772 3466 2871
3169 3466 2871
3466 2059 2871
3466 622 2871
4329 3466 2871
3466 1899 2871
713 3466 2871
3466 1313 2871
4672 3466 2871
3466 352 2871
4736 3466 2871
3466 2379 2871
2029 3466 2871
289 3466 2871
3466 3649 2871
4192 3466 2871
3466 3292 2871
3466 3540 2871
3466 3608 2871
3081 3466 2871
3466 996 2871
4619 3466 2871
3466 683 2871
3466 350 2871
2317 3466 2871
2979 3466 2871
3466 2792 2871
3466 2601 2871
3466 1481 2871
3669 3466 2871
1435 3466 2871
3466 2554 2871
920 3466 2871
3466 1118 2871
1613 3466 2871
3466 4083 2871
1543 3466 2871
3466 1143 2871
3671 3466 2871
3466 1275 2871
3466 1834 2871
3466 4434 2871
153 3466 2871
3466 4941 2871
4340 3466 2871
1970 3466 2871
3466 1814 2871
3466 2253 2871
3466 4673 2871
1320 3466 2871
3507 3466 2871
3515 3466 2871
4675 3466 2871
3466 1724 2871
801 3466 2871
3466 3624 2871
1509 3466 2871
3466 1983 2871
3466 2424 2871
3466 2196 2871
3466 3236 2871
3501 3466 2871
3699 3466 2871
1237 3466 2871
4658 3466 2871
3631 3466 2871
3466 4843 2871
3466 4311 2871
3466 623 2871
3466 1386 2871
1757 3466 2871
4614 3466 2871
3466 1293 2871
3466 3158 2871
196 3466 2871
1702 3466 2871
3437 3466 2871
4951 3466 2871
2063 3466 2871
1197 3466 2871
1497 3466 2871
2836 3466 2871
3060 3466 2871
2166 3466 2871
3466 3623 2871
3466 640 2871
3466 394 2871
3466 1076 2871
3466 1175 2871
3466 4151 2871
3371 3466 2871
3466 110 2871
3466 3467 2871
4068 3466 2871
360 3466 2871
423 3466 2871
2258 3466 2871
4412 3466 2871
1307 3466 2871
4457 3466 2871
3466 4727 2871
66 3466 2871
2343 3466 2871
1141 3466 2871
3466 2324 2871
244 3466 2871
3466 2734 2871
2070 3466 2871
3615 3466 2871
4666 3466 2871
3466 3495 2871
4385 3466 2871
3466 3882 2871
1499 3466 2871
3466 2168 2871
3466 1833 2871
3466 3432 2871
3466 2259 2871
3466 2412 2871
2984 3466 2871
4939 3466 2871
3466 1895 2871
3257 3466 2871
3849 3466 2871
1972 3466 2871
2484 3466 2871
3466 3552 2871
3466 4853 2871
3471 3466 2871
698 3466 2871
3466 1651 2871
1957 3466 2871
2776 3466 2871
1270 3466 2871
3466 67 2871
3466 2056 2871
2727 3466 2871
2944 3466 2871
3466 2083 2871
4948 3466 2871
3466 4915 2871
3466 2874 2871
424 3466 2871
4470 3466 2871
4294 3466 2871
3374 3466 2871
3466 2824 2871
3466 2411 2871
2222 3466 2871
3466 1551 2871
3466 3901 2871
2323 3466 2871
3466 2873 2871
3466 686 2871
3843 3466 2871
1832 3466 2871
3466 610 2871
3466 2285 2871
447 3466 2871
3466 1340 2871
3466 682 2871
3466 2274 2871
2144 3466 2871
3466 3133 2871
3466 3268 2871
2264 3466 2871
3466 1850 2871
2978 3466 2871
3466 4037 2871
3466 3761 2871
3466 4549 2871
3466 2541 2871
3388 3466 2871
3466 2062 2871
3466 2357 2871
3466 1417 2871
3466 4919 2871
1662 3466 2871
877 3466 2871
3766 3466 2871
522 3466 2871
1616 3466 2871
3466 2090 2871
3466 712 2871
3466 4849 2871
3466 2805 2871
3466 4345 2871
3466 2695 2871
3466 3645 2871
3466 2458 2871
3466 43 2871
3852 3466 2871
3466 1812 2871
3466 3359 2871
3607 3466 2871
3466 2900 2871
3466 2863 2871
3466 3832 2871
3466 2302 2871
2151 3466 2871
3701 3466 2871
3466 1321 2871
3466 1388 2871
3466 760 2871
3506 3466 2871
2200 3466 2871
3466 2402 2871
330 3466 2871
3466 4142 2871
3466 1813 2871
1504 3466 2871
3466 2057 2871
1544 3466 2871
591 3466 2871
3466 4125 2871
3466 3706 2871
3466 2543 2871
3466 2724 2871
3466 251 2871
3466 3381 2871
47 3466 2871
3805 3466 2871
3466 157 2871
2380 3466 2871
3466 3442 2871
2704 3466 2871
4150 3466 2871
743 3466 2871
3466 181 2871
4965 3466 2871
1954 3466 2871
10 3466 2871
4111 3466 2871
3466 3883 2871
1284 3466 2871
3466 4787 2871
3466 4100 2871
3466 3480 2871
1549 3466 2871
4632 3466 2871
3466 1257 2871
1658 3466 2871
3609 3466 2871
3466 2966 2871
4685 3466 2871
3466 159 2871
2186 3466 2871
2594 3466 2871
3904 3466 2871
2880 3466 2871
3466 4841 2871
4781 3466 2871
3466 2122 2871
4540 3466 2871
2234 3466 2871
845 3466 2871
4066 3466 2871
1803 3466 2871
3466 1624 2871
3466 566 2871
3466 2801 2871
3466 2519 2871
3466 2371 2871
3830 3466 2871
3466 1591 2871
3466 580 2871
3466 4590 2871
2583 3466 2871
3466 2502 2871
3466 2061 2871
391 3466 2871
2931 3466 2871
611 3466 2871
317 3466 2871
3466 3971 2871
1325 3466 2871
2985 3466 2871
3466 4269 2871
3466 4872 2871
3466 1595 2871
3466 1736 2871
4456 3466 2871
1290 3466 2871
3466 662 2871
3466 4834 2871
3466 1397 2871
3853 3466 2871
3466 752 2871
3466 2737 2871
3466 3324 2871
3466 1303 2871
4890 3466 2871
3466 2585 2871
3975 3466 2871
1072 3466 2871
3466 4467 2871
3466 1423 2871
3466 970 2871
3115 3466 2871
3466 1344 2871
3466 4418 2871
826 3466 2871
4847 3466 2871
3840 3466 2871
1249 3466 2871
3466 4665 2871
2538 3466 2871
2581 3466 2871
25 3466 2871
3466 1621 2871
3466 489 2871
1360 3466 2871
1189 3466 2871
558 3466 2871
3561 3466 2871
3466 4813 2871
3466 1885 2871
3596 3466 2871
127 3466 2871
2948 3466 2871
2042 3466 2871
3466 4163 2871
3466 1466 2871
2017 3466 2871
907 3466 2871
1032 3466 2871
3466 3065 2871
3466 607 2871
3509 3466 2871
3466 1749 2871
2345 3466 2871
2505 3466 2871
2115 3466 2871
3466 1495 2871
3466 1760 2871
3367 3466 2871
1553 3466 2871
3466 4002 2871
3466 282 2871
4953 3466 2871
3466 1309 2871
3466 436 2871
4854 3466 2871
2987 3466 2871
3466 2529 2871
3466 4514 2871
3466 36 2871
2940 3466 2871
4837 3466 2871
3466 3684 2871
1713 3466 2871
3466 4634 2871
696 3466 2871
563 3466 2871
3466 2393 2871
3457 3466 2871
3719 3466 2871
570 3466 2871
4374 3466 2871
3466 92 2871
3466 4296 2871
3466 4096 2871
3466 2430 2871
3466 303 2871
3652 3466 2871
2163 3466 2871
3466 620 2871
1494 3466 2871
4464 3466 2871
3877 3466 2871
2731 3466 2871
2024 3466 2871
3466 4988 2871
1747 3466 2871
551 3466 2871
3466 3247 2871
3466 1341 2871
3466 395 2871
3627 3466 2871
3466 3655 2871
3452 3466 2871
3425 3466 2871
3466 1522 2871
3466 3625 2871
4764 3466 2871
4777 3466 2871
925 3466 2871
3466 1874 2871
734 3466 2871
994 3466 2871
4354 3466 2871
1160 3466 2871
2773 3466 2871
4059 3466 2871
1251 3466 2871
1901 3466 2871
1888 3466 2871
4537 3466 2871
4775 3466 2871
3466 1824 2871
3466 819 2871
3466 4613 2871
3466 1084 2871
3466 3868 2871
4577 3466 2871
982 3466 2871
243 3466 2871
1716 3466 2871
3466 173 2871
4305 3466 2871
3466 561 2871
3466 830 2871
3466 1853 2871
3466 699 2871
3466 869 2871
3466 3673 2871
3466 420 2871
1698 3466 2871
3863 3466 2871
3466 367 2871
3466 2868 2871
3177 3466 2871
3466 1576 2871
3466 1356 2871
3269 3466 2871
3466 3180 2871
3466 4705 2871
3993 3466 2871
659 3466 2871
3466 581 2871
3204 3466 2871
3466 3747 2871
199 3466 2871
3899 3466 2871
3466 2127 2871
3466 2325 2871
3466 1985 2871
3466 3071 2871
1537 3466 2871
3466 2451 2871
1863 3466 2871
3466 4579 2871
4124 3466 2871
3466 2052 2871
4518 3466 2871
4240 3466 2871
3466 1243 2871
1772 3466 2871
3675 3466 2871
3466 1036 2871
3466 1727 2871
3466 1130 2871
3466 1603 2871
1191 3466 2871
4984 3466 2871
1830 3466 2871
3412 3466 2871
171 3466 2871
3466 1280 2871
2618 3466 2871
1156 3466 2871
3466 651 2871
3466 3951 2871
343 3466 2871
2415 3466 2871
908 3466 2871
3365 3466 2871
3466 3389 2871
3546 3466 2871
2650 3466 2871
3466 4894 2871
3466 506 2871
3261 3466 2871
3466 690 2871
874 3466 2871
3466 4193 2871
1216 3466 2871
4859 3466 2871
2504 3466 2871
3466 3078 2871
1705 3466 2871
1827 3466 2871
3466 588 2871
228 3466 2871
3466 2524 2871
3466 4367 2871
3466 574 2871
761 3466 2871
3466 2388 2871
240 3466 2871
3466 2644 2871
2909 3466 2871
3466 1994 2871
1965 3466 2871
3340 3466 2871
964 3466 2871
1519 3466 2871
722 3466 2871
3409 3466 2871
4922 3466 2871
1145 3466 2871
2840 3466 2871
459 3466 2871
3466 2132 2871
1202 3466 2871
3466 3211 2871
3466 3164 2871
3466 3568 2871
893 3466 2871
2414 3466 2871
4378 3466 2871
3466 1245 2871
3466 2353 2871
3466 4871 2871
3466 2051 2871
3466 4225 2871
3466 4319 2871
3466 2376 2871
4806 3466 2871
955 3466 2871
3466 2976 2871
3466 1135 2871
3466 4176 2871
3466 106 2871
440 3466 2871
3466 2964 2871
3466 4209 2871
2184 3466 2871
3466 2721 2871
344 3466 2871
844 3466 2871
3466 4856 2871
4930 3466 2871
3466 1451 2871
3466 1872 2871
1250 3466 2871
1115 3466 2871
3466 4025 2871
1333 3466 2871
3466 4325 2871
4642 3466 2871
273 3466 2871
4216 3466 2871
3466 4253 2871
3466 1274 2871
3466 4250 2871
3466 3267 2871
721 3466 2871
3541 3466 2871
3466 4132 2871
3466 3772 2871
3466 2298 2871
334 3466 2871
3984 3466 2871
183 3466 2871
3466 3325 2871
3466 4257 2871
3922 3466 2871
3466 1952 2871
3466 2975 2871
3466 4390 2871
3466 953 2871
3496 3466 2871
3466 962 2871
3466 3510 2871
3171 3466 2871
1317 3466 2871
2672 3466 2871
3466 2079 2871
3466 2413 2871
291 3466 2871
3154 3466 2871
709 3466 2871
3130 3466 2871
3466 2811 2871
2363 3466 2871
3466 582 2871
3221 3466 2871
3466 2786 2871
1020 3466 2871
3466 4400 2871
4050 3466 2871
3466 4982 2871
3466 3015 2871
3366 3466 2871
1921 3466 2871
3466 24 2871
2988 3466 2871
3466 2143 2871
3907 3466 2871
3466 4466 2871
3466 725 2871
3466 3284 2871
2771 3466 2871
3466 2810 2871
3466 2820 2871
3466 4089 2871
3466 2142 2871
3466 896 2871
3466 4899 2871
1597 3466 2871
3466 2899 2871
1406 3466 2871
3466 272 2871
2570 3466 2871
3466 3762 2871
2806 3466 2871
3466 828 2871
3466 2067 2871
3466 2655 2871
3466 4554 2871
3466 3702 2871
857 3466 2871
3570 3466 2871
3466 45 2871
3957 3466 2871
3466 2991 2871
3466 4522 2871
3466 691 2871
2267 3466 2871
268 3466 2871
3491 3466 2871
504 3466 2871
3466 4188 2871
3438 3466 2871
666 3466 2871
2450 3466 2871
3466 4442 2871
608 3466 2871
3466 381 2871
1267 3466 2871
3466 4680 2871
3466 35 2871
3466 4926 2871
3224 3466 2871
3466 2292 2871
3466 1508 2871
3466 323 2871
3466 4439 2871
4149 3466 2871
3770 3466 2871
3002 3466 2871
474 3466 2871
4946 3466 2871
4861 3466 2871
3466 2060 2871
4159 3466 2871
371 3466 2871
3466 1283 2871
4924 3466 2871
3862 3466 2871
3466 2007 2871
2006 3466 2871
3466 4515 2871
3168 3466 2871
3466 1677 2871
3466 312 2871
3466 2436 2871
4818 3466 2871
4829 3466 2871
4058 3466 2871
3466 2277 2871
1102 3466 2871
434 3466 2871
533 3466 2871
3921 3466 2871
3954 3466 2871
3466 2039 2871
1687 3466 2871
3466 1444 2871
3466 3860 2871
410 3466 2871
3466 413 2871
3466 362 2871
3243 3466 2871
2681 3466 2871
3466 1121 2871
1956 3466 2871
288 3466 2871
4281 3466 2871
3466 4303 2871
3466 3227 2871
3466 234 2871
3842 3466 2871
3466 2592 2871
3466 3764 2871
2924 3466 2871
2496 3466 2871
2527 3466 2871
3466 1618 2871
3466 4372 2871
3466 3186 2871
2827 3466 2871
2202 3466 2871
193 3466 2871
1686 3466 2871
3232 3466 2871
1312 3466 2871
4006 3466 2871
3622 3466 2871
4744 3466 2871
3466 3733 2871
172 3466 2871
852 3466 2871
3466 3256 2871
3466 950 2871
4435 3466 2871
4121 3466 2871
3466 4238 2871
3466 4003 2871
3466 2480 2871
4479 3466 2871
3466 1873 2871
3466 3585 2871
3466 693 2871
3466 3401 2871
2858 3466 2871
3404 3466 2871
3466 1762 2871
3466 2767 2871
814 3466 2871
3466 751 2871
2158 3466 2871
3146 3466 2871
3466 3864 2871
1073 3466 2871
3466 1168 2871
3466 4363 2871
3466 835 2871
3466 298 2871
3466 2759 2871
3499 3466 2871
3466 2119 2871
3466 1459 2871
3466 2995 2871
3466 1552 2871
3466 3335 2871
1436 3466 2871
3466 1512 2871
3816 3466 2871
2183 3466 2871
3466 1590 2871
3466 3720 2871
3466 104 2871
3611 3466 2871
3466 1443 2871
3466 267 2871
3466 2231 2871
3466 4676 2871
3466 2478 2871
4376 3466 2871
3466 1133 2871
3466 2176 2871
3466 1526 2871
3466 4765 2871
3466 1695 2871
3466 3007 2871
3789 3466 2871
4633 3466 2871
4618 3466 2871
3466 3970 2871
3466 1870 2871
3466 4600 2871
807 3466 2871
2001 3466 2871
3466 2636 2871
1564 3466 2871
3466 2808 2871
3466 4053 2871
3466 2490 2871
3466 1342 2871
3466 2739 2871
3466 1348 2871
3466 2898 2871
4060 3466 2871
1890 3466 2871
3466 2758 2871
3028 3466 2871
3466 2416 2871
3466 4819 2871
3466 479 2871
4126 3466 2871
2139 3466 2871
3466 470 2871
592 3466 2871
3466 2332 2871
1574 3466 2871
2432 3466 2871
3466 777 2871
3466 4386 2871
3466 4595 2871
2764 3466 2871
3466 2229 2871
3466 4817 2871
3466 3394 2871
3466 4688 2871
2982 3466 2871
192 3466 2871
3466 3041 2871
2953 3466 2871
4694 3466 2871
2963 3466 2871
716 3466 2871
3815 3466 2871
1478 3466 2871
531 3466 2871
1649 3466 2871
2797 3466 2871
3466 510 2871
612 3466 2871
326 3466 2871
3466 3157 2871
4112 3466 2871
1569 3466 2871
3466 2167 2871
3466 74 2871
3356 3466 2871
3458 3466 2871
3466 3110 2871
3466 4757 2871
2002 3466 2871
269 3466 2871
957 3466 2871
3466 767 2871
3983 3466 2871
1740 3466 2871
4286 3466 2871
4928 3466 2871
3466 2947 2871
3402 3466 2871
4230 3466 2871
1066 3466 2871
2216 3466 2871
3466 82 2871
3466 429 2871
4057 3466 2871
4039 3466 2871
1639 3466 2871
3660 3466 2871
160 3466 2871
3466 3181 2871
3466 1004 2871
3466 802 2871
4970 3466 2871
9 3466 2871
3466 3047 2871
3794 3466 2871
3466 2464 2871
4157 3466 2871
1228 3466 2871
3466 4812 2871
3466 1647 2871
4524 3466 2871
4146 3466 2871
792 3466 2871
3466 4357 2871
3466 4721 2871
3802 3466 2871
3783 3466 2871
3466 3605 2871
3323 3466 2871
900 3466 2871
4105 3466 2871
3466 1721 2871
3466 331 2871
3466 1632 2871
3466 4532 2871
3428 3466 2871
3466 177 2871
4034 3466 2871
2406 3466 2871
3466 1357 2871
3466 3274 2871
4465 3466 2871
2878 3466 2871
3466 3207 2871
3466 297 2871
3466 1367 2871
4956 3466 2871
1761 3466 2871
3466 1427 2871
3505 3466 2871
677 3466 2871
4107 3466 2871
3466 4137 2871
3111 3466 2871
3456 3466 2871
3466 1422 2871
3466 388 2871
2882 3466 2871
3466 1498 2871
3466 4649 2871
3466 4449 2871
3463 3466 2871
3466 3896 2871
195 3466 2871
3466 2589 2871
3466 1412 2871
3466 4907 2871
3715 3466 2871
3466 3531 2871
3466 2967 2871
3466 202 2871
3466 4252 2871
3466 1090 2871
902 3466 2871
2041 3466 2871
3466 4382 2871
3466 2661 2871
599 3466 2871
1439 3466 2871
3466 3201 2871
3466 4770 2871
3466 1299 2871
3466 4517 2871
3466 4974 2871
3466 209 2871
3466 918 2871
3466 672 2871
1937 3466 2871
1011 3466 2871
3466 2701 2871
851 3466 2871
3466 2141 2871
3466 1978 2871
3466 1917 2871
3466 1095 2871
3466 2279 2871
2072 3466 2871
3466 4067 2871
3466 1347 2871
3419 3466 2871
3466 4106 2871
3466 132 2871
3466 3129 2871
2513 3466 2871
904 3466 2871
545 3466 2871
863 3466 2871
1780 3466 2871
3466 3919 2871
3466 3929 2871
3466 3571 2871
3466 619 2871
3466 1825 2871
141 3466 2871
1907 3466 2871
3191 3466 2871
3466 2652 2871
2092 3466 2871
2198 3466 2871
4 3466 2871
2213 3466 2871
3661 3466 2871
3202 3466 2871
1463 3466 2871
4064 3466 2871
3466 497 2871
3466 2161 2871
4567 3466 2871
3918 3466 2871
2035 3466 2871
2249 3466 2871
3466 1063 2871
843 3466 2871
4542 3466 2871
3466 2785 2871
2539 3466 2871
3466 369 2871
1976 3466 2871
3466 4074 2871
3466 1869 2871
3466 2718 2871
3466 2780 2871
3466 2870 2871
3466 4914 2871
1239 3466 2871
3466 717 2871
396 3466 2871
3947 3466 2871
3466 4454 2871
3466 2438 2871
3466 4566 2871
3466 3194 2871
1561 3466 2871
3466 4541 2871
2969 3466 2871
3466 2065 2871
2957 3466 2871
2604 3466 2871
3466 1882 2871
3466 2348 2871
3887 3466 2871
3466 1358 2871
2346 3466 2871
746 3466 2871
3466 3618 2871
1672 3466 2871
3466 4461 2871
3466 2552 2871
3466 1384 2871
167 3466 2871
3466 559 2871
3869 3466 2871
117 3466 2871
3466 2306 2871
4054 3466 2871
3466 694 2871
1409 3466 2871
1786 3466 2871
3466 128 2871
3466 1026 2871
3990 3466 2871
3466 4800 2871
4519 3466 2871
3466 94 2871
3946 3466 2871
3466 4756 2871
3466 624 2871
3055 3466 2871
4022 3466 2871
2981 3466 2871
1170 3466 2871
3466 3888 2871
332 3466 2871
1424 3466 2871
1527 3466 2871
3466 2271 2871
3647 3466 2871
2732 3466 2871
3466 21 2871
19 3466 2871
1660 3466 2871
3466 2895 2871
3466 3290 2871
3466 3613 2871
2676 3466 2871
3466 2622 2871
3466 1844 2871
3466 3235 2871
4000 3466 2871
3466 4679 2871
4266 3466 2871
3466 3969 2871
3466 3447 2871
3466 18 2871
3841 3466 2871
3466 4500 2871
3466 3604 2871
3466 1154 2871
1804 3466 2871
3121 3466 2871
2401 3466 2871
3466 4094 2871
1297 3466 2871
3466 1922 2871
2938 3466 2871
3466 1916 2871
3466 871 2871
3466 4979 2871
3466 4908 2871
4044 3466 2871
2719 3466 2871
3161 3466 2871
3466 948 2871
1505 3466 2871
2747 3466 2871
3200 3466 2871
72 3466 2871
1329 3466 2871
2612 3466 2871
3636 3466 2871
942 3466 2871
3466 1669 2871
818 3466 2871
3466 3980 2871
3466 2673 2871
3114 3466 2871
4314 3466 2871
419 3466 2871
3966 3466 2871
3466 1265 2871
3466 4451 2871
3466 4923 2871
2028 3466 2871
1062 3466 2871
3466 2169 2871
4992 3466 2871
3466 1839 2871
4071 3466 2871
3731 3466 2871
2829 3466 2871
4512 3466 2871
3466 1848 2871
4187 3466 2871
1568 3466 2871
3203 3466 2871
4101 3466 2871
319 3466 2871
3466 1596 2871
4748 3466 2871
3563 3466 2871
4647 3466 2871
1880 3466 2871
1289 3466 2871
3466 4475 2871
1566 3466 2871
2199 3466 2871
3587 3466 2871
557 3466 2871
3466 1337 2871
3466 4115 2871
3939 3466 2871
3539 3466 2871
1719 3466 2871
3845 3466 2871
4265 3466 2871
3466 1056 2871
1101 3466 2871
380 3466 2871
3466 3967 2871
1559 3466 2871
3466 1758 2871
3466 1112 2871
3466 3527 2871
169 3466 2871
3138 3466 2871
4995 3466 2871
550 3466 2871
3466 2479 2871
2968 3466 2871
3466 817 2871
3466 4873 2871
868 3466 2871
4166 3466 2871
3466 3415 2871
260 3466 2871
605 3466 2871
3189 3466 2871
3466 286 2871
3718 3466 2871
1420 3466 2871
3466 2578 2871
3466 4141 2871
3466 1055 2871
3466 3434 2871
3466 1046 2871
2516 3466 2871
3466 4670 2871
3466 1605 2871
4020 3466 2871
3466 2972 2871
4698 3466 2871
3470 3466 2871
3466 4668 2871
3466 1263 2871
3466 4690 2871
2182 3466 2871
3466 1035 2871
3466 1044 2871
3466 568 2871
3466 2488 2871
2849 3466 2871
3466 2998 2871
3466 1641 2871
4480 3466 2871
3466 3332 2871
4808 3466 2871
1429 3466 2871
3466 3796 2871
3466 2775 2871
3466 2599 2871
4742 3466 2871
3530 3466 2871
1930 3466 2871
938 3466 2871
3466 1355 2871
1248 3466 2871
1028 3466 2871
3466 3420 2871
3466 2642 2871
2044 3466 2871
4268 3466 2871
3466 2850 2871
4140 3466 2871
3466 2624 2871
3466 2573 2871
3466 3943 2871
3759 3466 2871
4119 3466 2871
3466 1708 2871
2426 3466 2871
3254 3466 2871
3466 4838 2871
3330 3466 2871
1091 3466 2871
3466 3692 2871
4072 3466 2871
4842 3466 2871
3466 3557 2871
3466 2177 2871
4714 3466 2871
3466 1258 2871
3466 909 2871
3466 3094 2871
2391 3466 2871
4805 3466 2871
3978 3466 2871
3466 803 2871
3466 2004 2871
3466 758 2871
3466 2266 2871
2495 3466 2871
3466 292 2871
3466 1458 2871
27 3466 2871
3466 3819 2871
2593 3466 2871
4584 3466 2871
4295 3466 2871
3466 4901 2871
3466 3858 2871
3466 4264 2871
2455 3466 2871
1374 3466 2871
3466 3125 2871
1081 3466 2871
3466 211 2871
3466 2917 2871
1179 3466 2871
1865 3466 2871
3466 4492 2871
3466 88 2871
3466 61 2871
2892 3466 2871
3464 3466 2871
3466 4568 2871
878 3466 2871
3466 1212 2871
4336 3466 2871
469 3466 2871
593 3466 2871
3466 1488 2871
2815 3466 2871
3466 156 2871
351 3466 2871
4782 3466 2871
1775 3466 2871
3466 306 2871
4145 3466 2871
3466 4426 2871
3466 4864 2871
155 3466 2871
3466 1178 2871
3466 4196 2871
3466 2685 2871
3466 4379 2871
1816 3466 2871
3466 810 2871
1671 3466 2871
3466 3435 2871
3304 3466 2871
3466 476 2871
3466 1125 2871
3466 255 2871
3466 3230 2871
4687 3466 2871
3466 4591 2871
3285 3466 2871
3466 1502 2871
3466 249 2871
2562 3466 2871
1074 3466 2871
3466 1703 2871
3466 519 2871
30 3466 2871
3466 3705 2871
3306 3466 2871
2251 3466 2871
3103 3466 2871
3466 85 2871
731 3466 2871
4262 3466 2871
78 3466 2871
3466 4703 2871
3466 329 2871
1305 3466 2871
3466 1014 2871
3466 4564 2871
3466 1846 2871
1190 3466 2871
2457 3466 2871
3466 778 2871
3466 3750 2871
3466 1363 2871
3466 3251 2871
3466 965 2871
3466 143 2871
3466 1759 2871
809 3466 2871
2030 3466 2871
2936 3466 2871
3466 1733 2871
3466 178 2871
1675 3466 2871
3466 215 2871
3466 4368 2871
536 3466 2871
3466 1634 2871
3466 1421 2871
3156 3466 2871
2236 3466 2871
3466 3087 2871
3466 356 2871
3466 307 2871
3466 590 2871
3513 3466 2871
1540 3466 2871
3 3466 2871
3466 252 2871
1276 3466 2871
1217 3466 2871
3466 1296 2871
3466 3812 2871
3466 3514 2871
3466 2295 2871
3466 3297 2871
3591 3466 2871
3466 2192 2871
3466 3119 2871
4061 3466 2871
3466 152 2871
3466 1791 2871
3466 4158 2871
3466 4713 2871
3466 3612 2871
3466 687 2871
194 3466 2871
1326 3466 2871
2389 3466 2871
3466 3638 2871
1235 3466 2871
3466 28 2871
3466 4796 2871
3466 2272 2871
984 3466 2871
3466 2921 2871
3466 3050 2871
3999 3466 2871
4199 3466 2871
4792 3466 2871
3466 370 2871
3214 3466 2871
1155 3466 2871
3466 448 2871
2329 3466 2871
3466 2394 2871
3466 4641 2871
250 3466 2871
2286 3466 2871
3466 446 2871
1402 3466 2871
3466 901 2871
2616 3466 2871
441 3466 2871
105 3466 2871
1339 3466 2871
3466 3744 2871
4328 3466 2871
3466 3403 2871
1567 3466 2871
1106 3466 2871
3466 2016 2871
3466 365 2871
3466 2377 2871
3466 4608 2871
1382 3466 2871
4722 3466 2871
1464 3466 2871
3806 3466 2871
3466 2301 2871
3466 780 2871
579 3466 2871
3466 4852 2871
1244 3466 2871
3874 3466 2871
1416 3466 2871
4389 3466 2871
3678 3466 2871
2082 3466 2871
3630 3466 2871
320 3466 2871
3466 75 2871
3466 976 2871
345 3466 2871
3466 4944 2871
4599 3466 2871
1476 3466 2871
4343 3466 2871
4959 3466 2871
3466 3137 2871
3779 3466 2871
2904 3466 2871
3466 625 2871
3466 4028 2871
3804 3466 2871
2320 3466 2871
3466 3592 2871
3926 3466 2871
3466 1254 2871
4952 3466 2871
3466 1933 2871
3466 2919 2871
684 3466 2871
1993 3466 2871
2640 3466 2871
373 3466 2871
3949 3466 2871
3102 3466 2871
3466 872 2871
3466 2859 2871
3466 2311 2871
2344 3466 2871
3009 3466 2871
3145 3466 2871
2911 3466 2871
3466 4576 2871
4921 3466 2871
3466 1040 2871
3226 3466 2871
3466 379 2871
3466 4348 2871
998 3466 2871
1371 3466 2871
3466 1808 2871
3466 1809 2871
3466 1626 2871
1856 3466 2871
3466 3857 2871
866 3466 2871
3466 1666 2871
2852 3466 2871
3466 1006 2871
4751 3466 2871
2763 3466 2871
3925 3466 2871
4717 3466 2871
1220 3466 2871
3936 3466 2871
3466 3407 2871
3768 3466 2871
3466 4947 2871
788 3466 2871
1207 3466 2871
3466 4762 2871
1176 3466 2871
3466 477 2871
1457 3466 2871
3045 3466 2871
3466 118 2871
3466 1556 2871
3466 431 2871
1111 3466 2871
3710 3466 2871
1680 3466 2871
4056 3466 2871
1195 3466 2871
3466 2194 2871
3466 4955 2871
4135 3466 2871
3466 4243 2871
4405 3466 2871
4123 3466 2871
3942 3466 2871
3466 628 2871
3529 3466 2871
3466 1298 2871
3466 3141 2871
3466 1754 2871
3466 3465 2871
77 3466 2871
3466 3049 2871
3466 2486 2871
3466 571 2871
3466 2191 2871
98 3466 2871
1277 3466 2871
3987 3466 2871
3466 1215 2871
3219 3466 2871
3466 2105 2871
3466 3755 2871
3466 3321 2871
3628 3466 2871
854 3466 2871
4102 3466 2871
3466 2928 2871
4784 3466 2871
3466 3736 2871
3466 1105 2871
1372 3466 2871
3466 3040 2871
3466 1979 2871
3466 3963 2871
3466 3212 2871
3466 467 2871
3466 101 2871
3466 681 2871
1855 3466 2871
3466 3286 2871
4288 3466 2871
1735 3466 2871
1611 3466 2871
3466 4910 2871
3466 2054 2871
3466 2667 2871
3466 2190 2871
1107 3466 2871
3466 3170 2871
3466 4699 2871
237 3466 2871
2407 3466 2871
3466 1980 2871
271 3466 2871
3466 3738 2871
1557 3466 2871
3466 4444 2871
3466 311 2871
3466 3199 2871
2467 3466 2871
3466 2860 2871
3466 978 2871
3466 2596 2871
3466 3016 2871
3466 222 2871
3466 1426 2871
2884 3466 2871
3651 3466 2871
3466 1938 2871
3847 3466 2871
3466 3781 2871
3079 3466 2871
3385 3466 2871
3466 3487 2871
1322 3466 2871
3466 3979 2871
3466 280 2871
3466 4161 2871
456 3466 2871
3466 4523 2871
3801 3466 2871
3466 406 2871
3466 1838 2871
1511 3466 2871
4299 3466 2871
4707 3466 2871
3466 2629 2871
3911 3466 2871
3466 3053 2871
3466 2459 2871
2920 3466 2871
3476 3466 2871
3190 3466 2871
3234 3466 2871
3466 2707 2871
1446 3466 2871
2945 3466 2871
631 3466 2871
3466 808 2871
3466 2738 2871
3305 3466 2871
2726 3466 2871
3466 1753 2871
3466 789 2871
3466 3057 2871
3466 1399 2871
637 3466 2871
3162 3466 2871
3466 2675 2871
3466 3665 2871
829 3466 2871
3668 3466 2871
3466 4388 2871
1246 3466 2871
3466 4987 2871
3466 259 2871
3466 873 2871
3466 2500 2871
3466 4416 2871
3466 4116 2871
4986 3466 2871
3659 3466 2871
3466 4706 2871
3107 3466 2871
3466 2330 2871
1108 3466 2871
4109 3466 2871
3466 516 2871
1227 3466 2871
1241 3466 2871
3466 2925 2871
3466 1080 2871
3466 3347 2871
3466 2565 2871
1792 3466 2871
3466 4931 2871
4350 3466 2871
3466 2733 2871
3466 639 2871
706 3466 2871
3466 3891 2871
3123 3466 2871
2698 3466 2871
3466 3246 2871
2116 3466 2871
2841 3466 2871
1837 3466 2871
3466 3553 2871
3890 3466 2871
270 3466 2871
372 3466 2871
3466 678 2871
1164 3466 2871
3466 4731 2871
3466 1039 2871
4380 3466 2871
2512 3466 2871
3466 2823 2871
3466 1124 2871
1413 3466 2871
2537 3466 2871
1259 3466 2871
3466 437 2871
1789 3466 2871
3466 3265 2871
4304 3466 2871
3466 2152 2871
4167 3466 2871
3466 3881 2871
4104 3466 2871
3466 3534 2871
3466 2049 2871
3466 3038 2871
3466 4889 2871
3466 1515 2871
3466 4662 2871
3466 428 2871
3466 3054 2871
3466 2996 2871
3721 3466 2871
3466 138 2871
2101 3466 2871
3466 2254 2871
3466 2614 2871
3466 70 2871
3466 4560 2871
3466 1487 2871
2795 3466 2871
2058 3466 2871
4932 3466 2871
1572 3466 2871
3466 219 2871
3466 3754 2871
3466 598 2871
3466 315 2871
3466 3586 2871
3466 1023 2871
1480 3466 2871
2847 3466 2871
1137 3466 2871
3466 4726 2871
3466 503 2871
3187 3466 2871
3466 3196 2871
1318 3466 2871
2188 3466 2871
4712 3466 2871
3466 3486 2871
3466 1942 2871
3584 3466 2871
3466 348 2871
3466 3249 2871
2523 3466 2871
3466 956 2871
3466 3962 2871
3466 2666 2871
3466 634 2871
1944 3466 2871
3466 3981 2871
3466 3788 2871
2475 3466 2871
3466 3012 2871
3466 4711 2871
3466 1699 2871
3466 4529 2871
3466 3344 2871
763 3466 2871
3466 3027 2871
4429 3466 2871
3466 1194 2871
4333 3466 2871
554 3466 2871
3466 2047 2871
1794 3466 2871
3466 1294 2871
3466 3559 2871
821 3466 2871
3466 4810 2871
3466 3155 2871
3215 3466 2871
3466 539 2871
3466 95 2871
3466 3746 2871
3301 3466 2871
992 3466 2871
455 3466 2871
2181 3466 2871
293 3466 2871
3466 4740 2871
450 3466 2871
692 3466 2871
3466 4605 2871
3504 3466 2871
3466 1881 2871
3466 648 2871
914 3466 2871
2518 3466 2871
3228 3466 2871
2043 3466 2871
3466 4693 2871
3466 995 2871
2349 3466 2871
3466 1378 2871
3466 1473 2871
336 3466 2871
4820 3466 2871
2470 3466 2871
3466 347 2871
3519 3466 2871
2187 3466 2871
3466 4702 2871
3466 3263 2871
3466 1734 2871
3466 4981 2871
4602 3466 2871
523 3466 2871
3466 7 2871
4138 3466 2871
3466 3147 2871
3614 3466 2871
2472 3466 2871
1903 3466 2871
2720 3466 2871
4490 3466 2871
3183 3466 2871
3466 2744 2871
3466 4803 2871
3466 3646 2871
3466 4863 2871
3466 4638 2871
3466 2383 2871
3466 3477 2871
3231 3466 2871
2659 3903 3344
3466 4896 2871
3372 3466 2871
3466 328 2871
4655 3466 2871
2397 3466 2871
3466 3413 2871
3326 3466 2871
3466 2318 2871
3466 2723 2871
3466 2499 2871
2813 3466 2871
3466 3237 2871
3466 4369 2871
3376 3466 2871
3795 3466 2871
1694 3466 2871
3466 1604 2871
3466 2153 2871
3580 3466 2871
4307 3466 2871
3937 3466 2871
3466 4998 2871
3466 943 2871
3466 2656 2871
3466 1362 2871
4710 3466 2871
3466 1097 2871
4968 3466 2871
3466 166 2871
2559 3466 2871
2339 3466 2871
3466 3492 2871
3876 3466 2871
3466 513 2871
791 3466 2871
3466 3917 2871
236 3466 2871
3466 541 2871
832 3466 2871
2398 3466 2871
4342 3466 2871
3008 3466 2871
3466 4985 2871
3386 3466 2871
3466 2669 2871
4099 3466 2871
3908 3466 2871
425 3466 2871
3466 4747 2871
1445 3466 2871
3466 647 2871
3466 1849 2871
4958 3466 2871
3466 1784 2871
4993 3466 2871
3666 3466 2871
3466 79 2871
3466 741 2871
3466 461 2871
3466 4482 2871
2174 3466 2871
3466 4594 2871
495 3466 2871
3466 335 2871
3466 846 2871
3466 1534 2871
1054 3466 2871
3466 556 2871
1104 3466 2871
3893 3466 2871
1773 3466 2871
3466 3658 2871
218 3466 2871
4355 3466 2871
1768 3466 2871
2283 3466 2871
3466 2743 2871
3466 1400 2871
3466 4822 2871
1598 3466 2871
3466 3380 2871
949 3466 2871
3466 1617 2871
1152 3466 2871
3679 3466 2871
3466 2126 2871
3315 3466 2871
2245 3466 2871
3723 3466 2871
2517 3466 2871
3466 2818 2871
3780 3466 2871
3466 3642 2871
120 3466 2871
32 3466 2871
468 3466 2871
3466 1269 2871
1161 3466 2871
1050 3466 2871
3581 3466 2871
3466 2961 2871
3466 1188 2871
775 3466 2871
4606 3466 2871
1136 3466 2871
3466 4725 2871
933 3466 2871
3466 179 2871
3466 1831 2871
4565 3466 2871
3466 4807 2871
3466 52 2871
3466 1818 2871
3466 898 2871
3466 615 2871
3572 3466 2871
3466 3777 2871
3834 3466 2871
3466 934 2871
4656 3466 2871
3466 2950 2871
4245 3466 2871
51 3466 2871
3466 1065 2871
3466 3451 2871
3466 3299 2871
4430 3466 2871
3466 1477 2871
3466 3011 2871
4551 3466 2871
3466 4689 2871
3175 3466 2871
3466 2790 2871
3466 2677 2871
3466 4207 2871
3466 2378 2871
3466 2240 2871
3466 1535 2871
3466 4509 2871
3466 4580 2871
3466 769 2871
2228 3466 2871
3466 115 2871
3466 4048 2871
3069 3466 2871
2606 3466 2871
3466 1201 2871
2333 3466 2871
96 3466 2871
3915 3466 2871
3466 4210 2871
4557 3466 2871
1528 3466 2871
3466 2971 2871
3466 560 2871
3466 2100 2871
3383 3466 2871
3466 3197 2871
3466 4237 2871
3466 2864 2871
3466 1795 2871
4643 3466 2871
287 3466 2871
3466 3866 2871
4891 3466 2871
3466 2591 2871
3316 3466 2871
945 3466 2871
3375 3466 2871
2626 3466 2871
3466 2321 2871
2611 3466 2871
2193 3466 2871
451 3466 2871
496 3466 2871
123 3466 2871
3466 2155 2871
3466 1635 2871
3466 3348 2871
3466 162 2871
4184 3466 2871
3466 1946 2871
3466 1061 2871
3466 2130 2871
757 3466 2871
1123 3466 2871
3466 4783 2871
3466 42 2871
3466 3555 2871
2011 3466 2871
1166 3466 2871
1186 3466 2871
3512 3466 2871
3466 1271 2871
3466 1199 2871
2914 3466 2871
1103 3466 2871
3914 3466 2871
4780 3466 2871
3466 2148 2871
3466 974 2871
3466 3709 2871
1088 3466 2871
1864 3466 2871
3466 1897 2871
3466 1771 2871
3466 2784 2871
1628 3466 2871
3466 4283 2871
3466 4084 2871
86 3466 2871
3466 4696 2871
3466 3209 2871
3466 1545 2871
3466 891 2871
3466 2603 2871
4644 3466 2871
4098 3466 2871
3466 815 2871
3466 3974 2871
3466 4421 2871
3466 185 2871
3312 3466 2871
3466 3800 2871
3466 4165 2871
3466 4024 2871
2755 3466 2871
3466 3337 2871
1676 3466 2871
4255 3466 2871
4452 3466 2871
3466 3878 2871
3466 3271 2871
3466 4596 2871
606 3466 2871
2942 3466 2871
3466 4131 2871
2712 3466 2871
3466 2102 2871
3466 2403 2871
490 3466 2871
1345 3466 2871
3466 4815 2871
3022 3466 2871
4026 3466 2871
3072 3466 2871
822 3466 2871
2590 3466 2871
1219 3466 2871
3444 3466 2871
4911 3466 2871
2097 3466 2871
3466 212 2871
3466 3423 2871
3466 4943 2871
1777 3466 2871
1999 3466 2871
1122 3466 2871
3466 4999 2871
3466 1234 2871
3466 4558 2871
3466 1973 2871
3466 1531 2871
711 3466 2871
3466 4692 2871
879 3466 2871
3617 3466 2871
2227 3466 2871
1491 3466 2871
4045 3466 2871
4929 3466 2871
3106 3466 2871
3466 2000 2871
3466 4659 2871
3466 3569 2871
3466 899 2871
834 3466 2871
3809 3466 2871
4528 3466 2871
3855 3466 2871
3466 3599 2871
3466 2654 2871
2586 3466 2871
2260 3466 2871
2469 3466 2871
3466 4223 2871
3466 630 2871
3466 2121 2871
1069 3466 2871
3466 1684 2871
3466 2958 2871
3466 112 2871
3067 3466 2871
3466 1450 2871
3466 2427 2871
645 3466 2871
4327 3466 2871
1381 3466 2871
3466 2828 2871
3466 2005 2871
3466 217 2871
3466 3302 2871
926 3466 2871
3466 3116 2871
3466 1205 2871
3466 4876 2871
3466 190 2871
4912 3466 2871
4936 3466 2871
3466 4893 2871
3466 847 2871
4845 3466 2871
3466 2555 2871
3466 4799 2871
3466 3099 2871
3466 321 2871
521 3466 2871
3466 2679 2871
3466 2334 2871
3466 1469 2871
2336 3466 2871
2069 3466 2871
3466 3277 2871
3466 524 2871
3466 2365 2871
1805 3466 2871
3466 4737 2871
3466 2390 2871
2745 3466 2871
3466 2189 2871
3466 216 2871
3466 4284 2871
1593 3466 2871
3466 1663 2871
60 3466 2871
3466 1539 2871
793 3466 2871
3466 4077 2871
2791 3466 2871
1184 3466 2871
3466 50 2871
3466 1139 2871
4033 3466 2871
204 3466 2871
4715 3466 2871
2531 3466 2871
3466 3136 2871
3466 4085 2871
3466 2071 2871
3466 652 2871
3466 4021 2871
4459 3466 2871
1042 3466 2871
3466 4677 2871
3724 3466 2871
3466 2048 2871
4174 3466 2871
3707 3466 2871
3466 3253 2871
3466 3357 2871
449 3466 2871
3466 1943 2871
4797 3466 2871
3466 4173 2871
1892 3466 2871
3466 258 2871
3466 2999 2871
3466 1433 2871
3466 2549 2871
3466 1255 2871
1918 3466 2871
3466 2447 2871
3793 3466 2871
2337 3466 2871
2268 3466 2871
2454 3466 2871
3466 4767 2871
4697 3466 2871
3813 3466 2871
1988 3466 2871
3466 1580 2871
4543 3466 2871
3466 4976 2871
3663 3466 2871
3867 3466 2871
1924 3466 2871
3151 3466 2871
514 3466 2871
3466 439 2871
3466 2752 2871
1637 3466 2871
1393 3466 2871
930 3466 2871
2300 3466 2871
3466 4300 2871
3466 4897 2871
4010 3466 2871
3466 158 2871
3466 4866 2871
4831 3466 2871
4081 3466 2871
3466 870 2871
3466 2395 2871
2238 3466 2871
3466 3977 2871
3466 565 2871
3466 4880 2871
3466 2620 2871
736 3466 2871
3466 1132 2871
246 3466 2871
1273 3466 2871
3466 3932 2871
3466 4401 2871
2520 3466 2871
3903 4494 4403
882 3466 2871
3466 3020 2871
4913 3466 2871
2050 3466 2871
2960 3466 2871
3466 4786 2871
3466 333 2871
552 3466 2871
3958 3466 2871
3466 2093 2871
3466 4601 2871
3466 2854 2871
3466 405 2871
4070 3466 2871
3466 2922 2871
1989 3466 2871
674 3466 2871
1221 3466 2871
737 3466 2871
1067 3466 2871
3466 728 2871
1082 3466 2871
4611 3466 2871
3466 4604 2871
3637 3466 2871
3466 1351 2871
3466 2483 2871
3466 921 2871
3466 1425 2871
2297 3466 2871
3466 2853 2871
3466 1971 2871
886 3466 2871
3466 4491 2871
1715 3466 2871
2876 3466 2871
48 3466 2871
3466 1150 2871
4963 3466 2871
3466 421 2871
3466 3976 2871
1619 3466 2871
1281 3466 2871
1180 3466 2871
3466 4277 2871
3466 3462 2871
3466 384 2871
3466 4572 2871
191 3466 2871
3466 1454 2871
3466 697 2871
3466 2664 2871
1992 3466 2871
3466 3594 2871
3466 4235 2871
3466 4198 2871
3466 2891 2871
3466 3238 2871
4246 3466 2871
2514 3466 2871
3466 849 2871
2118 3466 2871
3410 3466 2871
2372 3466 2871
3466 1841 2871
665 3466 2871
3466 1693 2871
3418 3466 2871
3466 4875 2871
3466 2635 2871
1697 3466 2871
3466 4289 2871
3945 3466 2871
3466 4790 2871
3466 2104 2871
831 3466 2871
3466 3453 2871
3466 2660 2871
1383 3466 2871
3466 4753 2871
3466 538 2871
3466 2937 2871
3466 823 2871
719 3466 2871
4610 3466 2871
3466 339 2871
3466 1196 2871
3898 3466 2871
3466 916 2871
1285 3466 2871
3466 2088 2871
3466 4700 2871
3466 393 2871
3466 4902 2871
3466 1664 2871
430 3466 2871
3466 144 2871
4437 3466 2871
3466 1380 2871
3466 4966 2871
3466 4476 2871
3466 589 2871
3466 4221 2871
3466 3241 2871
1887 3466 2871
3466 939 2871
3466 750 2871
3835 3466 2871
4129 3466 2871
3466 1033 2871
3466 3064 2871
2428 3466 2871
3633 3466 2871
3051 3466 2871
4087 3466 2871
1928 3466 2871
2021 3466 2871
1482 3466 2871
23 3466 2871
4513 3466 2871
664 3466 2871
3373 3466 2871
960 3466 2871
3466 1000 2871
1902 3466 2871
663 3466 2871
3466 2466 2871
4076 3466 2871
3745 3466 2871
2074 3466 2871
2131 3466 2871
2798 3466 2871
2270 3466 2871
3466 3192 2871
3466 2872 2871
3466 1460 2871
3466 2308 2871
3466 2533 2871
3390 3466 2871
2566 3466 2871
1233 3466 2871
3466 629 2871
3466 277 2871
3466 4316 2871
1659 3466 2871
2536 3466 2871
3466 4667 2871
3184 3466 2871
4359 3466 2871
4531 3466 2871
2929 3466 2871
3466 4473 2871
478 3466 2871
3317 3466 2871
890 3466 2871
4090 3466 2871
654 3466 2871
1729 3466 2871
4961 3466 2871
3466 3902 2871
119 3466 2871
2015 3466 2871
3466 2696 2871
1268 3466 2871
715 3466 2871
3466 4868 2871
3466 3670 2871
3466 1025 2871
1447 3466 2871
4395 3466 2871
3466 4065 2871
973 3466 2871
4032 3466 2871
4501 3466 2871
633 3466 2871
3466 1819 2871
3825 3466 2871
3466 3533 2871
3466 3694 2871
2492 3466 2871
229 3466 2871
2474 3466 2871
487 3466 2871
530 3466 2871
1857 3466 2871
1725 3466 2871
3732 3466 2871
3270 3466 2871
3466 1253 2871
4802 3466 2871
2807 3466 2871
1796 3466 2871
3466 3159 2871
3466 3960 2871
3466 274 2871
1306 3466 2871
3798 3466 2871
3466 4585 2871
3466 1490 2871
3466 1913 2871
3466 3749 2871
2902 3466 2871
3466 4927 2871
3466 22 2871
3997 3466 2871
3466 4201 2871
3466 1779 2871
1517 3466 2871
796 3466 2871
3466 399 2871
4153 3466 2871
3466 1410 2871
3466 3582 2871
4508 3466 2871
3466 2031 2871
903 3466 2871
3466 642 2871
3466 1493 2871
3466 1404 2871
1203 3466 2871
3466 1582 2871
3466 912 2871
3466 3037 2871
3683 3466 2871
784 3466 2871
3466 1174 2871
2448 3466 2871
3803 3466 2871
3466 1678 2871
3466 3968 2871
3466 2735 2871
3466 1365 2871
3691 3466 2871
2328 3466 2871
3466 3704 2871
4321 3466 2871
3466 2239 2871
1075 3466 2871
3466 3391 2871
4212 3466 2871
1867 3466 2871
2680 3466 2871
3729 3466 2871
1533 3466 2871
3466 432 2871
3466 137 2871
2125 3466 2871
3466 4996 2871
813 3466 2871
247 3466 2871
3466 1875 2871
614 3466 2871
3466 116 2871
3466 227 2871
3466 4626 2871
40 3466 2871
4014 3466 2871
327 3466 2871
1606 3466 2871
1554 3466 2871
3634 3466 2871
3466 239 2871
2099 3466 2871
1638 3466 2871
3466 3844 2871
3824 3466 2871
3466 2373 2871
4055 3466 2871
3341 3466 2871
3547 3466 2871
1361 3466 2871
4827 3466 2871
3466 1261 2871
3466 3912 2871
3466 4846 2871
3466 1031 2871
3466 4117 2871
895 3466 2871
724 3466 2871
4270 3466 2871
3466 3311 2871
679 3466 2871
3466 2812 2871
2036 3466 2871
1696 3466 2871
669 3466 2871
4358 3466 2871
3466 4646 2871
3466 389 2871
3466 1098 2871
3466 2136 2871
457 3466 2871
4888 3466 2871
3466 1448 2871
4164 3466 2871
1690 3466 2871
3387 3466 2871
3466 1151 2871
1674 3466 2871
3466 4858 2871
3956 3466 2871
201 3466 2871
680 3466 2871
131 3466 2871
3466 2296 2871
3466 2310 2871
3466 4009 2871
3466 2399 2871
3466 4082 2871
213 3466 2871
3686 3466 2871
4511 3466 2871
2315 3466 2871
3466 2382 2871
1631 3466 2871
1560 3466 2871
3466 2223 2871
3466 91 2871
1018 3466 2871
3466 3525 2871
1532 3466 2871
3466 2918 2871
3466 723 2871
3319 3466 2871
4755 3466 2871
3466 2725 2871
2111 3466 2871
3466 341 2871
3466 3398 2871
1193 3466 2871
2515 3466 2871
3466 2419 2871
4836 3466 2871
3583 3466 2871
305 3466 2871
3466 111 2871
3466 4828 2871
136 3466 2871
4505 3466 2871
3466 3322 2871
3466 1338 2871
3466 3714 2871
4297 3466 2871
4885 3466 2871
3466 4989 2871
3466 1523 2871
1138 3466 2871
4445 3466 2871
3061 3466 2871
2722 3466 2871
4391 3466 2871
3466 4701 2871
3291 3466 2871
3466 1739 2871
4917 3466 2871
4695 3466 2871
3466 3773 2871
3466 988 2871
4825 3466 2871
3466 1911 2871
3466 1862 2871
2686 3466 2871
3466 661 2871
3466 4878 2871
3466 2762 2871
3923 3466 2871
3466 3523 2871
3466 1010 2871
3466 290 2871
3784 3466 2871
3466 1181 2871
4851 3466 2871
3122 3466 2871
1817 3466 2871
5000 3466 2871
383 3466 2871
3466 4664 2871
3466 3489 2871
3466 966 2871
3466 1785 2871
3208 3466 2871
3466 1614 2871
4496 3466 2871
3466 1086 2871
4370 3466 2871
3466 2951 2871
2096 3466 2871
3466 4795 2871
2831 3466 2871
3466 149 2871
3466 3153 2871
636 3466 2871
465 3466 2871
3466 26 2871
2075 3466 2871
4011 3466 2871
3466 1513 2871
858 3466 2871
3466 3167 2871
3909 3466 2871
3466 2906 2871
3466 1704 2871
3851 3466 2871
2779 3466 2871
4086 3466 2871
3466 3334 2871
4394 3466 2871
225 3466 2871
884 3466 2871
3466 1496 2871
3466 1612 2871
3466 4504 2871
3466 1558 2871
3466 1030 2871
3466 4949 2871
3440 3466 2871
1728 3466 2871
3466 4879 2871
3466 928 2871
3466 2580 2871
3577 3466 2871
3466 2510 2871
1579 3466 2871
1346 3466 2871
3466 1002 2871
3466 2617 2871
2356 3466 2871
3466 4013 2871
3466 586 2871
3466 4128 2871
4001 3466 2871
3466 1414 2871
1585 3466 2871
208 3466 2871
2463 3466 2871
3466 2834 2871
3466 3564 2871
1711 3466 2871
3466 4743 2871
4886 3466 2871
1373 3466 2871
3128 3466 2871
3466 3758 2871
3466 493 2871
3466 4396 2871
3466 54 2871
595 3466 2871
29 3466 2871
3466 4503 2871
2770 3466 2871
738 3466 2871
3466 4895 2871
3466 2641 2871
3466 1128 2871
1096 3466 2871
3466 616 2871
285 3466 2871
180 3466 2871
3466 759 2871
3104 3466 2871
3466 927 2871
3466 1594 2871
3466 1615 2871
4356 3466 2871
3466 4772 2871
39 3466 2871
3466 4883 2871
3466 4905 2871
3466 2751 2871
1967 3466 2871
3466 4997 2871
3074 3466 2871
919 3466 2871
3233 3466 2871
3600 3466 2871
3466 2114 2871
1894 3466 2871
3466 1810 2871
4653 3466 2871
3466 2275 2871
3466 4177 2871
3466 4971 2871
2338 3466 2871
4495 3466 2871
442 3466 2871
3466 2638 2871
4526 3466 2871
989 3466 2871
3466 84 2871
1770 3466 2871
3466 386 2871
3466 4835 2871
1529 3466 2871
3466 3689 2871
2210 3466 2871
3411 3466 2871
2781 3466 2871
3466 2037 2871
1455 3466 2871
1947 3466 2871
2232 3466 2871
3466 374 2871
2262 3466 2871
3466 1900 2871
3861 3466 2871
2366 3466 2871
3466 1354 2871
3466 4739 2871
3466 3043 2871
1584 3466 2871
653 3466 2871
3466 1730 2871
2278 3466 2871
4940 3466 2871
3466 502 2871
3466 2359 2871
3466 1859 2871
337 3466 2871
512 3466 2871
3466 4811 2871
3466 4938 2871
1912 3466 2871
3466 1316 2871
3466 2648 2871
3466 241 2871
3466 2494 2871
295 3466 2871
3466 1300 2871
3466 1717 2871
658 3466 2871
4900 3466 2871
3466 4527 2871
3466 915 2871
3293 3466 2871
3466 4315 2871
3466 2256 2871
2623 3466 2871
4075 3466 2871
3466 4546 2871
4617 3466 2871
768 3466 2871
4036 3466 2871
3466 1506 2871
3466 1359 2871
4422 3466 2871
3466 1282 2871
3466 745 2871
3466 2753 2871
3466 3056 2871
3466 34 2871
475 3466 2871
4597 3466 2871
3466 3973 2871
3466 1807 2871
3039 3466 2871
911 3466 2871
3466 2844 2871
3466 65 2871
3910 3466 2871
3466 3449 2871
3466 4620 2871
3466 4507 2871
3466 2557 2871
3466 4231 2871
4239 3466 2871
656 3466 2871
3466 1964 2871
220 3466 2871
3466 2358 2871
3498 3466 2871
3466 657 2871
1731 3466 2871
3134 3466 2871
3482 3466 2871
3466 2848 2871
3466 3093 2871
3113 3466 2871
3466 2857 2871
3653 3466 2871
308 3466 2871
3466 1484 2871
3466 2244 2871
3431 3466 2871
3466 233 2871
3466 1162 2871
2889 3466 2871
3466 812 2871
3218 3466 2871
4047 3466 2871
3466 2313 2871
3466 3619 2871
3466 840 2871
3466 4427 2871
3610 3466 2871
2653 3466 2871
2607 3466 2871
1692 3466 2871
2628 3466 2871
1518 3466 2871
3466 1185 2871
2137 3466 2871
3466 3127 2871
3466 3406 2871
3466 1501 2871
4185 3466 2871
740 3466 2871
3466 4839 2871
2885 3466 2871
3466 3518 2871
1262 3466 2871
3466 544 2871
346 3466 2871
3466 1465 2871
3466 977 2871
3310 3466 2871
2577 3466 2871
3466 1571 2871
3991 3466 2871
3479 3466 2871
3466 1403 2871
4152 3466 2871
3466 4213 2871
3466 4521 2871
3466 2444 2871
1860 3466 2871
3466 2816 2871
3466 4016 2871
485 3466 2871
4326 3466 2871
4821 3466 2871
3466 905 2871
3466 4906 2871
2473 3466 2871
4898 3466 2871
3466 800 2871
3466 3108 2871
3466 3062 2871
2800 3466 2871
3466 940 2871
1806 3466 2871
3466 3889 2871
4260 3466 2871
463 3466 2871
3466 4247 2871
3466 3930 2871
3466 3424 2871
3466 3289 2871
2386 3466 2871
3466 4771 2871
3466 1332 2871
3807 3466 2871
3466 2506 2871
3466 1910 2871
2769 3466 2871
3466 1343 2871
3466 2926 2871
3472 3466 2871
3466 1935 2871
3466 2774 2871
3466 2535 2871
3466 1226 2871
3466 31 2871
3466 2220 2871
4972 3466 2871
3466 2133 2871
3252 3466 2871
3466 248 2871
3466 795 2871
3466 175 2871
314 3466 2871
4657 3466 2871
3771 3466 2871
3466 2934 2871
422 3466 2871
2550 3466 2871
3466 4732 2871
3466 710 2871
2989 3466 2871
3466 1851 2871
3318 3466 2871
3466 1060 2871
3466 1016 2871
3031 3466 2871
1608 3466 2871
3466 1099 2871
3466 170 2871
1689 3466 2871
2757 3466 2871
667 3466 2871
4171 3466 2871
3466 1600 2871
3466 3913 2871
3466 2439 2871
3728 3466 2871
1793 3466 2871
4320 3466 2871
3466 1013 2871
3466 1826 2871
4716 3466 2871
4463 3466 2871
4547 3466 2871
1077 3466 2871
3466 2351 2871
4254 3466 2871
3466 2546 2871
3466 4607 2871
3466 1017 2871
3466 3082 2871
3466 3287 2871
3466 3875 2871
3466 3740 2871
3466 1986 2871
214 3466 2871
3466 1984 2871
3466 4043 2871
3466 2814 2871
3466 1668 2871
3466 1966 2871
3466 4760 2871
2094 3466 2871
4933 3466 2871
1015 3466 2871
3466 1896 2871
3466 232 2871
4251 3466 2871
3466 1260 2871
3466 804 2871
4425 3466 2871
2233 3466 2871
3466 4778 2871
3905 3466 2871
3466 1563 2871
134 3466 2871
4586 3466 2871
3466 13 2871
1005 3466 2871
2865 3466 2871
3782 3466 2871
1142 3466 2871
3466 3120 2871
2171 3466 2871
532 3466 2871
1688 3466 2871
1951 3466 2871
946 3466 2871
3466 235 2871
1411 3466 2871
3436 3466 2871
3466 2804 2871
3466 2221 2871
2341 3466 2871
3466 1934 2871
3466 2787 2871
3466 1177 2871
56 3466 2871
3466 481 2871
2532 3466 2871
3466 4424 2871
3466 2290 2871
3216 3466 2871
3488 3466 2871
3466 4869 2871
3466 284 2871
1644 3466 2871
1183 3466 2871
4051 3466 2871
1159 3466 2871
3466 3143 2871
3466 3339 2871
1094 3466 2871
3466 3726 2871
3985 3466 2871
1200 3466 2871
3640 3466 2871
3466 338 2871
3466 4472 2871
3466 3217 2871
2284 3466 2871
3466 6 2871
635 3466 2871
3466 33 2871
2697 3466 2871
3466 2003 2871
3466 398 2871
2106 3466 2871
3466 2683 2871
3466 3024 2871
4882 3466 2871
1247 3466 2871
1058 3466 2871
3466 464 2871
3466 3342 2871
3466 839 2871
3466 1503 2871
198 3466 2871
3466 546 2871
3397 3466 2871
1625 3466 2871
3466 1908 2871
3466 4093 2871
3466 2489 2871
3931 3466 2871
3466 2634 2871
1732 3466 2871
3466 2571 2871
3466 748 2871
3466 3811 2871
4683 3466 2871
4583 3466 2871
3466 1778 2871
3466 4408 2871
3466 2364 2871
3466 1405 2871
643 3466 2871
3466 4338 2871
14 3466 2871
3466 2387 2871
3466 3392 2871
1883 3466 2871
4654 3466 2871
3466 2107 2871
1256 3466 2871
3466 1287 2871
147 3466 2871
1470 3466 2871
299 3466 2871
4609 3466 2871
361 3466 2871
4092 3466 2871
3548 3466 2871
3466 4263 2871
3466 3620 2871
3466 744 2871
3466 4639 2871
2728 3466 2871
1748 3466 2871
929 3466 2871
3466 2692 2871
2113 3466 2871
3466 4353 2871
1636 3466 2871
4749 3466 2871
3677 3466 2871
3466 164 2871
2437 3466 2871
508 3466 2871
1755 3466 2871
2830 3466 2871
3466 2205 2871
887 3466 2871
3964 3466 2871
720 3466 2871
3466 1092 2871
3466 549 2871
3466 242 2871
2014 3466 2871
2209 3466 2871
4983 3466 2871
4536 3466 2871
3466 2729 2871
2582 3466 2871
987 3466 2871
3466 3025 2871
3308 3466 2871
4407 3466 2871
3466 3558 2871
58 3466 2871
3466 2933 2871
3466 764 2871
923 3466 2871
3466 3528 2871
3466 4248 2871
2219 3466 2871
1418 3466 2871
3320 3466 2871
526 3466 2871
3466 2417 2871
1941 3466 2871
2087 3466 2871
3466 342 2871
3466 4798 2871
482 3466 2871
3466 4570 2871
3029 3466 2871
3466 2248 2871
4563 3466 2871
224 3466 2871
3598 3466 2871
4172 3466 2871
189 3466 2871
1974 3466 2871
3466 2832 2871
3597 3466 2871
885 3466 2871
3466 1898 2871
3466 4592 2871
1790 3466 2871
3140 3466 2871
3466 2452 2871
3466 2579 2871
594 3466 2871
3466 3656 2871
1206 3466 2871
3466 1369 2871
1783 3466 2871
1905 3466 2871
2783 3466 2871
1987 3466 2871
4538 3466 2871
3466 2147 2871
275 3466 2871
3466 2242 2871
3329 3466 2871
3466 4631 2871
2204 3466 2871
3466 2530 2871
2941 3466 2871
3466 1475 2871
3466 1434 2871
3466 644 2871
3466 4139 2871
2542 3466 2871
3466 1852 2871
1389 3466 2871
3466 226 2871
3466 1468 2871
3466 2799 2871
3466 488 2871
2887 3466 2871
1562 3466 2871
3466 2508 2871
3466 3576 2871
3466 2866 2871
4870 3466 2871
3466 4170 2871
824 3466 2871
3258 3466 2871
3466 3445 2871
3466 770 2871
3466 2689 2871
3466 2883 2871
4108 3466 2871
3466 1661 2871
1776 3466 2871
3466 2687 2871
3466 480 2871
3466 4766 2871
3466 3641 2871
3466 11 2871
182 3466 2871
3466 168 2871
3466 4040 2871
3466 4062 2871
547 3466 2871
1962 3466 2871
3466 1368 2871
1238 3466 2871
3466 2433 2871
3466 3639 2871
2109 3466 2871
3466 2326 2871
3466 4648 2871
3466 527 2871
3833 3466 2871
601 3466 2871
3466 3601 2871
3543 3466 2871
1876 3466 2871
3654 3466 2871
2694 3466 2871
3466 1041 2871
3466 1452 2871
3466 1879 2871
3466 1712 2871
1877 3466 2871
3466 2201 2871
3466 1009 2871
3466 3550 2871
3466 1828 2871
3466 3174 2871
2597 3466 2871
4867 3466 2871
3466 4801 2871
3466 3685 2871
3466 1110 2871
3361 3466 2871
3567 3466 2871
3466 1914 2871
3466 603 2871
3466 1500 2871
3466 2678 2871
3466 2331 2871
3466 4660 2871
3466 4432 2871
3848 3466 2871
2425 3466 2871
3460 3466 2871
3466 3879 2871
3466 4234 2871
3466 3352 2871
3466 309 2871
2886 3466 2871
3466 1438 2871
3814 3466 2871
2185 3466 2871
3173 3466 2871
3466 1327 2871
3466 3295 2871
3466 231 2871
3466 509 2871
2319 3466 2871
3466 176 2871
3466 931 2871
2610 3466 2871
3466 1428 2871
3752 3466 2871
3466 864 2871
2974 3466 2871
4724 3466 2871
4520 3466 2871
3466 3828 2871
316 3466 2871
3549 3466 2871
2215 3466 2871
708 3466 2871
3846 3466 2871
1310 3466 2871
3466 256 2871
932 3466 2871
4144 3466 2871
3080 3466 2871
3466 358 2871
2103 3466 2871
3466 2545 2871
2647 3466 2871
4635 3466 2871
2643 3466 2871
3466 2749 2871
3667 3466 2871
3756 3466 2871
1146 3466 2871
3075 3466 2871
3466 1738 2871
1047 3466 2871
2368 3466 2871
3466 2691 2871
4733 3466 2871
4278 3466 2871
3466 4110 2871
3466 3818 2871
4346 3466 2871
3466 3250 2871
3466 1945 2871
3466 16 2871
